1 0.291015625 0.65234375 0.01015625 0.0578125
1 0.3 0.6625 0.0109375 0.090625
1 0.313671875 0.65625 0.02734375 0.13125
4 0.321484375 0.68984375 0.01171875 0.0359375
1 0.356640625 0.67578125 0.01484375 0.0828125
1 0.3359375 0.66328125 0.021875 0.1140625
1 0.425 0.66875 0.025 0.1375
1 0.6640625 0.65546875 0.0078125 0.0390625
1 0.66015625 0.66640625 0.015625 0.0421875
1 0.70078125 0.6859375 0.01875 0.084375
3 0.2640625 0.72890625 0.1046875 0.2546875
3 0.189453125 0.68359375 0.02578125 0.0578125
3 0.157421875 0.7015625 0.09921875 0.196875
3 0.053515625 0.71953125 0.08828125 0.2921875
3 0.2578125 0.834375 0.11875 0.46875
1 0.719140625 0.66640625 0.01484375 0.0390625
1 0.754296875 0.66640625 0.01796875 0.0203125
1 1 0.75859375 0.04921875 0.4296875
1 1 0.7609375 0.07109375 0.43125
1 1 0.7796875 0.07265625 0.421875
1 1 0.77890625 0.08984375 0.4421875
0 0.376171875 0.57265625 0.01171875 0.0265625
0 0.6453125 0.2390625 0.0484375 0.090625
0 1 0.62578125 0.04765625 0.1734375
