1 0.94296875 0.65078125 0.009375 0.0171875
1 1 0.66328125 0.0171875 0.1078125
1 1 0.67421875 0.01875 0.1328125
1 1 0.67890625 0.0140625 0.1265625
1 1 0.69609375 0.03515625 0.1734375
1 1 0.69296875 0.0296875 0.1765625
1 1 0.6453125 0.01328125 0.028125
1 0.72890625 0.659375 0.015625 0.025
1 0.48203125 0.6734375 0.015625 0.05
1 1 0.65390625 0.01484375 0.0390625
1 0.45859375 0.67421875 0.028125 0.1015625
1 0.39609375 0.68203125 0.034375 0.0953125
1 0.336328125 0.72265625 0.03359375 0.1578125
1 1 0.6421875 0.00546875 0.046875
1 0.1515625 0.7109375 0.0421875 0.221875
1 0.84765625 0.78515625 0.0421875 0.2671875
1 0.627734375 0.66796875 0.02109375 0.0484375
1 0.809765625 0.775 0.03984375 0.26875
1 1 0.65 0.0171875 0.0875
1 0.158203125 0.72578125 0.05546875 0.2703125
0 0.7140625 0.646875 0.0078125 0.028125
0 0.70625 0.659375 0.0078125 0.0125
0 0.748828125 0.65078125 0.01171875 0.0296875
0 0.92890625 0.63984375 0.0109375 0.0328125
0 0.944921875 0.64296875 0.01484375 0.0296875
0 0.9671875 0.640625 0.0078125 0.021875
0 1 0.628125 0.0125 0.040625
5 0 0 0 0
