1 0.41953125 0.709375 0.015625 0.096875
1 0.40546875 0.71015625 0.0125 0.0890625
1 0.390234375 0.71171875 0.01484375 0.0890625
1 0.850390625 0.659375 0.01015625 0.021875
1 0.88984375 0.646875 0.0203125 0.034375
1 1 0.62421875 0.02109375 0.0390625
1 1 0.62890625 0.01796875 0.0328125
1 1 0.60859375 0.03203125 0.0828125
1 0.203515625 0.7359375 0.02109375 0.1
1 0.096875 0.7140625 0.0046875 0.028125
1 0.079296875 0.72109375 0.00703125 0.0453125
1 0.376171875 0.725 0.02578125 0.134375
1 0.50625 0.7109375 0.021875 0.11875
2 0.587109375 0.6953125 0.01171875 0.053125
2 0.1171875 0.7390625 0.0203125 0.096875
0 1 0.56796875 0.01640625 0.0265625
0 0.28828125 0.640625 0.0078125 0.025
0 0.593359375 0.6546875 0.01328125 0.028125
