1 1 0.7140625 0.03046875 0.19375
1 1 0.70703125 0.0390625 0.2046875
1 0.99140625 0.70390625 0.01875 0.1109375
1 0.770703125 0.703125 0.00859375 0.046875
1 0.13125 0.74140625 0.025 0.1234375
1 0.79453125 0.70703125 0.0078125 0.0421875
1 0.30234375 0.73515625 0.0125 0.0703125
1 0.286328125 0.73828125 0.01484375 0.0734375
1 0.417578125 0.7265625 0.01015625 0.06875
1 0.428515625 0.7265625 0.01171875 0.06875
2 0.61484375 0.7078125 0.01875 0.103125
0 1 0.45 0.01171875 0.05
0 1 0.70234375 0.0203125 0.1203125
0 0.92265625 0.45234375 0.00625 0.0265625
0 0.931640625 0.6078125 0.00390625 0.0125
0 1.0 0.60390625 0.003125 0.0140625
0 0.1734375 0.515625 0.0046875 0.01875
0 0.21171875 0.53671875 0.003125 0.0140625
0 0.49375 0.6375 0.021875 0.0375
0 0.67578125 0.671875 0.0078125 0.025
0 0.483203125 0.69453125 0.00703125 0.0203125
