1 1 0.50234375 0.01875 0.0921875
1 1 0.59609375 0.00546875 0.0859375
1 1 0.60078125 0.0109375 0.0828125
1 1 0.58125 0.02265625 0.146875
1 0.23984375 0.67734375 0.01875 0.1140625
1 0.812890625 0.64140625 0.01328125 0.0609375
0 0.175 0.490625 0.01875 0.08125
0 0.799609375 0.58671875 0.00859375 0.0453125
0 0.790625 0.60078125 0.0078125 0.0234375
0 0.728125 0.5984375 0.0109375 0.040625
0 0.826953125 0.59765625 0.00703125 0.0171875
0 0.487109375 0.5859375 0.03828125 0.0625
0 0.91953125 0.64296875 0.034375 0.0328125
0 1 0.640625 0.04375 0.0625
0 1 0.3734375 0.0109375 0.01875
