1 0.944140625 0.7109375 0.02109375 0.13125
1 0.957421875 0.709375 0.01953125 0.14375
1 0.9015625 0.703125 0.009375 0.134375
1 0.91171875 0.69921875 0.025 0.1546875
1 0.8875 0.703125 0.021875 0.13125
1 0.8484375 0.70078125 0.0234375 0.1359375
1 0.546875 0.69375 0.009375 0.0625
1 0.536328125 0.6984375 0.01171875 0.05
1 0.731640625 0.70234375 0.01484375 0.1015625
2 0.203125 0.69453125 0.0609375 0.2953125
0 0.02890625 0.646875 0.028125 0.059375
0 0.676953125 0.621875 0.00546875 0.009375
0 0.34140625 0.6609375 0.0109375 0.015625
0 0.501171875 0.6703125 0.01015625 0.01875
