1 1 0.6546875 0.01171875 0.0625
1 0.9375 0.675 0.009375 0.05625
1 0.94296875 0.678125 0.0109375 0.053125
1 0.91875 0.6765625 0.009375 0.05625
1 0.868359375 0.671875 0.01484375 0.0875
1 0.848828125 0.67421875 0.01328125 0.0734375
1 0.8078125 0.66015625 0.0125 0.0578125
1 0.127734375 0.6640625 0.03515625 0.084375
1 0.172265625 0.6328125 0.02265625 0.046875
2 0.788671875 0.678125 0.02890625 0.15
0 0.522265625 0.4 0.00703125 0.0625
0 0.5625 0.4171875 0.0140625 0.065625
0 0.543359375 0.40859375 0.01171875 0.0671875
0 0.921484375 0.5359375 0.01953125 0.028125
