1 0.31875 0.64140625 0.0109375 0.0515625
1 0.385546875 0.625 0.02890625 0.0875
1 0.41171875 0.67578125 0.0671875 0.1921875
1 0.356640625 0.69765625 0.05234375 0.2203125
1 0.246875 0.68515625 0.0234375 0.0546875
1 0.262890625 0.678125 0.02734375 0.053125
1 0.30078125 0.70546875 0.06875 0.2171875
1 0.516796875 0.74296875 0.04296875 0.3359375
1 0.603515625 0.70859375 0.02578125 0.1203125
1 0.09921875 0.6765625 0.0140625 0.034375
1 0.108984375 0.6796875 0.01484375 0.021875
1 0.166796875 0.66015625 0.06015625 0.1359375
1 0.07109375 0.671875 0.0546875 0.115625
3 0.637890625 0.73125 0.03515625 0.059375
1 0.883984375 0.68125 0.01328125 0.0625
1 0.86484375 0.6984375 0.034375 0.125
1 0.89375 0.69140625 0.01875 0.0953125
1 0.942578125 0.73046875 0.03359375 0.2140625
1 0.995703125 0.74921875 0.04921875 0.3140625
1 1 0.74921875 0.04296875 0.3234375
1 1 0.76015625 0.06171875 0.2984375
1 1 0.775 0.0515625 0.296875
1 1 0.740625 0.040625 0.2375
1 0.576171875 0.74453125 0.05078125 0.3359375
1 1 0.74921875 0.03046875 0.3546875
1 0.77734375 0.78203125 0.0734375 0.4453125
1 0.916796875 0.7703125 0.05234375 0.296875
1 0.053515625 0.665625 0.01953125 0.034375
1 0.489453125 0.73828125 0.04453125 0.2765625
1 0.557421875 0.7484375 0.06953125 0.346875
0 1 0.22890625 0.065625 0.1859375
0 1 0.603125 0.01484375 0.04375
0 1 0.66484375 0.01484375 0.0234375
0 0.966015625 0.6515625 0.01171875 0.05
0 1 0.68671875 0.021875 0.1390625
0 0.81171875 0.65625 0.0140625 0.040625
5 0 0 0 0
5 0 0 0 0
5 0 0 0 0
5 0 0 0 0
5 0 0 0 0
5 0 0 0 0
