1 0.519140625 0.6328125 0.00546875 0.009375
1 0.506640625 0.653125 0.01015625 0.059375
1 0.514453125 0.65546875 0.01171875 0.0515625
1 0.48046875 0.66796875 0.015625 0.0734375
1 0.444921875 0.684375 0.01640625 0.078125
1 0.315625 0.71484375 0.015625 0.2046875
1 0.339453125 0.725 0.02109375 0.178125
1 0.01015625 0.6953125 0.009375 0.040625
1 0.808203125 0.65234375 0.01328125 0.0359375
1 1 0.71875 0.025 0.2
1 0.525 0.64609375 0.009375 0.0359375
2 0.73828125 0.7046875 0.021875 0.1125
0 0.349609375 0.58359375 0.00703125 0.0171875
0 0.145703125 0.6640625 0.01640625 0.090625
0 1 0.5859375 0.00625 0.021875
0 1 0.6609375 0.00703125 0.090625
0 1 0.66875 0.0078125 0.06875
0 0.805078125 0.621875 0.00703125 0.01875
0 0.612890625 0.6109375 0.00703125 0.01875
5 0 0 0 0
5 0 0 0 0
