1 0.7671875 0.75 0.015625 0.1
1 0.826171875 0.746875 0.01640625 0.1125
1 0.812109375 0.7421875 0.01796875 0.121875
1 0.79609375 0.73828125 0.025 0.1484375
3 0.880859375 0.753125 0.01328125 0.1
3 0.89609375 0.75390625 0.0234375 0.1015625
1 0.91875 0.725 0.0328125 0.16875
1 0.855078125 0.75078125 0.01484375 0.1046875
1 0.859765625 0.753125 0.01796875 0.103125
1 0.83984375 0.74375 0.025 0.121875
1 0.7421875 0.740625 0.0296875 0.146875
1 0.972265625 0.7234375 0.02578125 0.190625
1 0.99296875 0.7546875 0.053125 0.259375
1 1 0.71171875 0.028125 0.2015625
1 1 0.7515625 0.04609375 0.2625
3 1 0.78828125 0.04453125 0.0546875
1 1 0.7390625 0.05 0.2875
1 1 0.78203125 0.11953125 0.6234375
1 1 0.78515625 0.103125 0.5890625
1 0.462109375 0.7421875 0.01484375 0.08125
1 0.481640625 0.746875 0.01171875 0.075
1 0.490625 0.7578125 0.0078125 0.05625
1 0.501953125 0.7234375 0.03515625 0.196875
1 0.52890625 0.71796875 0.0203125 0.1609375
1 0.545703125 0.71015625 0.03359375 0.1796875
1 0.562109375 0.746875 0.01796875 0.090625
1 0.576171875 0.7421875 0.01328125 0.11875
2 0.6625 0.70390625 0.0390625 0.2015625
2 0.61875 0.71015625 0.059375 0.2890625
0 0.687109375 0.66171875 0.00859375 0.0234375
0 1 0.70078125 0.025 0.1859375
0 0.775 0.715625 0.0078125 0.03125
0 0.033984375 0.7109375 0.02421875 0.3875
5 0 0 0 0
5 0 0 0 0
5 0 0 0 0
