1 1 0.7125 0.0109375 0.028125
1 0.989453125 0.72109375 0.01953125 0.0421875
1 0.727734375 0.78125 0.02578125 0.15
1 0.7984375 0.7796875 0.0234375 0.15
1 0.825 0.7890625 0.0296875 0.14375
1 1 0.77578125 0.03046875 0.1703125
1 1 0.77421875 0.0296875 0.1796875
1 1 0.76484375 0.0328125 0.1953125
1 1 0.7140625 0.00859375 0.046875
1 1 0.6984375 0.0046875 0.028125
1 1 0.70078125 0.00390625 0.0234375
1 0.9234375 0.84609375 0.09375 0.4828125
1 0.946484375 0.84375 0.10703125 0.51875
1 0.27421875 0.8109375 0.0703125 0.584375
1 0.3546875 0.8390625 0.121875 0.59375
1 0.34375 0.8609375 0.109375 0.68125
1 0.063671875 0.7765625 0.01484375 0.146875
1 0.08828125 0.7671875 0.01875 0.171875
1 0.04375 0.83203125 0.0765625 0.7859375
1 0.79453125 0.78046875 0.0203125 0.1578125
2 0.407421875 0.915625 0.08671875 0.421875
0 0.698828125 0.459375 0.01015625 0.0375
0 0.7265625 0.4625 0.009375 0.034375
0 0.667578125 0.45078125 0.00546875 0.0390625
0 0.67734375 0.45859375 0.00625 0.0421875
0 0.74609375 0.71875 0.0109375 0.084375
0 0.550390625 0.55234375 0.01171875 0.0578125
0 0.06875 0.6734375 0.0265625 0.059375
0 0.111328125 0.73671875 0.03984375 0.1453125
0 0.43828125 0.5453125 0.00625 0.021875
1 0.07578125 0.7703125 0.0234375 0.175
