1 1 0.6625 0.0140625 0.06875
1 1 0.628125 0.0109375 0.040625
3 1 0.66640625 0.02734375 0.0671875
1 1 0.640625 0.01953125 0.096875
1 1 0.61015625 0.0078125 0.0390625
1 1 0.6328125 0.01484375 0.103125
1 1 0.6421875 0.01875 0.103125
1 1 0.63984375 0.0125 0.1046875
1 1 0.6421875 0.02265625 0.10625
1 1 0.6546875 0.0296875 0.146875
1 1 0.65703125 0.01953125 0.1390625
1 1 0.6625 0.02890625 0.140625
1 1 0.66328125 0.028125 0.1421875
1 0.773828125 0.678125 0.03046875 0.215625
1 0.787109375 0.67734375 0.01796875 0.2046875
1 0.815234375 0.6734375 0.03359375 0.2125
1 0.805859375 0.68203125 0.03984375 0.2109375
1 0.600390625 0.7265625 0.03359375 0.328125
1 0.6421875 0.725 0.0640625 0.396875
1 0.56171875 0.7390625 0.0703125 0.36875
1 0.450390625 0.93203125 0.06328125 0.0296875
1 0.36015625 0.7890625 0.0984375 0.48125
4 1 0.68125 0.0109375 0.10625
1 1 0.65234375 0.0265625 0.2015625
1 1 0.71328125 0.08203125 0.4578125
0 0.4578125 0.5140625 0.0328125 0.09375
0 1 0.71328125 0.1015625 0.2515625
0 0.914453125 0.6453125 0.01640625 0.04375
