1 0.868359375 0.6625 0.01015625 0.059375
1 0.887109375 0.68984375 0.01328125 0.0828125
1 0.894140625 0.6921875 0.01328125 0.0875
1 0.908984375 0.67109375 0.01015625 0.0546875
1 0.962890625 0.67265625 0.01171875 0.0578125
1 0.98828125 0.69453125 0.015625 0.0890625
1 1 0.7015625 0.0265625 0.140625
1 0.698046875 0.65625 0.02734375 0.084375
1 0.66328125 0.67421875 0.028125 0.0890625
1 0.637890625 0.66875 0.02421875 0.078125
1 0.839453125 0.72265625 0.01953125 0.0765625
1 0.115234375 0.70703125 0.07578125 0.3703125
0 0.329296875 0.4640625 0.03203125 0.09375
0 1 0.62734375 0.1046875 0.2765625
