1 0.103125 0.74921875 0.0078125 0.0359375
1 1 0.665625 0.01640625 0.0625
1 0.825390625 0.6640625 0.01328125 0.05625
1 0.9796875 0.65 0.0109375 0.13125
3 0.039453125 0.746875 0.01796875 0.059375
1 0.059765625 0.7328125 0.01484375 0.084375
1 0.0703125 0.7265625 0.015625 0.090625
1 0.153125 0.72265625 0.0171875 0.0828125
1 0.697265625 0.70625 0.01015625 0.05625
3 0.755859375 0.6828125 0.01171875 0.053125
1 0.764453125 0.68828125 0.01484375 0.0796875
1 0.783203125 0.6921875 0.01796875 0.109375
1 0.816015625 0.69921875 0.01171875 0.0671875
1 0.80625 0.671875 0.025 0.146875
1 0.79921875 0.67890625 0.0234375 0.1359375
1 0.8453125 0.6703125 0.025 0.134375
1 0.886328125 0.61484375 0.01015625 0.0328125
1 0.8796875 0.67421875 0.0265625 0.1453125
3 1 0.5953125 0.01328125 0.04375
3 1 0.646875 0.01953125 0.103125
1 1 0.66171875 0.053125 0.2546875
1 0.927734375 0.603125 0.00703125 0.025
1 0.9359375 0.64921875 0.0171875 0.1078125
1 0.921484375 0.67109375 0.02421875 0.1703125
1 0.967578125 0.6546875 0.02890625 0.178125
1 0.95 0.67265625 0.028125 0.1578125
0 0.896484375 0.60234375 0.01015625 0.0203125
0 0.850390625 0.671875 0.02734375 0.13125
