1 0.696875 0.5671875 0.0109375 0.0875
1 0.687890625 0.575 0.01640625 0.09375
1 0.469921875 0.5734375 0.01953125 0.0625
1 0.440234375 0.55859375 0.02109375 0.0328125
1 0.33828125 0.6078125 0.028125 0.1375
1 0.30703125 0.60703125 0.025 0.0984375
1 0.1734375 0.6046875 0.0359375 0.19375
1 0.063671875 0.67890625 0.06328125 0.3421875
1 0.125390625 0.58671875 0.07421875 0.2640625
1 0.235546875 0.79453125 0.14453125 0.7046875
1 0.40234375 0.80546875 0.13125 0.6609375
1 0.530078125 0.7640625 0.13203125 0.640625
