1 0.30390625 0.62890625 0.0078125 0.0515625
1 0.76875 0.6609375 0.00625 0.01875
1 0.463671875 0.6703125 0.02734375 0.134375
1 0.26484375 0.603125 0.0078125 0.01875
1 0.276953125 0.62109375 0.01796875 0.0640625
1 0.296875 0.6515625 0.015625 0.096875
1 0.337890625 0.640625 0.02421875 0.1
1 0.37734375 0.62265625 0.0234375 0.0859375
1 0.4109375 0.6578125 0.03125 0.15
0 1 0.3296875 0.0109375 0.028125
0 1 0.57421875 0.01015625 0.0296875
0 1 0.52734375 0.003125 0.0140625
0 0.187109375 0.4890625 0.00546875 0.025
0 0.441796875 0.64609375 0.00703125 0.0265625
0 0.5171875 0.5671875 0.0078125 0.021875
0 0.55078125 0.6453125 0.0078125 0.009375
