3 0.340234375 0.6640625 0.03359375 0.084375
3 0.225390625 0.69140625 0.05078125 0.1171875
3 0.29140625 0.6765625 0.0328125 0.10625
3 0.27578125 0.68515625 0.0484375 0.1078125
3 0.396484375 0.6796875 0.02578125 0.103125
3 0.4015625 0.728125 0.053125 0.19375
3 0.3796875 0.725 0.071875 0.18125
3 0.415234375 0.66796875 0.03515625 0.0734375
3 0.4828125 0.690625 0.0375 0.159375
3 0.472265625 0.69765625 0.03515625 0.1421875
4 1 0.53671875 0.00859375 0.0234375
1 1 0.65546875 0.0515625 0.2421875
4 0.932421875 0.59453125 0.00546875 0.0203125
2 0.850390625 0.64296875 0.02421875 0.1140625
0 0.402734375 0.26640625 0.01953125 0.1359375
0 0.667578125 0.58515625 0.01484375 0.0359375
0 1 0.6234375 0.01953125 0.109375
