1 0.11484375 0.703125 0.0234375 0.11875
1 1 0.6703125 0.01953125 0.14375
1 1 0.72578125 0.08828125 0.5484375
1 1 0.65703125 0.05625 0.3984375
1 1 0.7921875 0.16015625 0.878125
1 1 0.7375 0.0890625 0.565625
1 1 0.76015625 0.059375 0.5453125
1 1 0.76796875 0.1375 0.7328125
1 1 0.7578125 0.1234375 0.603125
1 0.885546875 0.7546875 0.10703125 0.521875
1 0.78828125 0.79296875 0.1046875 0.6140625
1 0.6421875 0.79375 0.1078125 0.525
4 1 0.9046875 0.0484375 0.071875
2 1 0.69140625 0.0875 0.4078125
0 0.04453125 0.47734375 0.04375 0.3109375
0 0.40625 0.6703125 0.0078125 0.03125
