1 0.06796875 0.671875 0.0140625 0.053125
1 0.083203125 0.709375 0.02265625 0.109375
1 0.05390625 0.71015625 0.025 0.1453125
1 0.098828125 0.70703125 0.01484375 0.1171875
1 0.167578125 0.70390625 0.02109375 0.1015625
1 0.1359375 0.69921875 0.0203125 0.1234375
1 0.190625 0.70859375 0.0234375 0.1265625
1 0.284375 0.7078125 0.0203125 0.10625
1 0.4875 0.69296875 0.009375 0.0609375
1 1 0.678125 0.04296875 0.2125
2 0.359375 0.71875 0.015625 0.071875
2 0.39140625 0.6953125 0.0203125 0.096875
0 0.9703125 0.57890625 0.009375 0.0328125
0 0.86875 0.58984375 0.009375 0.0140625
5 0 0 0 0
