1 0.682421875 0.6203125 0.01171875 0.025
1 1 0.74609375 0.0859375 0.4265625
1 0.579296875 0.67734375 0.01171875 0.0328125
1 0.52265625 0.69765625 0.015625 0.0734375
1 0.494140625 0.67578125 0.03359375 0.1765625
1 0.460546875 0.67265625 0.03515625 0.1671875
1 0.113671875 0.65546875 0.01640625 0.0953125
1 0.765625 0.6734375 0.0078125 0.021875
1 0.77578125 0.6859375 0.0078125 0.03125
1 0.9171875 0.7 0.0109375 0.065625
4 0.9140625 0.70234375 0.0125 0.0984375
0 0.8390625 0.6625 0.0546875 0.2
0 0.0484375 0.63828125 0.00625 0.1046875
