2 0.69296875 0.6515625 0.0171875 0.078125
2 0.4015625 0.65859375 0.0125 0.0609375
2 0.773828125 0.67421875 0.03203125 0.1546875
2 0.977734375 0.65078125 0.04921875 0.2421875
0 0.653515625 0.109375 0.01171875 0.021875
0 0.465625 0.25 0.0078125 0.028125
0 0.868359375 0.46484375 0.01015625 0.0546875
0 1 0.5546875 0.0328125 0.28125
0 1 0.5453125 0.01875 0.321875
0 1 0.58046875 0.0328125 0.2265625
0 1 0.57578125 0.0265625 0.2078125
0 1 0.61484375 0.0171875 0.0984375
0 1 0.63828125 0.01484375 0.0640625
0 0.281640625 0.5375 0.01015625 0.03125
0 0.456640625 0.6515625 0.00390625 0.0125
