1 0.4734375 0.67578125 0.0109375 0.0234375
1 0.524609375 0.6921875 0.01171875 0.0625
1 1 0.64921875 0.0140625 0.0796875
1 0.9640625 0.65859375 0.0109375 0.0578125
2 0.208984375 0.6890625 0.01953125 0.090625
2 0.453125 0.68828125 0.0125 0.0609375
2 0.50703125 0.68515625 0.0109375 0.0421875
0 0.61875 0.6890625 0.0171875 0.053125
0 0.9359375 0.66953125 0.0078125 0.0421875
0 0.919921875 0.66796875 0.01015625 0.0453125
0 1 0.6328125 0.02578125 0.1
0 1 0.47421875 0.025 0.1390625
5 0 0 0 0
5 0 0 0 0
5 0 0 0 0
5 0 0 0 0
