1 0.540234375 0.6875 0.00703125 0.021875
1 0.508203125 0.6828125 0.01171875 0.025
1 0.351171875 0.69765625 0.00859375 0.0296875
1 0.341796875 0.69921875 0.00546875 0.0296875
1 0.324609375 0.69609375 0.01171875 0.0390625
1 0.31171875 0.69765625 0.0109375 0.0484375
1 0.259765625 0.69609375 0.00859375 0.0546875
1 0.24921875 0.690625 0.0125 0.05
1 0.266796875 0.69375 0.01328125 0.05625
1 0.105859375 0.68671875 0.01171875 0.0640625
1 0.117578125 0.684375 0.01484375 0.06875
1 0.09609375 0.6828125 0.0078125 0.08125
1 0.084375 0.684375 0.0125 0.078125
0 1 0.7328125 0.03359375 0.075
