1 0.070703125 0.7140625 0.01640625 0.084375
1 0.168359375 0.7078125 0.00703125 0.065625
1 0.180859375 0.71171875 0.00703125 0.0640625
3 0.331640625 0.80078125 0.03203125 0.1078125
1 0.421875 0.6515625 0.0171875 0.11875
1 0.220703125 0.7375 0.04140625 0.225
1 0.521875 0.6765625 0.0171875 0.05625
1 0.892578125 0.69921875 0.02421875 0.1171875
1 0.241015625 0.71953125 0.01328125 0.0984375
0 0.7421875 0.33203125 0.0390625 0.1078125
0 1 0.4296875 0.01171875 0.028125
0 0.342578125 0.7390625 0.04765625 0.215625
0 0.712109375 0.69140625 0.01484375 0.0234375
0 0.728515625 0.5703125 0.01484375 0.028125
5 0 0 0 0
5 0 0 0 0
5 0 0 0 0
5 0 0 0 0
