1 0.94609375 0.6546875 0.0140625 0.1125
1 0.936328125 0.65859375 0.02265625 0.1078125
1 1 0.64375 0.01953125 0.1125
1 1 0.646875 0.0359375 0.175
1 1 0.671875 0.0546875 0.28125
1 1 0.671875 0.08359375 0.40625
1 0.015625 0.7 0.0203125 0.203125
1 0.14921875 0.69609375 0.0203125 0.1484375
1 0.165625 0.6890625 0.028125 0.159375
1 0.246484375 0.70625 0.04609375 0.26875
1 0.370703125 0.70625 0.05234375 0.275
1 0.303515625 0.6890625 0.06015625 0.3125
1 0.494921875 0.56796875 0.02578125 0.0296875
1 0.451171875 0.67578125 0.02734375 0.2046875
1 0.74140625 0.64375 0.0171875 0.121875
1 0.6359375 0.6578125 0.0296875 0.165625
1 0.635546875 0.65625 0.03203125 0.175
0 0.90390625 0.6203125 0.0109375 0.04375
0 1 0.63359375 0.02890625 0.1421875
0 1 0.6 0.015625 0.121875
0 0.04375 0.72578125 0.0171875 0.1421875
0 0.540625 0.58203125 0.0109375 0.0203125
0 0.607421875 0.6640625 0.03203125 0.159375
0 0.1265625 0.66953125 0.0375 0.1140625
5 0 0 0 0
5 0 0 0 0
5 0 0 0 0
