1 0.694921875 0.6578125 0.00546875 0.034375
1 0.6875 0.653125 0.009375 0.04375
1 0.676171875 0.64609375 0.00703125 0.0296875
1 0.470703125 0.67734375 0.01640625 0.1390625
1 0.849609375 0.67421875 0.01640625 0.0734375
1 0.977734375 0.66875 0.01328125 0.075
3 0.933203125 0.6859375 0.02421875 0.078125
1 0.8890625 0.6734375 0.0125 0.09375
1 0.882421875 0.67578125 0.01328125 0.0859375
2 0.966015625 0.65859375 0.01171875 0.0546875
0 0.976953125 0.59921875 0.00703125 0.0171875
0 0.9234375 0.6453125 0.0296875 0.065625
