1 0.316015625 0.71328125 0.01171875 0.0546875
1 0.0609375 0.72421875 0.0171875 0.0859375
1 0.10859375 0.728125 0.015625 0.078125
2 1 0.76484375 0.103125 0.5046875
2 0.702734375 0.71015625 0.02734375 0.1453125
0 1 0.653125 0.00703125 0.025
0 1 0.6546875 0.01328125 0.09375
0 1 0.678125 0.00859375 0.034375
0 1 0.49453125 0.0140625 0.0578125
0 1 0.50625 0.00859375 0.053125
0 1 0.5109375 0.0078125 0.046875
0 1 0.51640625 0.01015625 0.0609375
0 0.95390625 0.68984375 0.0046875 0.0140625
0 0.75234375 0.684375 0.0046875 0.01875
0 0.52890625 0.68671875 0.0125 0.0234375
0 0.55234375 0.70234375 0.009375 0.0234375
0 0.226171875 0.70859375 0.00859375 0.0484375
0 0.196875 0.71171875 0.009375 0.0640625
0 0.470703125 0.70390625 0.00703125 0.0421875
