1 1 0.6578125 0.01328125 0.0625
1 1 0.665625 0.01328125 0.0875
1 1 0.6625 0.0109375 0.090625
1 1 0.66484375 0.01953125 0.1234375
1 1 0.68671875 0.01640625 0.0828125
1 1 0.66328125 0.01171875 0.0953125
1 1 0.6640625 0.02265625 0.128125
1 1 0.68984375 0.01484375 0.0734375
1 1 0.6890625 0.04140625 0.21875
1 1 0.6875 0.0453125 0.21875
1 0.983984375 0.67265625 0.01015625 0.0890625
1 0.97578125 0.6703125 0.0109375 0.103125
1 0.020703125 0.72734375 0.03046875 0.2046875
2 1 0.66171875 0.0375 0.1828125
0 0.208984375 0.584375 0.01484375 0.040625
0 0.726171875 0.65234375 0.00390625 0.0171875
