1 1 0.66171875 0.01484375 0.0765625
1 1 0.6859375 0.0125 0.103125
1 1 0.71328125 0.04375 0.2109375
1 1 0.76875 0.01328125 0.125
1 1 0.696875 0.0484375 0.290625
1 0.978125 0.68125 0.0125 0.071875
1 1 0.696875 0.02578125 0.11875
1 0.825 0.71640625 0.0171875 0.0921875
1 0.812109375 0.69453125 0.02890625 0.1390625
1 0.593359375 0.66171875 0.01953125 0.1015625
1 0.574609375 0.65703125 0.01953125 0.1078125
1 0.288671875 0.64296875 0.02890625 0.0984375
2 1 0.6984375 0.0765625 0.334375
0 1 0.68828125 0.03515625 0.2765625
0 1 0.71796875 0.01171875 0.2390625
5 0 0 0 0
5 0 0 0 0
