1 0.497265625 0.71484375 0.01015625 0.0515625
1 0.506640625 0.7203125 0.00859375 0.05
1 0.545703125 0.71796875 0.00859375 0.0515625
1 0.570703125 0.7203125 0.01328125 0.065625
1 1 0.70390625 0.0125 0.0359375
1 1 0.70078125 0.01953125 0.0484375
1 1 0.7828125 0.0546875 0.340625
1 1 0.77890625 0.04140625 0.1953125
1 0.91171875 0.73125 0.015625 0.134375
1 0.8984375 0.72734375 0.0203125 0.1484375
2 0.158203125 0.7375 0.02265625 0.109375
0 0.566796875 0.68125 0.01484375 0.046875
0 0.47265625 0.709375 0.0046875 0.040625
0 0.4609375 0.70234375 0.0046875 0.0359375
0 0.2140625 0.7140625 0.0203125 0.059375
