1 0.8234375 0.6609375 0.0265625 0.21875
1 0.7984375 0.69296875 0.05 0.3265625
1 0.7265625 0.67421875 0.0359375 0.2828125
1 0.744921875 0.753125 0.03828125 0.184375
1 0.77265625 0.6859375 0.059375 0.325
1 0.66171875 0.65859375 0.0328125 0.2640625
1 0.65 0.74453125 0.0359375 0.1984375
1 0.69609375 0.684375 0.0625 0.31875
1 1 0.5953125 0.01640625 0.05
1 1 0.66875 0.03828125 0.203125
1 0.98984375 0.7359375 0.0328125 0.084375
1 0.916015625 0.75703125 0.03984375 0.0359375
0 0.125390625 0.525 0.05703125 0.1125
5 0 0 0 0
