1 0.56796875 0.640625 0.0140625 0.021875
1 0.533984375 0.6328125 0.01796875 0.025
1 0.3375 0.66796875 0.01875 0.0859375
1 0.5046875 0.62734375 0.0203125 0.0359375
1 0.347265625 0.68125 0.02421875 0.16875
1 1 0.69375 0.0375 0.259375
1 1 0.68359375 0.0421875 0.2984375
1 1 0.75390625 0.09296875 0.6078125
1 0.016796875 0.7171875 0.02265625 0.25
1 0.0640625 0.7046875 0.0578125 0.284375
1 1 0.70703125 0.05234375 0.2546875
2 0.4453125 0.67421875 0.028125 0.1078125
2 0.39921875 0.659375 0.03125 0.128125
0 0.21953125 0.6625 0.0140625 0.059375
0 0.696875 0.66796875 0.00625 0.0359375
0 0.71171875 0.659375 0.021875 0.01875
0 0.880078125 0.6765625 0.00546875 0.04375
0 0.866796875 0.6734375 0.00546875 0.040625
0 0.798046875 0.6703125 0.00546875 0.0375
0 0.784375 0.6703125 0.009375 0.0375
0 0.99921875 0.5578125 0.0046875 0.015625
0 0.904296875 0.66796875 0.01796875 0.0296875
0 0.810546875 0.68125 0.01328125 0.01875
0 1 0.6609375 0.025 0.184375
