1 1 0.70390625 0.0140625 0.0671875
1 0.990625 0.7015625 0.0140625 0.06875
1 0.895703125 0.709375 0.01328125 0.084375
1 0.81484375 0.721875 0.015625 0.0875
1 0.750390625 0.72421875 0.01640625 0.1015625
1 0.677734375 0.7265625 0.01796875 0.109375
3 0.644921875 0.73984375 0.01953125 0.0921875
1 0.396484375 0.7390625 0.01484375 0.096875
1 0.428515625 0.73984375 0.01640625 0.1265625
1 0.419921875 0.74921875 0.02890625 0.1890625
1 0.3671875 0.74453125 0.03125 0.1484375
1 1 0.7015625 0.0140625 0.084375
1 1 0.69765625 0.01171875 0.1109375
1 1 0.72109375 0.0265625 0.1265625
1 1 0.7203125 0.02265625 0.1375
1 1 0.715625 0.02734375 0.159375
1 1 0.71328125 0.021875 0.1765625
1 1 0.73828125 0.01171875 0.1359375
1 1 0.71015625 0.03046875 0.2140625
1 1 0.72578125 0.0484375 0.2328125
1 1 0.7140625 0.03359375 0.23125
1 1 0.67578125 0.034375 0.1671875
3 1 0.73984375 0.05234375 0.2328125
3 1 0.7828125 0.05859375 0.175
3 1 0.80390625 0.0328125 0.1359375
1 1 0.7203125 0.0671875 0.375
1 1 0.71171875 0.084375 0.4109375
1 1 0.73984375 0.03515625 0.1703125
1 1 0.70546875 0.0125 0.0640625
2 0.7296875 0.725 0.0140625 0.0875
0 1 0.6265625 0.06640625 0.190625
0 0.61171875 0.696875 0.034375 0.09375
0 0.27578125 0.7296875 0.0140625 0.09375
0 1 0.62734375 0.0109375 0.0765625
0 1 0.6734375 0.01328125 0.034375
