1 0.4703125 0.72265625 0.0203125 0.1484375
1 0.446875 0.72421875 0.028125 0.1546875
1 0.156640625 0.73828125 0.02265625 0.1390625
1 0.13359375 0.73515625 0.028125 0.1546875
1 0.3015625 0.728125 0.0265625 0.14375
1 0.280859375 0.75546875 0.03203125 0.1828125
1 0.740625 0.7140625 0.0171875 0.134375
1 0.707421875 0.70859375 0.02578125 0.1484375
1 0.6828125 0.721875 0.0203125 0.115625
1 0.6125 0.7203125 0.0265625 0.175
1 0.635546875 0.71953125 0.02421875 0.1765625
1 0.657421875 0.72734375 0.02578125 0.1796875
1 0.80078125 0.71015625 0.028125 0.1359375
3 0.858203125 0.70859375 0.05078125 0.1859375
1 1 0.59375 0.01953125 0.03125
1 1 0.59453125 0.02421875 0.0234375
1 1 0.6359375 0.02109375 0.103125
1 1 0.63828125 0.0234375 0.0734375
2 1 0.70546875 0.0578125 0.2828125
0 1 0.6140625 0.0171875 0.115625
0 1 0.5953125 0.0265625 0.1
0 0.575 0.675 0.0078125 0.028125
0 0.890234375 0.684375 0.04609375 0.2375
5 0 0 0 0
5 0 0 0 0
5 0 0 0 0
