1 0.475390625 0.67890625 0.00546875 0.0296875
1 0.467578125 0.71640625 0.01953125 0.0953125
1 1 0.628125 0.02109375 0.021875
1 1 0.53984375 0.0296875 0.0515625
2 0.485546875 0.69609375 0.01015625 0.0609375
2 0.546875 0.696875 0.015625 0.065625
2 0.600390625 0.70625 0.01953125 0.096875
2 0.928125 0.69765625 0.0265625 0.1359375
2 0.9671875 0.696875 0.021875 0.10625
0 0.35078125 0.67890625 0.0328125 0.1234375
0 0.30703125 0.68203125 0.0203125 0.1390625
0 0.633203125 0.6796875 0.01484375 0.05
0 0.91484375 0.58828125 0.01875 0.1921875
0 0.876953125 0.57890625 0.00859375 0.1703125
5 0 0 0 0
