1 1 0.66796875 0.01640625 0.0453125
1 1 0.703125 0.03359375 0.175
1 1 0.64921875 0.01484375 0.0578125
1 1 0.65078125 0.02265625 0.0890625
1 0.871484375 0.6859375 0.00859375 0.05
1 0.710546875 0.6609375 0.01796875 0.034375
1 0.666796875 0.63984375 0.00859375 0.0171875
1 0.658203125 0.64140625 0.00859375 0.0140625
1 0.5921875 0.64765625 0.021875 0.0359375
1 0.576171875 0.6484375 0.01171875 0.0375
1 0.56171875 0.6578125 0.028125 0.071875
1 0.362890625 0.628125 0.03046875 0.04375
1 1 0.73828125 0.08046875 0.4609375
1 1 0.753125 0.0859375 0.425
2 0.824609375 0.69609375 0.01328125 0.0640625
2 0.846875 0.68984375 0.0140625 0.0703125
2 1 0.7203125 0.06640625 0.31875
1 0.608203125 0.64375 0.01640625 0.0375
2 1 0.734375 0.084375 0.4125
0 0.21015625 0.5796875 0.0140625 0.03125
0 0.191796875 0.5734375 0.00703125 0.025
0 0.1703125 0.59453125 0.0140625 0.0703125
0 0.151171875 0.58828125 0.00859375 0.0703125
0 0.125 0.59375 0.0140625 0.059375
0 0.96640625 0.690625 0.0046875 0.04375
0 0.974609375 0.6765625 0.00546875 0.0375
5 0 0 0 0
5 0 0 0 0
5 0 0 0 0
5 0 0 0 0
