1 1 0.67265625 0.0046875 0.0296875
1 1 0.67265625 0.009375 0.0390625
1 0.602734375 0.6609375 0.01015625 0.040625
1 0.291796875 0.6796875 0.00703125 0.04375
1 0.265234375 0.675 0.01171875 0.059375
1 0.255078125 0.68671875 0.00703125 0.0546875
1 0.1765625 0.696875 0.0140625 0.06875
0 1 0.63828125 0.00703125 0.0234375
0 0.883203125 0.64921875 0.01171875 0.0359375
0 0.76796875 0.6484375 0.0125 0.021875
0 0.089453125 0.6921875 0.01640625 0.065625
0 0.405078125 0.6578125 0.00546875 0.03125
0 0.03671875 0.690625 0.0171875 0.0625
0 0.41015625 0.6984375 0.015625 0.021875
1 0.594921875 0.659375 0.01015625 0.0375
5 0 0 0 0
5 0 0 0 0
5 0 0 0 0
