1 0.673046875 0.70078125 0.01015625 0.0546875
1 0.66015625 0.70078125 0.0125 0.0734375
1 0.699609375 0.69609375 0.01484375 0.0796875
1 0.713671875 0.6953125 0.01171875 0.075
1 0.7625 0.6671875 0.009375 0.021875
1 0.740234375 0.68125 0.01015625 0.046875
1 0.747265625 0.67421875 0.01171875 0.0234375
1 0.726953125 0.696875 0.01640625 0.08125
1 0.684765625 0.70546875 0.01640625 0.0796875
1 0.85234375 0.70078125 0.0203125 0.1234375
1 0.981640625 0.69453125 0.02109375 0.1109375
1 1 0.684375 0.03125 0.175
1 1 0.69921875 0.01640625 0.1140625
1 1 0.696875 0.02265625 0.115625
1 1 0.69140625 0.03046875 0.1484375
1 1 0.696875 0.0265625 0.153125
1 1 0.68046875 0.02734375 0.1796875
1 1 0.6953125 0.03203125 0.153125
1 0.37421875 0.7125 0.0125 0.0625
1 0.20859375 0.7375 0.01875 0.11875
1 0.455078125 0.709375 0.01328125 0.075
0 0.33125 0.7140625 0.0515625 0.046875
0 0.553515625 0.6796875 0.00859375 0.015625
0 0.513671875 0.68828125 0.03671875 0.0203125
0 0.033203125 0.721875 0.00859375 0.03125
5 0 0 0 0
5 0 0 0 0
5 0 0 0 0
