1 0.10859375 0.6140625 0.0125 0.025
1 0.085546875 0.628125 0.01640625 0.046875
1 1 0.6421875 0.02890625 0.084375
1 1 0.65 0.02578125 0.078125
1 1 0.67890625 0.01484375 0.0390625
1 1 0.6453125 0.01328125 0.121875
1 1 0.64609375 0.0203125 0.1265625
1 0.98125 0.65546875 0.009375 0.0921875
2 0.991796875 0.653125 0.02109375 0.096875
2 0.956640625 0.7015625 0.05859375 0.284375
0 1 0.5625 0.03984375 0.140625
0 1 0.6328125 0.01171875 0.01875
0 0.273046875 0.65546875 0.01171875 0.0578125
0 0.258984375 0.64765625 0.01015625 0.0703125
0 0.687890625 0.64140625 0.01796875 0.0265625
0 1 0.59921875 0.01171875 0.0328125
