1 0.837109375 0.66640625 0.05859375 0.4296875
1 0.88515625 0.68984375 0.08125 0.4515625
1 1 0.77734375 0.065625 0.3203125
2 0.437109375 0.696875 0.07578125 0.384375
4 0.40625 0.8828125 0.015625 0.065625
2 0.3765625 0.71640625 0.0796875 0.4078125
2 0.16640625 0.74140625 0.09375 0.4578125
0 0.565625 0.62109375 0.021875 0.0984375
0 0.7125 0.6890625 0.0359375 0.04375
0 0.96875 0.67578125 0.00625 0.0671875
0 0.038671875 0.68125 0.00859375 0.025
0 0.245703125 0.72109375 0.01328125 0.0765625
0 0.623046875 0.70546875 0.00859375 0.0265625
