0 0.902734375 0.646875 0.02734375 0.078125
0 0.824609375 0.640625 0.01953125 0.084375
0 0.78984375 0.6421875 0.01875 0.08125
0 0.7671875 0.67109375 0.009375 0.0359375
0 0.716796875 0.63515625 0.01953125 0.1046875
0 0.676171875 0.63828125 0.02109375 0.1046875
0 0.46484375 0.6375 0.0078125 0.01875
0 0.44609375 0.68984375 0.0265625 0.0359375
0 0.3625 0.6859375 0.0296875 0.059375
0 0.340234375 0.6796875 0.01484375 0.05625
0 0.312109375 0.6890625 0.01953125 0.053125
0 0.261328125 0.6953125 0.01328125 0.05625
