1 0.874609375 0.67890625 0.01953125 0.0984375
1 0.8078125 0.690625 0.0171875 0.103125
1 0.788671875 0.68828125 0.01796875 0.0984375
2 0.369921875 0.66171875 0.01953125 0.0921875
4 0.91015625 0.8375 0.0171875 0.03125
2 0.92265625 0.7296875 0.046875 0.23125
0 0.513671875 0.596875 0.00703125 0.021875
0 0.4109375 0.65390625 0.0265625 0.0484375
0 0.43984375 0.6546875 0.0078125 0.0375
0 0.471484375 0.64453125 0.00859375 0.0359375
0 0.112890625 0.62265625 0.01796875 0.0203125
0 0.5328125 0.6515625 0.0125 0.040625
0 0.6421875 0.6390625 0.00625 0.021875
0 0.993359375 0.6578125 0.01015625 0.015625
5 0 0 0 0
5 0 0 0 0
