1 0.771484375 0.6703125 0.01171875 0.06875
1 0.655859375 0.63828125 0.01171875 0.0171875
1 0.177734375 0.6796875 0.03984375 0.225
1 0.290234375 0.64609375 0.04296875 0.1203125
1 0.226171875 0.6765625 0.03828125 0.228125
1 0.246875 0.721875 0.03125 0.1375
1 0.022265625 0.70625 0.03359375 0.30625
1 0.1140625 0.71640625 0.059375 0.2984375
1 0.07265625 0.7671875 0.0421875 0.20625
1 0.5515625 0.628125 0.015625 0.021875
1 0.56875 0.625 0.0140625 0.028125
1 1 0.675 0.01171875 0.05625
1 1 0.6734375 0.01171875 0.059375
1 1 0.6734375 0.015625 0.075
1 1 0.67890625 0.015625 0.0765625
1 1 0.6875 0.01171875 0.1125
1 1 0.696875 0.0328125 0.184375
1 1 0.6953125 0.0484375 0.284375
1 1 0.70390625 0.0453125 0.2578125
1 1 0.6921875 0.02421875 0.11875
1 0.965625 0.7 0.03125 0.15
0 0.725 0.66015625 0.015625 0.0578125
0 0.7546875 0.66640625 0.0125 0.0828125
0 0.797265625 0.675 0.03046875 0.0875
0 0.924609375 0.67109375 0.00390625 0.0515625
0 0.909375 0.6640625 0.00625 0.040625
0 0.858203125 0.321875 0.02109375 0.075
0 1 0.6796875 0.009375 0.06875
5 0 0 0 0
5 0 0 0 0
5 0 0 0 0
5 0 0 0 0
