1 0.895703125 0.625 0.01171875 0.025
1 0.916796875 0.64609375 0.01171875 0.0546875
1 0.56796875 0.63828125 0.0109375 0.0359375
1 0.2859375 0.62734375 0.0359375 0.1109375
1 0.2953125 0.7015625 0.05 0.240625
1 0.35 0.70390625 0.046875 0.2296875
1 0.17578125 0.68828125 0.040625 0.1953125
1 0.217578125 0.70546875 0.05234375 0.2546875
1 0.516015625 0.7 0.03828125 0.18125
1 1 0.61171875 0.02734375 0.2578125
1 1 0.60234375 0.03515625 0.2515625
4 1 0.3421875 0.0296875 0.103125
1 1 0.6171875 0.0640625 0.409375
3 0.03671875 0.725 0.05625 0.1875
1 0.0890625 0.70703125 0.05 0.2453125
1 0.598046875 0.8375 0.15859375 0.775
2 1 0.6390625 0.11171875 0.553125
2 1 0.64453125 0.0984375 0.5015625
2 1 0.73203125 0.11328125 0.5546875
0 0.054296875 0.42421875 0.00859375 0.0296875
0 0.054296875 0.38125 0.00546875 0.021875
0 0.78125 0.625 0.0359375 0.0625
0 1 0.6375 0.02890625 0.05
0 1 0.5953125 0.01171875 0.075
0 1 0.540625 0.02578125 0.071875
0 0.5171875 0.559375 0.0359375 0.084375
0 0.484375 0.634375 0.01875 0.04375
0 0.5515625 0.6359375 0.0125 0.028125
