1 1 0.653125 0.0296875 0.078125
1 0.63125 0.6359375 0.01875 0.025
1 0.466015625 0.61953125 0.01796875 0.0109375
1 0.45 0.61953125 0.0140625 0.0140625
2 0.984375 0.71328125 0.0515625 0.2515625
2 1 0.8140625 0.1890625 0.921875
0 0.98046875 0.57109375 0.0203125 0.0421875
0 1 0.509375 0.0140625 0.0375
0 0.6765625 0.62265625 0.0109375 0.0296875
0 0.501953125 0.60078125 0.02265625 0.0546875
0 0.43203125 0.5953125 0.0171875 0.05625
0 0.75546875 0.396875 0.0140625 0.1125
5 0 0 0 0
5 0 0 0 0
5 0 0 0 0
5 0 0 0 0
5 0 0 0 0
5 0 0 0 0
5 0 0 0 0
5 0 0 0 0
5 0 0 0 0
5 0 0 0 0
5 0 0 0 0
5 0 0 0 0
5 0 0 0 0
5 0 0 0 0
