1 0.771484375 0.75078125 0.01328125 0.0890625
1 0.61953125 0.765625 0.0140625 0.078125
1 0.599609375 0.76484375 0.01484375 0.0734375
1 0.3640625 0.6984375 0.021875 0.1
1 0.41875 0.7421875 0.025 0.15
1 0.441015625 0.73203125 0.02578125 0.1828125
1 1 0.76328125 0.03828125 0.3171875
1 1 0.771875 0.0640625 0.340625
1 1 0.67109375 0.04765625 0.2140625
1 1 0.76953125 0.09296875 0.6609375
1 1 0.88828125 0.084375 0.4296875
1 1 0.8125 0.1078125 0.646875
1 1 0.8265625 0.1140625 0.690625
1 0.495703125 0.78671875 0.10859375 0.5296875
1 0.647265625 0.7828125 0.01015625 0.05
0 0.95703125 0.509375 0.0171875 0.05625
0 0.3359375 0.490625 0.015625 0.05
0 0.37578125 0.715625 0.0109375 0.090625
0 0.239453125 0.7140625 0.02734375 0.090625
0 0.630859375 0.78203125 0.00703125 0.0484375
0 0.141796875 0.703125 0.03046875 0.0875
