1 0.35703125 0.70390625 0.0171875 0.0828125
1 0.458984375 0.71953125 0.02734375 0.1328125
1 0.530078125 0.7 0.02890625 0.140625
1 0.58828125 0.70703125 0.025 0.1265625
1 1 0.66796875 0.02109375 0.1109375
1 1 0.67421875 0.0234375 0.1171875
1 1 0.671875 0.0375 0.21875
1 0.10390625 0.64140625 0.0375 0.0734375
2 0.027734375 0.66171875 0.04453125 0.1046875
2 0.40546875 0.70234375 0.0296875 0.1453125
0 1 0.6171875 0.03203125 0.13125
0 1 0.61171875 0.0109375 0.0203125
0 0.936328125 0.6375 0.01953125 0.078125
0 0.616796875 0.66875 0.00859375 0.03125
0 0.60078125 0.66328125 0.0109375 0.0359375
0 0.316796875 0.68046875 0.02421875 0.0734375
0 0.340234375 0.709375 0.01328125 0.059375
0 0.350390625 0.65234375 0.00703125 0.0140625
