1 0.8765625 0.6203125 0.0140625 0.06875
1 0.918359375 0.615625 0.01484375 0.040625
1 0.85859375 0.6546875 0.009375 0.034375
1 0.7375 0.65390625 0.0203125 0.1296875
1 0.725390625 0.66484375 0.01953125 0.1203125
1 1 0.70546875 0.0671875 0.3484375
1 0.623828125 0.68984375 0.03046875 0.1765625
1 0.59921875 0.690625 0.0265625 0.18125
1 0.925390625 0.6578125 0.01328125 0.09375
1 0.916015625 0.66171875 0.02109375 0.0890625
1 0.89140625 0.65 0.0296875 0.1125
0 1 0.69609375 0.0484375 0.3484375
0 0.975 0.49765625 0.0140625 0.0390625
0 0.8421875 0.65078125 0.0140625 0.0921875
0 0.855859375 0.5875 0.00703125 0.03125
