1 0.194921875 0.64765625 0.02421875 0.0765625
1 0.82578125 0.69296875 0.0140625 0.0921875
1 0.846484375 0.69375 0.02109375 0.1
1 0.866015625 0.6953125 0.01796875 0.1
1 0.81171875 0.69375 0.015625 0.109375
1 0.799609375 0.6984375 0.01953125 0.1125
1 0.782421875 0.69453125 0.01796875 0.1203125
1 0.73125 0.63046875 0.0125 0.0328125
1 0.740234375 0.69765625 0.01640625 0.1234375
1 0.75859375 0.69296875 0.0265625 0.1328125
1 0.721484375 0.70078125 0.02734375 0.1671875
1 0.884375 0.7125 0.0328125 0.178125
1 0.692578125 0.71875 0.03984375 0.196875
1 0.624609375 0.7 0.02421875 0.18125
1 0.6375 0.71015625 0.03125 0.1890625
1 0.6625 0.775 0.0140625 0.053125
1 0.664453125 0.709375 0.04296875 0.2125
1 0.556640625 0.7140625 0.03984375 0.190625
1 0.60390625 0.703125 0.01875 0.178125
1 1 0.7453125 0.046875 0.28125
1 1 0.74140625 0.0609375 0.2984375
1 0.348828125 0.690625 0.04296875 0.240625
1 1 0.646875 0.01796875 0.0875
1 1 0.70703125 0.040625 0.2046875
1 1 0.76875 0.059375 0.290625
1 0.883984375 0.73984375 0.02578125 0.1390625
2 1 0.7296875 0.05 0.24375
0 1 0.7203125 0.02734375 0.184375
0 0.50859375 0.3625 0.028125 0.075
0 0.982421875 0.409375 0.02109375 0.059375
0 0.75234375 0.57109375 0.00625 0.0171875
0 0.67421875 0.5453125 0.00625 0.0125
0 1 0.690625 0.0109375 0.01875
0 1 0.68671875 0.0109375 0.0390625
5 0 0 0 0
5 0 0 0 0
5 0 0 0 0
5 0 0 0 0
5 0 0 0 0
