4 0.79375 0.659375 0.0109375 0.04375
4 0.905859375 0.6671875 0.01171875 0.05
1 0.644140625 0.66328125 0.01484375 0.0921875
1 0.6578125 0.659375 0.0171875 0.10625
1 0.6765625 0.66640625 0.0171875 0.1046875
1 0.618359375 0.678125 0.01796875 0.121875
1 0.946875 0.66875 0.0109375 0.05625
3 0.5375 0.66796875 0.021875 0.0734375
1 0.578515625 0.68125 0.02109375 0.109375
1 0.6 0.67265625 0.025 0.1296875
3 0.52890625 0.68671875 0.0296875 0.1171875
1 0.43125 0.65703125 0.025 0.1234375
1 0.403515625 0.66875 0.02578125 0.128125
4 0.100390625 0.65078125 0.01328125 0.1640625
3 1 0.721875 0.0296875 0.221875
3 1 0.7453125 0.0296875 0.240625
1 1 0.60703125 0.0109375 0.0296875
1 1 0.7109375 0.07109375 0.346875
1 1 0.7140625 0.06640625 0.334375
1 0.298828125 0.6078125 0.01484375 0.046875
1 0.28203125 0.60078125 0.03125 0.0578125
2 0.805078125 0.6703125 0.01484375 0.071875
2 0.480078125 0.675 0.05703125 0.25625
2 1 0.6703125 0.02265625 0.109375
0 0.773046875 0.64609375 0.01640625 0.0515625
0 0.744140625 0.6375 0.02421875 0.078125
0 0.558984375 0.684375 0.01484375 0.09375
