1 0.801171875 0.70234375 0.03828125 0.1890625
1 0.846875 0.70390625 0.0359375 0.1984375
1 0.85546875 0.69375 0.0453125 0.221875
1 1 0.6796875 0.01328125 0.06875
1 1 0.70546875 0.028125 0.1390625
1 1 0.70546875 0.01640625 0.1390625
4 1 0.7359375 0.00625 0.021875
1 0.997265625 0.696875 0.02265625 0.15625
1 1 0.6921875 0.03125 0.1875
3 1 0.63125 0.0125 0.034375
3 1 0.634375 0.0140625 0.028125
1 1 0.69453125 0.021875 0.1671875
1 1 0.68984375 0.06640625 0.2734375
1 1 0.83984375 0.21171875 1
1 1 0.82578125 0.16171875 0.7859375
1 0.93359375 0.86875 0.190625 0.928125
1 0.658203125 0.75859375 0.09453125 0.4578125
1 0.205859375 0.54296875 0.01953125 0.0390625
1 0.21875 0.57265625 0.0515625 0.0765625
1 0.570703125 0.8640625 0.18203125 0.88125
1 0.08828125 0.83203125 0.165625 1
2 1 0.5984375 0.0671875 0.109375
1 0.295703125 0.85703125 0.14296875 0.8046875
0 0.4671875 0.72421875 0.021875 0.0578125
