4 1 0.64296875 0.0140625 0.0203125
1 1 0.671875 0.015625 0.075
1 1 0.6875 0.0140625 0.078125
1 1 0.68359375 0.01796875 0.0859375
1 1 0.69375 0.01875 0.0875
1 1 0.67265625 0.01328125 0.0578125
1 1 0.7046875 0.02421875 0.1375
1 1 0.56796875 0.02734375 0.0578125
1 1 0.58984375 0.0125 0.0171875
1 0.78515625 0.68671875 0.009375 0.0890625
1 0.748046875 0.684375 0.01171875 0.1125
0 1 0.646875 0.0140625 0.03125
0 0.95859375 0.6609375 0.0109375 0.040625
0 0.936328125 0.57578125 0.00390625 0.0140625
0 0.535546875 0.609375 0.00390625 0.0125
0 0.0328125 0.36640625 0.0625 0.1453125
