1 0.89921875 0.703125 0.0125 0.075
1 1 0.634375 0.0109375 0.021875
1 0.6953125 0.67578125 0.0078125 0.0234375
4 0.577734375 0.7 0.02734375 0.046875
1 0.63984375 0.72890625 0.021875 0.1078125
4 0.4859375 0.7203125 0.015625 0.090625
1 0.498828125 0.70546875 0.02109375 0.1109375
1 0.469140625 0.7125 0.01953125 0.11875
4 0.47890625 0.74765625 0.0140625 0.0640625
4 1 0.61953125 0.01484375 0.0171875
1 1 0.6234375 0.009375 0.0125
4 1 0.62265625 0.025 0.0578125
2 0.87109375 0.6984375 0.0125 0.059375
2 0.886328125 0.6953125 0.01171875 0.04375
2 0.526953125 0.73984375 0.04765625 0.2328125
0 1 0.60546875 0.034375 0.0140625
0 0.453515625 0.69609375 0.01328125 0.0359375
0 0.760546875 0.65546875 0.01015625 0.0140625
0 0.61171875 0.6984375 0.009375 0.015625
0 0.679296875 0.6953125 0.01328125 0.025
