1 0.790625 0.68828125 0.0109375 0.0546875
1 0.3265625 0.6328125 0.0234375 0.11875
1 0.349609375 0.6375 0.02109375 0.13125
1 0.375 0.625 0.03125 0.15
3 0.13046875 0.63515625 0.0484375 0.1765625
1 0.16796875 0.609375 0.04375 0.215625
1 1 0.69375 0.02109375 0.13125
0 1 0.53984375 0.0390625 0.1265625
0 1 0.68125 0.00703125 0.0625
0 0.692578125 0.68203125 0.00546875 0.0265625
0 0.747265625 0.69140625 0.01015625 0.0453125
0 0.884765625 0.61875 0.00390625 0.009375
0 0.075390625 0.63515625 0.03671875 0.1421875
5 0 0 0 0
5 0 0 0 0
