4 1 0.67109375 0.01953125 0.1140625
4 1 0.66875 0.025 0.11875
1 1 0.63046875 0.0140625 0.0203125
1 1 0.63125 0.0140625 0.025
4 1 0.6203125 0.0234375 0.025
1 1 0.62578125 0.0140625 0.0265625
1 0.81484375 0.6484375 0.009375 0.075
1 0.80703125 0.6484375 0.0125 0.078125
4 0.798828125 0.6484375 0.01171875 0.084375
1 0.791015625 0.65390625 0.01328125 0.0703125
1 0.782421875 0.65078125 0.00859375 0.0734375
1 0.76171875 0.65234375 0.0109375 0.0734375
1 0.772265625 0.65078125 0.01171875 0.0765625
1 0.226953125 0.71328125 0.09296875 0.4546875
4 0.3390625 0.6515625 0.01875 0.11875
4 0.314453125 0.71171875 0.02421875 0.0921875
1 0.357421875 0.690625 0.04296875 0.20625
4 0.39375 0.684375 0.0390625 0.140625
