4 0.893359375 0.68125 0.03046875 0.078125
1 0.37890625 0.71015625 0.009375 0.0296875
1 0.323828125 0.72890625 0.01484375 0.0703125
1 0.183203125 0.71328125 0.01328125 0.0171875
1 1 0.6421875 0.0078125 0.015625
1 1 0.671875 0.0109375 0.109375
1 1 0.66875 0.02421875 0.115625
1 1 0.6765625 0.02109375 0.140625
1 1 0.6703125 0.028125 0.140625
1 1 0.66875 0.0234375 0.125
1 1 0.66875 0.0296875 0.159375
1 1 0.66484375 0.02734375 0.1390625
1 1 0.675 0.0390625 0.190625
1 1 0.66484375 0.02421875 0.2234375
0 0.83359375 0.65078125 0.009375 0.0390625
