1 0.915625 0.66171875 0.0171875 0.0359375
1 0.9140625 0.678125 0.0078125 0.0375
1 0.960546875 0.7140625 0.01953125 0.103125
4 0.996484375 0.678125 0.00859375 0.046875
1 1 0.7046875 0.0171875 0.0875
1 1 0.68515625 0.0109375 0.0546875
1 1 0.6390625 0.0125 0.015625
1 1 0.63671875 0.015625 0.0203125
1 1 0.76640625 0.0359375 0.2578125
1 1 0.76875 0.04609375 0.25
1 1 0.59140625 0.0265625 0.0421875
1 1 0.6203125 0.04609375 0.128125
2 0.098828125 0.81328125 0.10546875 0.5140625
2 0.980859375 0.72421875 0.02890625 0.1421875
0 1 0.38515625 0.021875 0.0484375
0 1 0.58828125 0.02109375 0.0859375
0 1 0.553125 0.00546875 0.01875
0 1 0.5734375 0.00625 0.015625
0 0.991796875 0.5890625 0.01015625 0.034375
0 0.7734375 0.6734375 0.00625 0.009375
0 0.750390625 0.69765625 0.00703125 0.0234375
0 0.68125 0.7203125 0.0140625 0.028125
0 0.634765625 0.73046875 0.01640625 0.0359375
0 0.67578125 0.60546875 0.009375 0.0265625
