1 0.73984375 0.73359375 0.0203125 0.1921875
1 0.75078125 0.7375 0.03125 0.190625
1 0.7859375 0.74296875 0.03125 0.1546875
1 0.807421875 0.73203125 0.03671875 0.2171875
1 0.909765625 0.71640625 0.03046875 0.1734375
1 0.88671875 0.7296875 0.0375 0.2
1 0.95625 0.72265625 0.03125 0.2046875
1 0.942578125 0.73203125 0.03203125 0.1921875
1 1 0.7140625 0.021875 0.25625
1 1 0.72578125 0.0359375 0.1828125
1 1 0.70625 0.0296875 0.115625
1 1 0.6765625 0.03671875 0.175
1 0.37578125 0.75625 0.04375 0.209375
2 0.33359375 0.69609375 0.01875 0.1203125
2 0.694140625 0.7359375 0.05078125 0.25
0 1 0.61171875 0.01171875 0.0328125
0 0.151171875 0.76015625 0.00859375 0.0421875
5 0 0 0 0
5 0 0 0 0
5 0 0 0 0
5 0 0 0 0
