1 1 0.659375 0.028125 0.134375
1 1 0.67109375 0.0296875 0.1421875
1 0.87890625 0.615625 0.025 0.059375
1 0.148828125 0.7171875 0.10859375 0.528125
0 1 0.49140625 0.0078125 0.0234375
0 1 0.67265625 0.03046875 0.1421875
0 0.800390625 0.62734375 0.01328125 0.0359375
0 0.785546875 0.634375 0.00546875 0.046875
0 0.6921875 0.63046875 0.0078125 0.0421875
0 0.646484375 0.6328125 0.01171875 0.05625
0 0.519140625 0.615625 0.01171875 0.01875
0 0.508984375 0.55625 0.00390625 0.01875
0 0.38515625 0.5484375 0.00625 0.0125
5 0 0 0 0
