1 0.945703125 0.7328125 0.02578125 0.125
1 0.963671875 0.7328125 0.02265625 0.121875
1 0.525 0.759375 0.0328125 0.215625
1 0.4921875 0.7609375 0.0375 0.25625
1 1 0.75234375 0.04296875 0.2453125
1 1 0.75625 0.04375 0.246875
1 1 0.74453125 0.05390625 0.2609375
1 0.394140625 0.76640625 0.03203125 0.2109375
1 0.453125 0.76484375 0.03125 0.2296875
1 0.43359375 0.765625 0.0421875 0.23125
1 0.371484375 0.76328125 0.02578125 0.2265625
1 0.547265625 0.77421875 0.04453125 0.2171875
2 0.584375 0.74765625 0.0328125 0.1578125
0 0.52109375 0.5453125 0.021875 0.040625
0 0.5421875 0.584375 0.0078125 0.0375
0 0.148828125 0.7015625 0.01484375 0.065625
0 0.111328125 0.68671875 0.02109375 0.0328125
