1 0.88984375 0.68984375 0.0109375 0.0546875
1 0.9046875 0.68671875 0.0125 0.0609375
1 0.92265625 0.68984375 0.015625 0.0734375
1 0.93828125 0.6921875 0.01875 0.09375
4 0.729296875 0.66328125 0.00703125 0.0328125
1 0.714453125 0.6703125 0.01171875 0.03125
1 0.700390625 0.67578125 0.00546875 0.0359375
1 0.6875 0.68203125 0.0125 0.0671875
1 0.595703125 0.68828125 0.01484375 0.1015625
1 0.605859375 0.690625 0.01484375 0.103125
1 0.618359375 0.684375 0.02109375 0.11875
1 0.561328125 0.6953125 0.01796875 0.115625
1 0.530078125 0.6859375 0.01484375 0.121875
1 0.54453125 0.709375 0.0265625 0.165625
1 0.514453125 0.68671875 0.01953125 0.1171875
1 1 0.696875 0.0171875 0.121875
1 1 0.7296875 0.02421875 0.240625
1 1 0.721875 0.01875 0.234375
1 1 0.71640625 0.040625 0.2421875
1 1 0.72734375 0.05390625 0.2703125
1 1 0.73359375 0.05625 0.2734375
1 1 0.75078125 0.0328125 0.3046875
1 1 0.728125 0.05703125 0.296875
1 1 0.73125 0.05234375 0.284375
2 0.653515625 0.709375 0.02265625 0.134375
2 0.6296875 0.69921875 0.0296875 0.1359375
2 0.990234375 0.709375 0.05234375 0.2625
0 1 0.5125 0.040625 0.084375
0 1 0.5734375 0.0078125 0.01875
