1 1 0.61484375 0.01171875 0.0140625
1 1 0.6046875 0.0125 0.028125
1 0.3875 0.6234375 0.025 0.046875
1 0.355859375 0.6203125 0.03046875 0.059375
1 0.04609375 0.6515625 0.0265625 0.1375
1 1 0.603125 0.02421875 0.090625
1 1 0.57578125 0.04453125 0.0984375
1 1 0.6140625 0.040625 0.1625
4 0.00703125 0.6046875 0.0046875 0.03125
1 0.0359375 0.7546875 0.0609375 0.40625
0 1 0.8 0.02109375 0.234375
0 0.176953125 0.6359375 0.02421875 0.078125
0 0.733984375 0.66328125 0.00859375 0.0546875
0 0.669140625 0.64453125 0.01640625 0.0671875
0 0.541796875 0.66875 0.01953125 0.05625
0 0.6140625 0.66484375 0.021875 0.0578125
0 1 0.5890625 0.0140625 0.0875
0 0.77109375 0.63671875 0.009375 0.0328125
0 0.465234375 0.61015625 0.01015625 0.0546875
0 0.537109375 0.59609375 0.01328125 0.0203125
0 0.4125 0.6046875 0.0078125 0.05
