1 0.598828125 0.59140625 0.02109375 0.0515625
1 0.57421875 0.58046875 0.0234375 0.0640625
1 0.508203125 0.7 0.05859375 0.284375
1 0.56171875 0.703125 0.0578125 0.284375
1 0.48671875 0.71796875 0.0640625 0.3140625
1 0.398046875 0.63515625 0.03203125 0.0859375
1 0.369140625 0.56328125 0.02734375 0.0578125
1 0.43515625 0.715625 0.0578125 0.353125
1 1 0.646875 0.06015625 0.178125
1 1 0.7234375 0.08125 0.39375
0 1 0.046875 0.0421875 0.0875
0 1 0.5984375 0.040625 0.01875
0 0.83359375 0.58671875 0.021875 0.0140625
0 0.7125 0.590625 0.0125 0.0375
0 0.469921875 0.53046875 0.03203125 0.0515625
0 0.606640625 0.58671875 0.01015625 0.0515625
