1 0.800390625 0.71640625 0.01796875 0.1234375
1 1 0.6734375 0.01953125 0.05625
1 1 0.71640625 0.01875 0.1109375
4 1 0.7015625 0.02890625 0.040625
1 1 0.65546875 0.0140625 0.0421875
1 1 0.64140625 0.02421875 0.0578125
1 1 0.65625 0.0203125 0.04375
1 1 0.64609375 0.01484375 0.0515625
1 0.74921875 0.7 0.0046875 0.0375
1 0.752734375 0.7015625 0.00546875 0.040625
1 0.74140625 0.7 0.0078125 0.04375
1 0.17109375 0.65859375 0.0265625 0.0703125
1 0.767578125 0.7109375 0.01953125 0.140625
2 1 0.70546875 0.02890625 0.1328125
2 1 0.6984375 0.01640625 0.05625
5 0 0 0 0
