1 0.961328125 0.63046875 0.00859375 0.0953125
1 0.475390625 0.640625 0.01328125 0.065625
1 0.4546875 0.62890625 0.0109375 0.0234375
1 0.8015625 0.56796875 0.00625 0.0203125
4 0.786328125 0.5875 0.00234375 0.03125
1 0.80625 0.68515625 0.015625 0.2296875
1 0.834765625 0.7671875 0.03515625 0.090625
1 0.771875 0.68984375 0.0328125 0.2359375
1 1 0.65625 0.02109375 0.146875
1 1 0.65390625 0.03203125 0.1578125
1 1 0.6671875 0.03359375 0.165625
3 1 0.69296875 0.03515625 0.1546875
3 1 0.68984375 0.03984375 0.1203125
3 1 0.696875 0.040625 0.14375
1 0.26484375 0.7015625 0.0296875 0.190625
1 0.248046875 0.7 0.02421875 0.178125
1 0.228125 0.68125 0.0328125 0.234375
1 0.194140625 0.68984375 0.01171875 0.2078125
1 0.1734375 0.6765625 0.0609375 0.296875
1 1 0.690625 0.02578125 0.21875
2 1 0.66484375 0.05078125 0.2515625
0 0.886328125 0.5421875 0.06796875 0.253125
0 1 0.45234375 0.01171875 0.0265625
0 0.317578125 0.6265625 0.01015625 0.0375
0 0.290234375 0.6421875 0.01171875 0.05625
0 0.71953125 0.63125 0.015625 0.040625
