1 0.234765625 0.7390625 0.02734375 0.134375
1 0.257421875 0.7296875 0.03515625 0.171875
1 0.15703125 0.7296875 0.0109375 0.16875
1 0.18984375 0.7375 0.0328125 0.159375
1 0.7734375 0.6828125 0.028125 0.096875
1 0.982421875 0.653125 0.01328125 0.053125
1 1 0.67890625 0.01875 0.1046875
1 1 0.6796875 0.0296875 0.146875
1 0.738671875 0.7109375 0.02265625 0.146875
1 0.726171875 0.71015625 0.02734375 0.1515625
1 0.399609375 0.71953125 0.03203125 0.1578125
1 0.5203125 0.7265625 0.0296875 0.14375
1 0.6109375 0.72265625 0.0265625 0.1296875
1 0.655078125 0.71875 0.05078125 0.26875
1 0.6390625 0.71875 0.0578125 0.28125
1 0.547265625 0.71484375 0.03203125 0.1671875
