1 1 0.6296875 0.015625 0.08125
1 1 0.63984375 0.0109375 0.0734375
3 1 0.6609375 0.03359375 0.059375
1 1 0.6734375 0.03203125 0.15625
1 1 0.6734375 0.02734375 0.1625
1 1 0.6921875 0.028125 0.153125
1 1 0.69921875 0.0375 0.2140625
1 1 0.6921875 0.03125 0.190625
4 1 0.6890625 0.04375 0.21875
1 1 0.69375 0.04296875 0.2125
1 0.387109375 0.63671875 0.01640625 0.0640625
1 0.412109375 0.6265625 0.01328125 0.0625
1 0.451953125 0.7078125 0.02890625 0.21875
1 0.42734375 0.71875 0.0390625 0.25
1 0.462890625 0.7109375 0.02109375 0.221875
1 0.20859375 0.725 0.0390625 0.30625
1 0.237890625 0.74375 0.03515625 0.278125
1 0.258984375 0.76015625 0.03984375 0.3328125
1 0.164453125 0.79296875 0.05703125 0.3796875
1 0.02109375 0.64609375 0.03125 0.0546875
1 0.097265625 0.765625 0.03515625 0.290625
1 0.045703125 0.8078125 0.03203125 0.346875
1 0.47734375 0.71328125 0.0359375 0.2578125
3 0.44375 0.76875 0.04375 0.15625
0 0.676171875 0.57734375 0.04140625 0.0921875
0 0.6203125 0.60703125 0.0390625 0.0390625
0 0.65078125 0.609375 0.0046875 0.04375
0 0.70703125 0.62578125 0.0078125 0.0171875
0 1 0.3265625 0.0234375 0.071875
5 0 0 0 0
5 0 0 0 0
5 0 0 0 0
5 0 0 0 0
5 0 0 0 0
5 0 0 0 0
5 0 0 0 0
