1 0.434375 0.6140625 0.0171875 0.05625
1 0.792578125 0.62734375 0.00703125 0.0578125
1 0.805078125 0.6328125 0.01953125 0.075
4 0.771484375 0.61796875 0.03359375 0.0921875
1 0.78984375 0.7046875 0.021875 0.153125
1 0.52890625 0.6875 0.03125 0.165625
4 0.960546875 0.634375 0.03359375 0.084375
1 0.916796875 0.696875 0.01484375 0.1875
1 0.92890625 0.69140625 0.040625 0.1953125
1 0.82578125 0.69609375 0.028125 0.1734375
1 0.853515625 0.68671875 0.02421875 0.1953125
1 0.871484375 0.69765625 0.03046875 0.1703125
1 0.33046875 0.68203125 0.028125 0.1578125
1 0.29296875 0.67890625 0.0234375 0.1703125
4 0.269921875 0.6578125 0.02578125 0.125
4 0.237109375 0.625 0.04453125 0.090625
1 0.158984375 0.64296875 0.02734375 0.0921875
1 0.7328125 0.65703125 0.034375 0.2109375
1 0.678125 0.60859375 0.021875 0.0796875
1 0.695703125 0.73828125 0.06640625 0.3828125
1 0.628125 0.56328125 0.0234375 0.0640625
4 0.607421875 0.54765625 0.01796875 0.0765625
1 0.565625 0.72265625 0.0421875 0.3953125
4 0.623828125 0.71875 0.01015625 0.271875
1 0.653515625 0.7453125 0.06015625 0.375
1 0.60390625 0.7203125 0.075 0.4
1 0.4828125 0.69609375 0.0640625 0.4703125
4 0.18203125 0.63828125 0.0484375 0.0890625
2 0.40546875 0.70859375 0.0609375 0.2984375
0 0.918359375 0.48125 0.03671875 0.215625
0 0.869140625 0.5171875 0.02109375 0.125
0 1 0.68203125 0.01171875 0.0234375
0 0.356640625 0.6609375 0.02265625 0.14375
5 0 0 0 0
5 0 0 0 0
5 0 0 0 0
