1 0.02890625 0.66328125 0.03125 0.0546875
1 0.383203125 0.68828125 0.01484375 0.0765625
4 0.271484375 0.70859375 0.03203125 0.1578125
1 0.967578125 0.67734375 0.02265625 0.1265625
1 0.6625 0.78984375 0.0859375 0.5171875
1 1 0.6078125 0.01875 0.090625
1 1 0.65859375 0.0328125 0.2296875
0 1 0.609375 0.0359375 0.140625
0 1 0.67265625 0.0265625 0.1015625
0 1 0.63359375 0.0171875 0.0265625
0 1 0.64296875 0.01640625 0.0390625
0 0.928515625 0.63125 0.02109375 0.078125
0 0.90546875 0.6859375 0.0125 0.115625
0 0.356640625 0.66328125 0.02421875 0.0546875
0 0.339453125 0.69921875 0.01484375 0.0640625
0 0.317578125 0.67421875 0.02265625 0.0859375
5 0 0 0 0
5 0 0 0 0
5 0 0 0 0
5 0 0 0 0
