1 1 0.68046875 0.0234375 0.1140625
1 1 0.67578125 0.01640625 0.1046875
1 1 0.66953125 0.0234375 0.1546875
1 1 0.6859375 0.01484375 0.071875
1 0.802734375 0.678125 0.01796875 0.109375
1 0.723046875 0.68203125 0.04296875 0.2078125
1 0.604296875 0.69453125 0.06171875 0.3484375
1 0.8140625 0.6421875 0.0125 0.0375
1 0.526171875 0.70625 0.05703125 0.328125
1 1 0.6828125 0.0171875 0.10625
1 1 0.68203125 0.02265625 0.1203125
0 1 0.53046875 0.01015625 0.0328125
0 1 0.68203125 0.00859375 0.0671875
0 1 0.67890625 0.01171875 0.0703125
0 0.851171875 0.5609375 0.00859375 0.028125
0 0.902734375 0.6484375 0.01796875 0.04375
0 0.6734375 0.61796875 0.00625 0.0109375
0 0.473046875 0.75859375 0.02265625 0.0703125
0 0.421875 0.64296875 0.0109375 0.0203125
5 0 0 0 0
5 0 0 0 0
5 0 0 0 0
