1 1 0.68359375 0.01171875 0.0578125
1 1 0.6203125 0.015625 0.03125
1 1 0.6265625 0.01328125 0.03125
1 0.71796875 0.71015625 0.0265625 0.1265625
1 0.744921875 0.7078125 0.02421875 0.121875
1 0.683203125 0.71953125 0.03046875 0.1640625
1 0.655078125 0.71328125 0.03203125 0.1734375
1 0.632421875 0.71640625 0.03359375 0.1765625
2 0.86875 0.703125 0.0171875 0.084375
0 1 0.6328125 0.00625 0.015625
0 1 0.67421875 0.01484375 0.0453125
0 1 0.66953125 0.0078125 0.0171875
0 1 0.73046875 0.01015625 0.2828125
0 0.808984375 0.590625 0.00703125 0.034375
