1 0.953125 0.74375 0.0234375 0.11875
1 0.837109375 0.75 0.02109375 0.11875
1 0.728515625 0.7609375 0.05078125 0.2625
1 0.607421875 0.7421875 0.04140625 0.2
1 1 0.70703125 0.0140625 0.0453125
1 1 0.68203125 0.025 0.0578125
1 1 0.74921875 0.034375 0.2078125
2 0.875 0.7234375 0.04375 0.215625
0 0.55390625 0.6453125 0.0625 0.221875
0 0.673828125 0.6171875 0.04921875 0.128125
0 0.710546875 0.5890625 0.02265625 0.075
0 1 0.5078125 0.02421875 0.096875
0 1 0.59765625 0.01015625 0.0203125
0 0.0265625 0.65703125 0.0375 0.1640625
0 0.091015625 0.73515625 0.04296875 0.1890625
0 0.338671875 0.56328125 0.01328125 0.0234375
0 0.419140625 0.55234375 0.01171875 0.0390625
0 0.7140625 0.65078125 0.0125 0.0421875
0 0.789453125 0.68359375 0.01328125 0.0609375
