1 0.688671875 0.75078125 0.13203125 0.6453125
1 0.10859375 0.79296875 0.1078125 0.5234375
1 0.2109375 0.73984375 0.0296875 0.1484375
2 0.6328125 0.71015625 0.0828125 0.4015625
0 0.019140625 0.3640625 0.02890625 0.134375
0 1 0.590625 0.025 0.06875
0 1 0.5890625 0.02265625 0.06875
0 1 0.6890625 0.01484375 0.028125
0 0.405078125 0.51796875 0.02109375 0.0296875
0 0.4046875 0.6953125 0.0078125 0.090625
0 0.519140625 0.6484375 0.01015625 0.03125
0 0.73828125 0.68125 0.0140625 0.025
0 0.85234375 0.6609375 0.0046875 0.015625
0 0.8671875 0.70703125 0.0125 0.0546875
0 1 0.43671875 0.00625 0.0328125
0 1 0.578125 0.01796875 0.0375
0 1 0.546875 0.00703125 0.034375
