1 1 0.7890625 0.1109375 0.540625
0 0.014453125 0.3640625 0.01953125 0.109375
0 0.098046875 0.63828125 0.03828125 0.1078125
0 0.19140625 0.65 0.028125 0.065625
0 0.258984375 0.64296875 0.05234375 0.0703125
0 0.423046875 0.65078125 0.03359375 0.0484375
0 0.6359375 0.67578125 0.0296875 0.0640625
0 0.760546875 0.6265625 0.06484375 0.065625
0 0.87890625 0.6125 0.0328125 0.08125
0 0.641796875 0.60625 0.02109375 0.025
0 0.678515625 0.6203125 0.02265625 0.034375
0 1 0.61953125 0.021875 0.0421875
0 1 0.60859375 0.01953125 0.0609375
0 1 0.4484375 0.0078125 0.025
