1 0.080859375 0.784375 0.02890625 0.034375
1 0.105078125 0.78515625 0.00859375 0.0359375
1 1 0.75625 0.09765625 0.49375
1 1 0.80703125 0.11875 0.6546875
1 0.575390625 0.98203125 0.04140625 0.0328125
1 0.935546875 0.75078125 0.10078125 0.4890625
1 0.680078125 0.540625 0.04453125 0.1125
1 0.675 0.72421875 0.0625 0.4234375
1 0.642578125 0.76875 0.04609375 0.4125
1 0.7140625 0.89453125 0.0921875 0.2859375
1 0.6140625 0.759375 0.0875 0.55
1 0.5671875 0.7515625 0.1046875 0.590625
1 0.563671875 0.7796875 0.07890625 0.571875
1 0.500390625 0.78203125 0.08203125 0.6609375
1 0.2125 0.73984375 0.0609375 0.5609375
1 0.150390625 0.79609375 0.15546875 0.8671875
4 0.036328125 0.9078125 0.03984375 0.15625
4 0.021875 0.79140625 0.034375 0.4640625
1 0.34296875 0.7140625 0.1171875 0.571875
1 0.3203125 1 0.0796875 0.203125
1 0.332421875 0.85703125 0.14609375 0.8203125
1 0.790625 0.784375 0.1203125 0.696875
1 0.453515625 0.88203125 0.16640625 0.9203125
1 0.824609375 0.8 0.13984375 0.78125
1 0.732421875 0.8203125 0.14453125 0.834375
1 1 0.7859375 0.1703125 0.828125
1 1 0.73125 0.06484375 0.465625
1 1 0.77734375 0.11640625 0.5640625
