1 1 0.67578125 0.00546875 0.0234375
1 1 0.66796875 0.00859375 0.0203125
1 1 0.6703125 0.0078125 0.0125
1 0.010546875 0.65390625 0.01015625 0.1171875
1 0.902734375 0.67890625 0.01015625 0.0421875
1 1 0.690625 0.03046875 0.29375
1 1 0.684375 0.05703125 0.359375
1 1 0.684375 0.04453125 0.2875
1 1 0.68203125 0.0125 0.0609375
2 0.963671875 0.67421875 0.01953125 0.1015625
2 1 0.67890625 0.0140625 0.0703125
2 1 0.66953125 0.01015625 0.0296875
0 0.549609375 0.51484375 0.01015625 0.0390625
0 1 0.27734375 0.009375 0.0234375
0 1 0.60234375 0.00625 0.0234375
5 0 0 0 0
