4 1 0.66875 0.00234375 0.04375
4 1 0.525 0.00390625 0.01875
1 1 0.66015625 0.028125 0.1359375
1 1 0.65625 0.02421875 0.153125
1 0.799609375 0.61015625 0.01015625 0.0328125
4 0.79609375 0.5640625 0.0046875 0.0875
1 0.753515625 0.634375 0.01328125 0.075
1 0.5765625 0.66015625 0.0140625 0.1390625
1 0.034765625 0.65703125 0.02265625 0.1203125
1 0.368359375 0.65 0.03046875 0.15625
1 0.243359375 0.659375 0.02890625 0.14375
4 0.080078125 0.58671875 0.01171875 0.2734375
1 0.399609375 0.64921875 0.01796875 0.1421875
1 0.400390625 0.6609375 0.01328125 0.125
1 0.45390625 0.64296875 0.0109375 0.1546875
1 0.44609375 0.65390625 0.0265625 0.1578125
1 0.435546875 0.65234375 0.02734375 0.1546875
1 0.46328125 0.65078125 0.025 0.1390625
1 0.46171875 0.65 0.0203125 0.159375
1 0.48125 0.65078125 0.025 0.1578125
1 0.50546875 0.65234375 0.025 0.1546875
1 0.505859375 0.65546875 0.02265625 0.1515625
1 0.587109375 0.65859375 0.01328125 0.1453125
1 0.597265625 0.6546875 0.01953125 0.15625
0 1 0.59296875 0.02421875 0.0671875
0 0.28203125 0.6046875 0.0203125 0.05
0 0.21015625 0.59296875 0.015625 0.0359375
0 1 0.61328125 0.0140625 0.0515625
5 0 0 0 0
5 0 0 0 0
