1 0.121875 0.7125 0.0234375 0.140625
1 0.14375 0.709375 0.0296875 0.1375
1 0.094140625 0.72890625 0.03515625 0.1703125
1 0.058984375 0.72265625 0.03359375 0.1609375
1 0.590234375 0.72890625 0.04296875 0.2453125
1 0.61640625 0.72265625 0.04375 0.2953125
1 0.669140625 0.6875 0.02421875 0.20625
1 0.6828125 0.67421875 0.0296875 0.2296875
1 0.695703125 0.6859375 0.03828125 0.225
1 0.718359375 0.67890625 0.04765625 0.2390625
4 0.927734375 0.65625 0.10234375 0.353125
1 0.98515625 0.73125 0.0453125 0.459375
1 0.934765625 0.83125 0.10234375 0.565625
1 1 0.82578125 0.1046875 0.6359375
0 0.473828125 0.67265625 0.01328125 0.0796875
