1 0.58046875 0.621875 0.0078125 0.046875
1 0.5890625 0.6265625 0.0140625 0.06875
1 0.572265625 0.62265625 0.01484375 0.0890625
1 0.89921875 0.64609375 0.025 0.1078125
1 0.603515625 0.64609375 0.01953125 0.0921875
1 0.8203125 0.64609375 0.021875 0.0984375
4 0.931640625 0.684375 0.06015625 0.1
1 0.7078125 0.63984375 0.01875 0.1046875
1 0.637890625 0.6828125 0.06015625 0.396875
1 0.5375 0.69765625 0.0640625 0.3609375
1 0.341015625 0.6546875 0.02578125 0.125
1 0.43046875 0.7453125 0.1515625 0.7375
0 0.23046875 0.59296875 0.1015625 0.3578125
0 0.856640625 0.40859375 0.01328125 0.0390625
0 1 0.38828125 0.03046875 0.1265625
0 1 0.33125 0.03359375 0.159375
0 0.38515625 0.2421875 0.0390625 0.171875
0 1 0.57265625 0.0109375 0.0578125
0 1 0.7375 0.01328125 0.071875
0 1 0.6859375 0.01640625 0.03125
0 1 0.6515625 0.00859375 0.025
