1 0.520703125 0.759375 0.02890625 0.146875
1 0.546875 0.70078125 0.015625 0.0421875
1 0.469140625 0.7765625 0.03671875 0.19375
1 0.4359375 0.778125 0.0390625 0.1875
1 0.125 0.82421875 0.0453125 0.3453125
1 0.168359375 0.83359375 0.06953125 0.3421875
1 0.0890625 0.81796875 0.0796875 0.3828125
1 0.240234375 0.83203125 0.07265625 0.3484375
1 1 0.765625 0.03984375 0.309375
1 1 0.7640625 0.040625 0.375
1 1 0.78359375 0.07578125 0.4203125
1 1 0.71640625 0.04296875 0.2765625
1 1 0.71015625 0.05625 0.3140625
1 1 0.72109375 0.03671875 0.3265625
1 1 0.7171875 0.0671875 0.359375
1 0.903515625 0.7078125 0.01171875 0.084375
1 0.92109375 0.71171875 0.0140625 0.0859375
1 0.912890625 0.71640625 0.01484375 0.0796875
