1 0.059765625 0.68359375 0.03046875 0.1578125
1 0.111328125 0.68125 0.01640625 0.15
1 0.095703125 0.68203125 0.02109375 0.1515625
1 0.082421875 0.68125 0.02578125 0.15
1 0.11953125 0.6875 0.0296875 0.146875
1 0.14609375 0.67890625 0.0296875 0.1453125
1 0.591015625 0.6109375 0.00546875 0.034375
1 0.226953125 0.63359375 0.00859375 0.0421875
1 0.26015625 0.63671875 0.009375 0.0453125
1 0.271875 0.63671875 0.0078125 0.0453125
1 0.284765625 0.6390625 0.00703125 0.0375
1 0.599609375 0.61484375 0.01015625 0.0359375
2 0.85546875 0.709375 0.075 0.3625
2 0.752734375 0.6734375 0.02421875 0.121875
0 0.254296875 0.5203125 0.00546875 0.015625
0 0.333203125 0.528125 0.00703125 0.01875
0 0.652734375 0.5515625 0.00859375 0.01875
0 0.6875 0.6390625 0.0203125 0.075
0 0.314453125 0.578125 0.00546875 0.01875
