1 0.717578125 0.64765625 0.00859375 0.0328125
1 0.70234375 0.65 0.0078125 0.028125
1 0.630078125 0.63515625 0.00546875 0.0234375
1 0.619921875 0.63203125 0.00859375 0.0296875
1 0.613671875 0.64375 0.00703125 0.025
1 0.600390625 0.6421875 0.01171875 0.034375
1 0.54140625 0.6578125 0.009375 0.04375
1 0.47890625 0.63203125 0.01875 0.0265625
1 0.4578125 0.6328125 0.0125 0.028125
1 1 0.703125 0.059375 0.2875
1 0.930859375 0.634375 0.01015625 0.025
1 0.953515625 0.653125 0.01640625 0.08125
1 0.976953125 0.67265625 0.02734375 0.1296875
1 1 0.66640625 0.02578125 0.1265625
0 1 0.55390625 0.0140625 0.1140625
