1 0.722265625 0.67421875 0.00703125 0.0359375
1 0.69921875 0.6953125 0.0125 0.075
1 0.429296875 0.66484375 0.00546875 0.0140625
1 1 0.69609375 0.01484375 0.1078125
1 1 0.7015625 0.01953125 0.096875
1 1 0.7125 0.0359375 0.196875
1 0.299609375 0.71015625 0.00703125 0.0453125
1 0.156640625 0.72109375 0.01796875 0.0890625
2 0.209765625 0.7140625 0.01640625 0.08125
0 1 0.6046875 0.04921875 0.090625
0 1 0.59765625 0.08359375 0.0984375
0 1 0.56953125 0.03203125 0.1484375
0 1 0.584375 0.02578125 0.1125
0 1 0.58203125 0.021875 0.1046875
0 1 0.5765625 0.0328125 0.134375
0 1 0.57109375 0.0359375 0.1359375
0 1 0.5671875 0.01796875 0.14375
0 0.07734375 0.615625 0.003125 0.009375
