1 0.923828125 0.62421875 0.01015625 0.0828125
3 0.635546875 0.61875 0.03046875 0.071875
1 0.803125 0.61328125 0.0140625 0.0828125
1 0.812109375 0.61640625 0.01171875 0.0796875
1 0.868359375 0.61875 0.01484375 0.078125
1 0.834375 0.6265625 0.0171875 0.096875
1 0.96484375 0.60078125 0.0171875 0.0328125
1 1 0.60390625 0.01328125 0.0265625
1 0.76484375 0.65390625 0.021875 0.1421875
1 1 0.6375 0.0203125 0.065625
0 0.3765625 0.61640625 0.025 0.1453125
0 0.757421875 0.459375 0.00703125 0.021875
0 0.97578125 0.57109375 0.0109375 0.0296875
0 0.444140625 0.5640625 0.00546875 0.065625
0 0.951171875 0.56171875 0.01640625 0.0421875
