1 0.458984375 0.7609375 0.01796875 0.0875
1 1 0.70546875 0.0203125 0.1328125
1 1 0.71328125 0.02265625 0.1171875
2 0.0625 0.78828125 0.015625 0.0703125
0 0.628515625 0.47578125 0.04921875 0.1421875
0 0.6359375 0.63984375 0.0578125 0.1359375
0 0.706640625 0.54140625 0.05859375 0.1890625
0 0.7703125 0.54921875 0.040625 0.1984375
0 0.8234375 0.49296875 0.0234375 0.1703125
0 1 0.46953125 0.015625 0.0515625
0 1 0.41328125 0.01484375 0.0734375
0 0.78828125 0.75859375 0.0140625 0.0671875
0 0.80390625 0.7703125 0.0109375 0.05
0 0.419921875 0.7421875 0.01484375 0.05625
0 0.2109375 0.6984375 0.0078125 0.021875
