1 0.912890625 0.671875 0.00859375 0.0625
1 0.92109375 0.66875 0.0125 0.0625
1 1 0.6984375 0.0546875 0.28125
1 1 0.6328125 0.04375 0.175
1 1 0.64765625 0.05078125 0.1890625
1 1 0.7078125 0.06640625 0.625
1 0.6046875 0.72421875 0.0625 0.3046875
1 0.594921875 0.71875 0.06015625 0.33125
2 0.412890625 0.69765625 0.04296875 0.2078125
0 1 0.62578125 0.01875 0.1046875
0 1 0.58984375 0.01953125 0.0296875
0 1 0.628125 0.01484375 0.034375
0 1 0.621875 0.00703125 0.0625
0 1 0.625 0.00546875 0.0125
0 1 0.68125 0.01015625 0.028125
0 0.971484375 0.6703125 0.00546875 0.040625
0 0.9796875 0.66484375 0.003125 0.0265625
0 0.655078125 0.70625 0.00234375 0.009375
