1 0.184375 0.7234375 0.0203125 0.053125
1 0.209765625 0.7359375 0.01953125 0.0875
1 0.242578125 0.740625 0.02109375 0.10625
1 0.263671875 0.74140625 0.01640625 0.1015625
1 0.457421875 0.68359375 0.02265625 0.1265625
1 0.430078125 0.73203125 0.04140625 0.2234375
1 0.50390625 0.728125 0.028125 0.196875
1 0.48125 0.746875 0.0390625 0.209375
1 0.58203125 0.74140625 0.034375 0.2015625
1 0.61328125 0.7375 0.0375 0.2
1 0.824609375 0.67421875 0.02265625 0.0703125
1 0.905859375 0.6734375 0.02734375 0.10625
1 0.97109375 0.67578125 0.0234375 0.1109375
1 1 0.69453125 0.13984375 0.6796875
1 1 0.746875 0.1296875 0.63125
1 0.5421875 0.725 0.0453125 0.221875
0 0.389453125 0.6984375 0.01796875 0.0625
0 0.334375 0.68828125 0.003125 0.0921875
0 0.6796875 0.66171875 0.0125 0.1328125
0 0.85078125 0.359375 0.0171875 0.046875
0 1 0.6609375 0.00859375 0.034375
0 1 0.63984375 0.0109375 0.0515625
0 1 0.63125 0.01171875 0.09375
