1 0.06328125 0.69765625 0.0109375 0.0796875
1 0.480078125 0.6578125 0.01328125 0.046875
3 0.384765625 0.70625 0.01484375 0.053125
3 0.366015625 0.7109375 0.01328125 0.04375
0 0.42265625 0.6859375 0.0609375 0.075
0 0.42890625 0.71640625 0.0078125 0.1171875
0 0.255859375 0.69296875 0.01328125 0.0828125
0 0.28125 0.6984375 0.0109375 0.08125
0 0.09921875 0.68359375 0.01875 0.0609375
0 1 0.6890625 0.0140625 0.090625
0 1 0.58046875 0.00546875 0.0359375
0 1 0.67734375 0.01328125 0.0109375
4 0.425 0.7078125 0.065625 0.14375
5 0 0 0 0
