1 0.60234375 0.72578125 0.0453125 0.2203125
1 0.355859375 0.625 0.07578125 0.18125
1 0.09921875 0.85234375 0.1765625 0.9015625
1 1 0.6140625 0.0296875 0.046875
1 0.998046875 0.778125 0.08046875 0.44375
1 0.9125 0.79140625 0.0796875 0.4171875
1 0.820703125 0.70703125 0.02578125 0.1546875
0 1 0.68671875 0.02109375 0.0484375
0 1 0.70390625 0.0265625 0.0421875
0 1 0.715625 0.025 0.065625
0 1 0.10234375 0.02734375 0.1765625
0 1 0.68515625 0.034375 0.0921875
0 0.783984375 0.67578125 0.01484375 0.0328125
0 0.798046875 0.66953125 0.01953125 0.0609375
0 0.749609375 0.6703125 0.01171875 0.034375
0 0.569140625 0.665625 0.01015625 0.034375
0 0.726171875 0.66328125 0.01015625 0.0203125
0 1 0.7171875 0.04453125 0.053125
0 1 0.68515625 0.01796875 0.0640625
0 1 0.675 0.0125 0.05625
