1 0.47265625 0.68046875 0.0140625 0.0703125
1 0.840234375 0.69765625 0.01953125 0.1296875
1 0.854296875 0.70390625 0.02578125 0.1234375
1 0.24765625 0.68828125 0.0234375 0.1140625
1 0.26640625 0.690625 0.021875 0.109375
1 0.054296875 0.6859375 0.02890625 0.178125
1 0.023046875 0.7015625 0.03515625 0.171875
2 0.794140625 0.70078125 0.03359375 0.1640625
0 1 0.521875 0.00625 0.0375
0 1 0.52109375 0.00625 0.0328125
0 1 0.515625 0.01171875 0.034375
0 0.601953125 0.64765625 0.00390625 0.0390625
0 0.4265625 0.66875 0.00625 0.028125
0 0.070703125 0.6546875 0.01328125 0.078125
