1 1 0.6359375 0.01953125 0.1125
1 1 0.67265625 0.04140625 0.1984375
1 1 0.6515625 0.0203125 0.184375
1 1 0.634375 0.0375 0.171875
1 1 0.6796875 0.03359375 0.184375
1 1 0.659375 0.0453125 0.221875
1 0.3265625 0.71796875 0.03125 0.2484375
1 0.251171875 0.71015625 0.02890625 0.2453125
1 0.302734375 0.728125 0.02734375 0.253125
1 0.271484375 0.73203125 0.04609375 0.2390625
2 0.0140625 0.68984375 0.0171875 0.1140625
0 0.1453125 0.66328125 0.0203125 0.0203125
0 0.795703125 0.69609375 0.05703125 0.0453125
5 0 0 0 0
