1 1 0.6734375 0.025 0.134375
1 1 0.66796875 0.01875 0.1359375
1 1 0.67734375 0.0234375 0.1171875
1 1 0.68671875 0.02578125 0.1296875
1 1 0.66953125 0.01796875 0.1296875
1 1 0.6734375 0.03046875 0.15
1 1 0.6640625 0.03125 0.146875
0 1 0.64453125 0.0171875 0.1765625
0 1 0.62890625 0.02421875 0.1828125
0 1 0.60078125 0.00703125 0.0328125
0 0.99921875 0.64921875 0.0046875 0.0109375
0 0.978515625 0.66171875 0.00859375 0.0328125
0 1 0.64296875 0.00546875 0.0078125
0 1 0.66171875 0.01875 0.1296875
0 0.384375 0.66171875 0.040625 0.3140625
0 0.171875 0.6625 0.0078125 0.028125
0 0.7765625 0.65390625 0.00625 0.0140625
5 0 0 0 0
5 0 0 0 0
