1 0.35234375 0.6328125 0.065625 0.16875
1 0.945703125 0.69921875 0.01328125 0.0390625
1 0.8984375 0.72890625 0.0109375 0.0515625
1 1 0.72109375 0.01171875 0.0734375
1 1 0.72421875 0.01015625 0.0890625
1 1 0.721875 0.015625 0.096875
1 1 0.7375 0.034375 0.221875
1 1 0.7375 0.04140625 0.221875
1 0.4453125 0.6578125 0.0265625 0.0625
1 0.416796875 0.6703125 0.03203125 0.078125
1 0.600390625 0.7921875 0.03828125 0.234375
1 0.576171875 0.746875 0.06015625 0.334375
0 1 0.3984375 0.09921875 0.790625
0 1 0.45546875 0.05625 0.6203125
0 0.154296875 0.70078125 0.01953125 0.0234375
5 0 0 0 0
