1 1 0.6859375 0.00546875 0.046875
1 0.8671875 0.69453125 0.009375 0.0546875
1 0.95078125 0.6875 0.0125 0.0625
3 0.500390625 0.70625 0.01015625 0.0625
1 1 0.68046875 0.01328125 0.0609375
1 1 0.67890625 0.0109375 0.0515625
1 1 0.67578125 0.02265625 0.1234375
1 1 0.66484375 0.02265625 0.0921875
1 1 0.690625 0.009375 0.046875
1 1 0.66015625 0.01796875 0.1140625
1 1 0.6578125 0.02578125 0.1625
1 1 0.6578125 0.0359375 0.171875
1 0.275390625 0.72734375 0.03828125 0.2015625
2 1 0.69765625 0.0328125 0.1671875
2 1 0.690625 0.0328125 0.159375
0 0.15859375 0.50390625 0.0140625 0.0296875
0 0.2015625 0.51484375 0.0078125 0.0171875
0 0.722265625 0.5921875 0.05078125 0.0625
0 0.89140625 0.6859375 0.015625 0.01875
0 0.914453125 0.6875 0.01640625 0.015625
0 1 0.575 0.01953125 0.05
0 1 0.64140625 0.0265625 0.0609375
0 1 0.4796875 0.02421875 0.03125
0 1 0.67890625 0.01015625 0.0484375
0 0.842578125 0.6890625 0.02265625 0.021875
0 1 0.6765625 0.0078125 0.04375
0 1 0.46015625 0.01796875 0.0578125
0 1 0.5140625 0.0078125 0.03125
0 1 0.4734375 0.0078125 0.021875
5 0 0 0 0
5 0 0 0 0
