3 0.16484375 0.69765625 0.0140625 0.0390625
1 0.358984375 0.690625 0.01015625 0.040625
1 0.3484375 0.71328125 0.0171875 0.1265625
1 0.450390625 0.7 0.01953125 0.09375
1 0.719140625 0.69921875 0.00703125 0.0578125
1 0.827734375 0.71328125 0.00703125 0.0609375
1 0.837890625 0.70078125 0.01171875 0.0859375
1 0.87421875 0.7 0.009375 0.071875
1 0.86171875 0.69375 0.0171875 0.084375
1 0.980078125 0.66953125 0.00703125 0.0140625
1 0.8953125 0.73046875 0.0703125 0.3515625
1 0.938671875 0.7828125 0.04609375 0.26875
1 0.922265625 0.76640625 0.06015625 0.3140625
1 1 0.69921875 0.01015625 0.0609375
1 1 0.7890625 0.03046875 0.06875
1 1 0.7109375 0.02890625 0.209375
1 1 0.7375 0.03828125 0.2125
1 1 0.721875 0.05390625 0.2625
1 1 0.73046875 0.05859375 0.2984375
1 1 0.7171875 0.02421875 0.225
1 1 0.73125 0.03046875 0.228125
1 1 0.7234375 0.03046875 0.24375
1 1 0.60625 0.015625 0.0375
1 1 0.721875 0.0328125 0.24375
1 1 0.7171875 0.02109375 0.271875
1 1 0.721875 0.05078125 0.2875
1 1 0.72578125 0.0453125 0.2671875
1 1 0.73125 0.05859375 0.2875
1 1 0.7171875 0.0453125 0.26875
1 1 0.71796875 0.0515625 0.3140625
0 0.452734375 0.41328125 0.01171875 0.0421875
0 0.590625 0.69453125 0.0203125 0.0953125
0 0.61953125 0.70390625 0.0265625 0.0640625
0 0.016015625 0.70625 0.01171875 0.03125
0 0.041015625 0.721875 0.01015625 0.04375
0 0.380078125 0.69375 0.02109375 0.053125
0 0.80390625 0.69453125 0.0046875 0.0390625
0 0.3328125 0.6828125 0.0109375 0.05
0 0.1671875 0.7203125 0.021875 0.090625
0 0.84609375 0.69765625 0.0078125 0.0359375
0 0.758984375 0.634375 0.00703125 0.015625
0 0.64453125 0.68359375 0.015625 0.0546875
0 1 0.6046875 0.01484375 0.046875
5 0 0 0 0
5 0 0 0 0
5 0 0 0 0
5 0 0 0 0
5 0 0 0 0
5 0 0 0 0
5 0 0 0 0
5 0 0 0 0
5 0 0 0 0
5 0 0 0 0
