1 0.6046875 0.715625 0.0140625 0.078125
1 0.58671875 0.71953125 0.01875 0.0921875
1 0.565625 0.73359375 0.0453125 0.2203125
1 0.486328125 0.75234375 0.04921875 0.2578125
1 0.439453125 0.73515625 0.05546875 0.2703125
1 0.684375 0.71640625 0.025 0.1234375
1 0.7171875 0.7015625 0.0296875 0.146875
1 0.744140625 0.7125 0.02578125 0.128125
1 1 0.709375 0.02578125 0.175
1 1 0.75 0.04453125 0.271875
0 0.20390625 0.1875 0.0328125 0.090625
0 0.328515625 0.6921875 0.01640625 0.09375
0 0.9859375 0.57421875 0.028125 0.0765625
0 1 0.453125 0.06640625 0.1875
0 1 0.08359375 0.06953125 0.1578125
5 0 0 0 0
5 0 0 0 0
5 0 0 0 0
