1 0.8375 0.6359375 0.0109375 0.05625
1 0.3703125 0.61953125 0.021875 0.0546875
1 0.324609375 0.60625 0.03515625 0.08125
1 0.864453125 0.66328125 0.01640625 0.0921875
1 0.880078125 0.65546875 0.02109375 0.1015625
1 1 0.7015625 0.06875 0.4375
1 1 0.71484375 0.07734375 0.4390625
1 1 0.771875 0.1796875 0.940625
4 1 0.765625 0.05625 0.68125
0 0.895703125 0.4984375 0.00859375 0.025
0 0.9015625 0.621875 0.0078125 0.025
0 0.72890625 0.496875 0.009375 0.028125
0 0.156640625 0.57734375 0.01796875 0.0265625
0 0.7171875 0.6140625 0.021875 0.028125
