1 0.822265625 0.71953125 0.01015625 0.0453125
1 0.8328125 0.7265625 0.0078125 0.040625
1 0.84140625 0.72578125 0.0078125 0.0453125
1 0.853515625 0.72578125 0.01015625 0.0484375
1 0.860546875 0.72421875 0.01171875 0.0578125
1 1 0.71640625 0.01953125 0.1421875
1 1 0.7125 0.028125 0.146875
1 1 0.7125 0.028125 0.1625
1 0.44765625 0.74453125 0.0390625 0.1890625
1 0.504296875 0.75078125 0.03671875 0.1796875
1 0.97578125 0.71953125 0.034375 0.1765625
0 1 0.67734375 0.01640625 0.0765625
0 0.78046875 0.66484375 0.003125 0.0078125
0 0.83671875 0.66484375 0.003125 0.0078125
0 0.699609375 0.69609375 0.01484375 0.0421875
0 0.76875 0.70625 0.0046875 0.021875
0 0.84609375 0.71484375 0.00625 0.0359375
