1 0.836328125 0.71015625 0.00703125 0.0390625
1 0.78359375 0.70546875 0.009375 0.0484375
1 0.773046875 0.70234375 0.00859375 0.0546875
1 0.76640625 0.70703125 0.0109375 0.0578125
1 0.745703125 0.70703125 0.01171875 0.0578125
3 0.623828125 0.7484375 0.03359375 0.10625
1 0.465234375 0.6875 0.02734375 0.096875
1 1 0.71796875 0.02578125 0.1953125
1 1 0.728125 0.028125 0.209375
1 1 0.7515625 0.075 0.396875
1 1 0.7609375 0.06953125 0.3375
1 1 0.75390625 0.05078125 0.3234375
2 0.84609375 0.70546875 0.00625 0.0328125
2 0.87421875 0.70625 0.009375 0.04375
2 1 0.73828125 0.04140625 0.2046875
2 1 0.7734375 0.0421875 0.20625
0 0.984375 0.653125 0.0125 0.0375
0 0.975390625 0.703125 0.01171875 0.05625
0 0.810546875 0.69140625 0.00703125 0.0328125
0 1 0.709375 0.01640625 0.09375
5 0 0 0 0
5 0 0 0 0
5 0 0 0 0
5 0 0 0 0
5 0 0 0 0
5 0 0 0 0
5 0 0 0 0
5 0 0 0 0
5 0 0 0 0
5 0 0 0 0
5 0 0 0 0
