1 0.6234375 0.6578125 0.0046875 0.05
1 0.63515625 0.6515625 0.0078125 0.046875
4 0.650390625 0.6484375 0.00703125 0.046875
4 0.65546875 0.65 0.0046875 0.040625
1 1 0.65546875 0.0078125 0.0671875
1 1 0.65390625 0.0140625 0.0734375
1 1 0.7203125 0.00546875 0.025
1 1 0.6984375 0.01640625 0.10625
1 0.81328125 0.7125 0.0328125 0.165625
1 0.81328125 0.7203125 0.03125 0.15
1 0.840234375 0.7078125 0.03203125 0.16875
1 0.84921875 0.73203125 0.025 0.1328125
1 0.8484375 0.74296875 0.0234375 0.1265625
1 0.7640625 0.73515625 0.0203125 0.1390625
1 0.7890625 0.715625 0.0328125 0.175
1 0.737890625 0.7234375 0.03203125 0.16875
1 0.715234375 0.76328125 0.01953125 0.0984375
1 0.916796875 0.7015625 0.03671875 0.196875
2 0.9421875 0.70078125 0.015625 0.0734375
0 0.154296875 0.64296875 0.00546875 0.0171875
0 0.460546875 0.60859375 0.00703125 0.0203125
0 0.77109375 0.6484375 0.0109375 0.028125
