1 0.665625 0.67734375 0.00625 0.0328125
1 0.658203125 0.67890625 0.00546875 0.0390625
1 0.651171875 0.67890625 0.00859375 0.0390625
1 0.623828125 0.68359375 0.00859375 0.0515625
1 0.605078125 0.68359375 0.00859375 0.0515625
1 0.6328125 0.671875 0.0125 0.059375
1 0.51796875 0.71015625 0.0203125 0.0984375
1 0.48515625 0.678125 0.025 0.10625
1 0.458984375 0.6703125 0.03046875 0.15
1 0.348046875 0.6421875 0.02890625 0.08125
1 0.38515625 0.66640625 0.03125 0.1328125
1 0.091796875 0.709375 0.05546875 0.26875
1 0.026171875 0.690625 0.04140625 0.290625
1 0.848828125 0.68828125 0.02109375 0.1046875
3 0.384765625 0.71328125 0.02109375 0.0640625
3 0.3984375 0.76328125 0.0359375 0.1109375
4 0.439453125 0.78515625 0.02890625 0.1671875
3 0.381640625 0.75859375 0.11484375 0.2328125
3 0.3609375 0.7796875 0.04375 0.2
4 0.44375 0.7875 0.075 0.165625
2 0.875 0.7109375 0.0109375 0.05625
2 1 0.70859375 0.0546875 0.2671875
2 1 0.83046875 0.0375 0.1796875
2 1 0.72578125 0.10859375 0.5546875
4 1 0.83046875 0.04765625 0.2453125
0 0.925 0.59140625 0.0359375 0.0734375
0 0.998828125 0.59140625 0.04296875 0.0953125
0 0.73828125 0.6765625 0.0109375 0.059375
0 0.75234375 0.68828125 0.0078125 0.0421875
0 0.2375 0.646875 0.009375 0.1
0 0.26328125 0.64453125 0.0140625 0.1015625
0 0.297265625 0.6375 0.01171875 0.121875
0 0.320703125 0.6015625 0.02109375 0.08125
0 0.118359375 0.3859375 0.02109375 0.084375
0 0.320703125 0.25078125 0.01484375 0.0421875
0 0.953125 0.503125 0.0203125 0.0375
0 0.958203125 0.603125 0.02890625 0.053125
0 1 0.6109375 0.00703125 0.01875
5 0 0 0 0
5 0 0 0 0
5 0 0 0 0
5 0 0 0 0
5 0 0 0 0
5 0 0 0 0
5 0 0 0 0
5 0 0 0 0
