1 0.21015625 0.6515625 0.0265625 0.084375
1 0.780859375 0.684375 0.00546875 0.0875
1 0.801171875 0.7203125 0.02109375 0.103125
1 0.856640625 0.68671875 0.01953125 0.1140625
1 0.869140625 0.6921875 0.01796875 0.109375
1 0.828125 0.6875 0.034375 0.165625
1 1 0.715625 0.059375 0.2875
1 1 0.7296875 0.053125 0.275
1 1 0.71328125 0.03203125 0.2046875
1 1 0.70625 0.03671875 0.2125
1 1 0.70625 0.03125 0.253125
1 1 0.7140625 0.0390625 0.2375
1 0.704296875 0.72265625 0.04921875 0.2453125
0 0.995703125 0.35390625 0.03671875 0.1046875
0 1 0.38359375 0.0109375 0.0546875
0 1 0.39453125 0.01171875 0.0265625
0 1 0.6734375 0.01875 0.059375
0 0.43203125 0.6890625 0.01875 0.040625
0 0.48515625 0.68671875 0.01875 0.0453125
0 1 0.65703125 0.0125 0.0578125
