1 0.576953125 0.7359375 0.00703125 0.034375
1 0.568359375 0.73671875 0.00546875 0.0359375
1 0.554296875 0.73828125 0.00859375 0.0421875
1 0.5859375 0.7359375 0.0078125 0.034375
1 1 0.653125 0.03359375 0.2
1 1 0.69296875 0.0234375 0.1140625
0 1 0.56328125 0.0546875 0.1046875
0 1 0.6765625 0.03359375 0.20625
0 1 0.5875 0.00859375 0.021875
0 1 0.64296875 0.01328125 0.0453125
0 1 0.69140625 0.00703125 0.0453125
0 0.97265625 0.7 0.0109375 0.021875
0 0.971484375 0.67109375 0.00703125 0.0203125
0 0.377734375 0.703125 0.01484375 0.0375
0 0.37890625 0.74453125 0.0125 0.0328125
0 0.612109375 0.73046875 0.01171875 0.0390625
