1 1 0.56875 0.0125 0.053125
1 1 0.5328125 0.02265625 0.059375
1 1 0.55 0.025 0.075
1 1 0.64609375 0.04375 0.2015625
1 0.458984375 0.6125 0.01171875 0.021875
1 1 0.6046875 0.00859375 0.05625
1 1 0.571875 0.01171875 0.025
1 1 0.56484375 0.00625 0.0328125
1 1 0.56953125 0.00703125 0.0140625
1 1 0.571875 0.00703125 0.01875
1 0.9921875 0.5703125 0.0109375 0.03125
1 0.859375 0.65703125 0.028125 0.1796875
1 0.903125 0.63046875 0.0359375 0.1359375
1 0.9234375 0.64453125 0.025 0.2109375
1 0.758984375 0.64140625 0.00703125 0.0328125
1 0.963671875 0.64140625 0.02578125 0.1359375
1 0.985546875 0.6421875 0.02109375 0.121875
1 1 0.6515625 0.02890625 0.1875
1 0.983984375 0.6953125 0.01484375 0.103125
1 0.99765625 0.63828125 0.0296875 0.1578125
1 1 0.61015625 0.0140625 0.0734375
1 1 0.6046875 0.01640625 0.0875
1 1 0.59921875 0.01484375 0.0953125
1 1 0.6109375 0.0109375 0.071875
1 1 0.60390625 0.01328125 0.0859375
1 1 0.596875 0.0171875 0.1
1 1 0.5921875 0.01796875 0.109375
1 1 0.596875 0.015625 0.1
4 1 0.58203125 0.00390625 0.0234375
1 1 0.59375 0.01953125 0.10625
1 1 0.59140625 0.02265625 0.1078125
1 1 0.6078125 0.01171875 0.08125
1 1 0.56796875 0.009375 0.0171875
1 1 0.5921875 0.0203125 0.1125
1 1 0.5890625 0.02265625 0.115625
1 1 0.65546875 0.021875 0.1796875
1 1 0.56953125 0.01796875 0.0609375
1 1 0.6234375 0.025 0.096875
1 1 0.65859375 0.03046875 0.1671875
1 1 0.55 0.00625 0.03125
1 1 0.54375 0.01015625 0.034375
1 1 0.5609375 0.01171875 0.0375
1 1 0.56640625 0.01328125 0.0578125
1 1 0.65078125 0.02421875 0.1859375
1 1 0.65078125 0.01796875 0.1859375
1 1 0.62421875 0.01484375 0.1328125
1 1 0.56328125 0.0046875 0.0234375
1 1 0.5609375 0.00703125 0.015625
0 1 0.54140625 0.0203125 0.0453125
0 1 0.53671875 0.02109375 0.0609375
0 1 0.52734375 0.01171875 0.0390625
0 0.665234375 0.59609375 0.01015625 0.0578125
0 0.63203125 0.5890625 0.0140625 0.109375
0 0.578125 0.56796875 0.0078125 0.0109375
0 0.141015625 0.57109375 0.00546875 0.0234375
