1 0.081640625 0.55078125 0.00703125 0.0140625
1 0.13828125 0.578125 0.0046875 0.040625
1 0.144921875 0.575 0.00546875 0.046875
1 0.150390625 0.57578125 0.01328125 0.0671875
1 0.1140625 0.63515625 0.0234375 0.1109375
1 0.425390625 0.58125 0.01171875 0.01875
1 0.462890625 0.58203125 0.00859375 0.0140625
1 0.474609375 0.584375 0.00546875 0.009375
1 0.198828125 0.63046875 0.02109375 0.1171875
1 0.216796875 0.63046875 0.02109375 0.1140625
1 0.224609375 0.646875 0.02421875 0.11875
1 0.252734375 0.628125 0.01640625 0.103125
1 0.274609375 0.62421875 0.01796875 0.1015625
1 0.291796875 0.6265625 0.02265625 0.1125
1 0.262890625 0.65390625 0.02421875 0.1171875
1 1 0.73671875 0.1484375 0.8234375
1 0.779296875 0.65 0.03984375 0.196875
1 0.835546875 0.65078125 0.02578125 0.2046875
1 0.815625 0.6484375 0.0390625 0.2
1 0.77734375 0.69296875 0.0234375 0.1328125
1 0.89921875 0.7015625 0.0921875 0.509375
1 0.87578125 0.70625 0.1171875 0.578125
1 0.966015625 0.74921875 0.12265625 0.8234375
1 1 0.765625 0.140625 0.84375
1 0.7328125 0.60859375 0.0109375 0.1078125
1 0.480078125 0.64375 0.03046875 0.153125
1 0.641796875 0.83515625 0.21328125 1
1 0.646875 0.89453125 0.240625 1
2 1 0.60234375 0.0359375 0.1734375
2 0.559375 0.6390625 0.075 0.3625
