1 1 0.6203125 0.01875 0.05
1 0.703515625 0.31875 0.01953125 0.034375
1 0.737109375 0.32421875 0.01328125 0.0296875
1 0.7828125 0.32890625 0.0171875 0.0296875
1 0.798046875 0.32890625 0.01640625 0.0328125
1 0.842578125 0.33359375 0.01484375 0.0296875
1 0.86640625 0.340625 0.009375 0.01875
1 0.878125 0.3390625 0.0140625 0.025
1 0.89296875 0.3453125 0.0109375 0.015625
1 0.492578125 0.29921875 0.01484375 0.0359375
1 0.604296875 0.59453125 0.01484375 0.0171875
1 0.628125 0.59140625 0.0140625 0.0203125
1 0.673046875 0.61953125 0.00546875 0.0296875
1 0.730078125 0.6265625 0.00859375 0.05625
1 0.71953125 0.6296875 0.0171875 0.084375
1 0.7390625 0.634375 0.015625 0.078125
1 0.76328125 0.64453125 0.0171875 0.1015625
1 0.7796875 0.64140625 0.0203125 0.1046875
1 0.864453125 0.66328125 0.03359375 0.2015625
1 0.830078125 0.659375 0.03828125 0.209375
1 0.29609375 0.6140625 0.0265625 0.15625
1 0.3921875 0.6328125 0.0234375 0.134375
1 0.41875 0.646875 0.034375 0.16875
1 0.442578125 0.659375 0.02890625 0.159375
1 1 0.7140625 0.071875 0.39375
1 1 0.7078125 0.0609375 0.421875
1 1 0.7 0.07890625 0.440625
0 1 0.55078125 0.04453125 0.0765625
0 0.848828125 0.50859375 0.01328125 0.0671875
0 0.09453125 0.53828125 0.009375 0.0265625
5 0 0 0 0
5 0 0 0 0
5 0 0 0 0
5 0 0 0 0
