1 0.774609375 0.63828125 0.01171875 0.0609375
1 0.783984375 0.64140625 0.00703125 0.0515625
1 0.7953125 0.64296875 0.00625 0.0515625
1 0.78984375 0.64296875 0.009375 0.0546875
1 0.80390625 0.6453125 0.009375 0.053125
1 0.8484375 0.64921875 0.0140625 0.0703125
1 0.855078125 0.64921875 0.01328125 0.0796875
1 0.87421875 0.62109375 0.00625 0.0265625
1 0.880859375 0.64765625 0.01171875 0.0890625
1 0.86875 0.653125 0.0171875 0.090625
1 0.9015625 0.6484375 0.0171875 0.1
1 0.88984375 0.65078125 0.0171875 0.0890625
1 0.922265625 0.646875 0.01796875 0.1
1 1 0.65390625 0.03046875 0.1828125
1 1 0.6609375 0.02890625 0.165625
1 1 0.65546875 0.034375 0.1703125
1 1 0.67890625 0.05703125 0.2796875
1 1 0.65078125 0.06171875 0.3296875
1 0.5609375 0.64296875 0.0046875 0.0296875
1 0.566015625 0.6421875 0.00546875 0.03125
1 0.514453125 0.64921875 0.01015625 0.0484375
1 0.501953125 0.6453125 0.01015625 0.046875
1 0.421484375 0.66171875 0.01171875 0.0734375
1 0.3921875 0.63125 0.00625 0.025
1 0.396484375 0.6640625 0.01328125 0.08125
1 0.382421875 0.6625 0.01640625 0.0875
1 0.407421875 0.6578125 0.01796875 0.09375
1 0.31796875 0.66953125 0.025 0.1234375
1 0.2875 0.66875 0.025 0.121875
0 1 0.61640625 0.00859375 0.0296875
