1 0.566015625 0.6625 0.01328125 0.08125
1 0.548828125 0.66640625 0.01171875 0.0703125
1 0.457421875 0.6640625 0.00546875 0.04375
3 0.449609375 0.66171875 0.00859375 0.0453125
3 0.804296875 0.63515625 0.01015625 0.0171875
1 0.783984375 0.64375 0.00859375 0.01875
1 1 0.6078125 0.04453125 0.159375
1 1 0.71640625 0.059375 0.3546875
1 1 0.75859375 0.0765625 0.3921875
1 1 0.75625 0.0859375 0.43125
0 0.256640625 0.58359375 0.00703125 0.0171875
0 0.281640625 0.334375 0.02578125 0.04375
5 0 0 0 0
5 0 0 0 0
