1 0.75390625 0.72890625 0.0125 0.0453125
1 0.063671875 0.725 0.01953125 0.034375
1 0.853125 0.75859375 0.03125 0.1734375
1 0.791796875 0.72421875 0.03359375 0.1234375
1 0.71328125 0.734375 0.0203125 0.071875
1 0.766015625 0.74453125 0.02421875 0.1171875
1 0.673828125 0.746875 0.02109375 0.121875
1 0.478515625 0.75390625 0.03671875 0.1765625
1 0.2375 0.74375 0.0375 0.1625
1 0.0796875 0.728125 0.015625 0.04375
1 0.034765625 0.7078125 0.02890625 0.10625
1 0.017578125 0.71484375 0.02421875 0.1640625
2 1 0.7578125 0.01015625 0.040625
0 1 0.7296875 0.00390625 0.021875
0 0.49453125 0.71015625 0.0140625 0.0484375
0 0.362109375 0.74765625 0.01796875 0.0421875
0 0.984765625 0.715625 0.01015625 0.01875
5 0 0 0 0
5 0 0 0 0
