1 0.059765625 0.64453125 0.03203125 0.1859375
1 0.0796875 0.63984375 0.03125 0.2046875
1 0.022265625 0.646875 0.03359375 0.1875
1 0.16015625 0.6546875 0.034375 0.16875
1 0.58046875 0.65859375 0.034375 0.1796875
1 0.724609375 0.57421875 0.01328125 0.0234375
1 0.76171875 0.59765625 0.015625 0.0484375
1 0.775 0.65625 0.0265625 0.1875
1 0.80703125 0.62734375 0.0296875 0.0953125
1 0.828515625 0.65859375 0.02265625 0.1921875
1 0.93046875 0.6640625 0.0265625 0.184375
1 0.91796875 0.64609375 0.01875 0.1078125
1 0.924609375 0.6953125 0.03203125 0.153125
1 0.946484375 0.71171875 0.01015625 0.0703125
1 0.972265625 0.6796875 0.02109375 0.165625
1 0.901953125 0.67265625 0.03671875 0.1984375
1 0.958984375 0.6703125 0.03046875 0.1875
1 0.9796875 0.6875 0.0203125 0.1875
1 1 0.6875 0.0265625 0.159375
1 1 0.6890625 0.0375 0.18125
1 1 0.7296875 0.034375 0.075
1 1 0.69375 0.0078125 0.0375
1 1 0.68671875 0.009375 0.0578125
1 1 0.6875 0.01953125 0.15
1 1 0.71171875 0.01640625 0.1109375
1 0.62734375 0.61484375 0.0390625 0.0921875
1 0.592578125 0.6625 0.00703125 0.034375
1 1 0.678125 0.05625 0.271875
1 1 0.70546875 0.00625 0.0796875
1 1 0.70546875 0.01953125 0.0984375
1 1 0.715625 0.01796875 0.103125
1 1 0.71328125 0.0171875 0.1109375
1 1 0.7046875 0.01328125 0.09375
1 1 0.70546875 0.01640625 0.0921875
1 1 0.70625 0.01953125 0.096875
1 1 0.7046875 0.01484375 0.096875
1 1 0.7171875 0.0203125 0.103125
1 1 0.728125 0.01875 0.10625
1 1 0.753125 0.0109375 0.059375
1 1 0.74296875 0.01640625 0.0890625
3 1 0.7375 0.01015625 0.046875
3 1 0.7546875 0.021875 0.05625
1 1 0.69453125 0.0671875 0.3265625
1 1 0.71015625 0.059375 0.2890625
1 0.555859375 0.65859375 0.03828125 0.2046875
5 0 0 0 0
5 0 0 0 0
5 0 0 0 0
5 0 0 0 0
5 0 0 0 0
5 0 0 0 0
5 0 0 0 0
5 0 0 0 0
