1 1 0.59765625 0.00703125 0.0359375
3 1 0.6046875 0.01796875 0.04375
1 1 0.60078125 0.01015625 0.0421875
1 1 0.603125 0.00859375 0.046875
1 1 0.5984375 0.01328125 0.05625
1 1 0.584375 0.02734375 0.125
1 1 0.62578125 0.04453125 0.2328125
1 1 0.59765625 0.05078125 0.2703125
3 0.68359375 0.61875 0.0375 0.215625
1 1 0.603125 0.0265625 0.2
1 1 0.60234375 0.028125 0.2046875
0 0.456640625 0.4421875 0.01640625 0.04375
0 0.426171875 0.42734375 0.03671875 0.1109375
0 0.459765625 0.54453125 0.01328125 0.0359375
0 0.442578125 0.540625 0.01171875 0.04375
0 0.42421875 0.53671875 0.0140625 0.0328125
