1 0.137109375 0.584375 0.01328125 0.053125
1 0.344921875 0.709375 0.07734375 0.553125
1 0.2375 0.68125 0.059375 0.478125
1 0.2671875 0.6890625 0.14375 0.7
1 0.472265625 0.65703125 0.09453125 0.4671875
1 0.544921875 0.675 0.07890625 0.45625
1 1 0.58125 0.0328125 0.15625
1 0.99609375 0.58671875 0.0265625 0.1453125
1 1 0.5640625 0.0375 0.196875
1 1 0.57421875 0.03359375 0.1828125
1 0.472265625 0.7015625 0.08359375 0.41875
1 0.9828125 0.590625 0.0171875 0.140625
1 1 0.58515625 0.0296875 0.1453125
1 1 0.57421875 0.03125 0.1796875
1 0.1140625 0.59609375 0.0125 0.0609375
1 0.175 0.69453125 0.0671875 0.4859375
0 0.965234375 0.43984375 0.01328125 0.0171875
0 1 0.5453125 0.00625 0.021875
0 1 0.2515625 0.009375 0.025
0 0.400390625 0.553125 0.00390625 0.009375
