3 0.224609375 0.6859375 0.04140625 0.090625
1 0.322265625 0.6609375 0.02109375 0.125
1 0.403515625 0.65859375 0.00859375 0.0859375
1 0.393359375 0.65703125 0.01796875 0.0984375
1 0.409375 0.6546875 0.0140625 0.09375
1 0.436328125 0.64375 0.00703125 0.059375
1 0.451953125 0.65234375 0.01953125 0.0921875
1 0.520703125 0.64296875 0.00859375 0.0640625
1 0.938671875 0.60703125 0.00703125 0.0171875
1 1 0.5671875 0.0125 0.01875
2 0.2984375 0.64140625 0.0234375 0.1265625
2 0.344140625 0.65234375 0.01796875 0.1109375
