3 0.15859375 0.54921875 0.021875 0.0703125
1 0.890625 0.571875 0.0140625 0.06875
3 1 0.52734375 0.01796875 0.0359375
3 1 0.5453125 0.0265625 0.053125
3 1 0.5390625 0.00859375 0.028125
3 1 0.5359375 0.015625 0.05625
1 1 0.546875 0.02890625 0.1375
3 1 0.5515625 0.01640625 0.0625
3 1 0.58046875 0.04140625 0.1265625
3 1 0.56484375 0.0359375 0.0828125
3 1 0.5625 0.02578125 0.053125
3 1 0.53828125 0.0265625 0.0390625
3 1 0.60078125 0.046875 0.1390625
3 1 0.59921875 0.034375 0.1359375
3 1 0.5375 0.02109375 0.028125
3 1 0.53515625 0.00859375 0.0328125
3 1 0.59921875 0.040625 0.1390625
3 1 0.571875 0.0375 0.096875
3 1 0.56015625 0.034375 0.0359375
3 1 0.578125 0.03046875 0.1
3 1 0.55390625 0.02421875 0.0828125
3 1 0.5546875 0.03046875 0.08125
3 1 0.6015625 0.025 0.1375
3 1 0.5671875 0.03671875 0.075
3 1 0.5671875 0.0203125 0.05
3 0.252734375 0.590625 0.01015625 0.03125
1 1 0.590625 0.04375 0.215625
1 0.011328125 0.6234375 0.01171875 0.228125
3 0.084375 0.55390625 0.0078125 0.0359375
3 0.077734375 0.57734375 0.01953125 0.0828125
3 0.064453125 0.5765625 0.03359375 0.08125
1 0.129296875 0.52265625 0.01171875 0.0640625
3 0.235546875 0.6453125 0.04609375 0.109375
3 0.12578125 0.5921875 0.015625 0.1
1 0.211328125 0.515625 0.02578125 0.08125
3 0.21875 0.5390625 0.0171875 0.03125
3 0.20390625 0.55 0.0171875 0.05
3 0.1890625 0.5640625 0.0265625 0.071875
3 0.170703125 0.56015625 0.01640625 0.0296875
1 0.02734375 0.6359375 0.04375 0.325
3 0.144921875 0.6359375 0.04921875 0.171875
1 0.106640625 0.6078125 0.04140625 0.271875
3 0.19765625 0.6421875 0.040625 0.125
1 0.415625 0.575 0.0140625 0.1125
3 0.401953125 0.57578125 0.02109375 0.1171875
1 0.454296875 0.55546875 0.03203125 0.1703125
1 0.298828125 0.59296875 0.03984375 0.2640625
1 0.247265625 0.596875 0.05234375 0.253125
1 0.390625 0.528125 0.0171875 0.134375
1 0.38046875 0.5796875 0.046875 0.23125
1 0.435546875 0.590625 0.03359375 0.203125
1 0.69453125 0.5640625 0.015625 0.078125
1 0.859765625 0.590625 0.04609375 0.225
1 0.76953125 0.59140625 0.04375 0.2421875
2 0.8484375 0.5875 0.0109375 0.040625
0 1 0.43515625 0.01015625 0.0359375
0 0.586328125 0.5484375 0.01328125 0.075
0 0.5375 0.18515625 0.053125 0.2265625
0 0.63515625 0.5421875 0.015625 0.06875
0 1 0.17734375 0.034375 0.2328125
5 0 0 0 0
5 0 0 0 0
5 0 0 0 0
5 0 0 0 0
5 0 0 0 0
5 0 0 0 0
5 0 0 0 0
5 0 0 0 0
5 0 0 0 0
