3 1 0.6296875 0.01171875 0.021875
3 1 0.63671875 0.01328125 0.0328125
1 1 0.62265625 0.015625 0.0953125
1 1 0.62734375 0.01796875 0.0890625
1 1 0.6140625 0.01796875 0.103125
1 1 0.60625 0.01796875 0.14375
1 1 0.61796875 0.02421875 0.1328125
1 1 0.57421875 0.01484375 0.0765625
1 1 0.640625 0.04140625 0.196875
1 1 0.60625 0.01328125 0.1125
1 1 0.57421875 0.00859375 0.0234375
1 1 0.60859375 0.01796875 0.1140625
1 1 0.57421875 0.01484375 0.0546875
1 1 0.6 0.02734375 0.15
1 1 0.61328125 0.02734375 0.1515625
1 1 0.60625 0.01640625 0.153125
1 1 0.6140625 0.03046875 0.15625
1 1 0.61171875 0.01953125 0.1359375
1 1 0.6015625 0.01171875 0.146875
1 1 0.6109375 0.034375 0.165625
1 1 0.6203125 0.0359375 0.171875
1 1 0.578125 0.009375 0.08125
1 1 0.5765625 0.0171875 0.078125
1 1 0.60546875 0.02109375 0.1359375
1 1 0.5921875 0.0375 0.140625
1 1 0.65234375 0.03515625 0.1921875
1 1 0.640625 0.01171875 0.065625
1 1 0.64375 0.0125 0.059375
1 1 0.64296875 0.0125 0.0640625
1 0.995703125 0.63984375 0.01171875 0.0703125
1 0.973828125 0.64453125 0.01015625 0.0609375
1 0.9625 0.64140625 0.009375 0.0515625
1 0.952734375 0.63984375 0.00859375 0.0578125
1 0.940234375 0.64609375 0.01171875 0.0640625
1 0.949609375 0.653125 0.01171875 0.053125
1 0.953515625 0.65703125 0.00703125 0.0359375
1 0.559375 0.67578125 0.009375 0.0421875
1 0.548046875 0.678125 0.01015625 0.05
1 0.53515625 0.68515625 0.00625 0.0328125
1 0.527734375 0.68828125 0.00234375 0.0265625
1 0.52109375 0.6859375 0.00625 0.03125
1 0.5046875 0.6765625 0.00625 0.04375
1 0.51015625 0.6734375 0.0109375 0.05625
1 0.475 0.6765625 0.0109375 0.053125
1 0.48203125 0.6625 0.0171875 0.08125
1 0.496484375 0.67421875 0.01171875 0.0578125
1 0.458984375 0.678125 0.01171875 0.053125
1 0.444140625 0.66328125 0.01484375 0.0828125
1 0.35859375 0.67734375 0.0125 0.0578125
1 0.371484375 0.66640625 0.01640625 0.0796875
1 0.3859375 0.66015625 0.01875 0.0921875
1 0.340625 0.66953125 0.015625 0.0765625
1 0.3171875 0.66953125 0.0109375 0.0765625
1 0.298828125 0.66796875 0.02421875 0.1328125
1 0.278125 0.665625 0.021875 0.1375
1 0.229296875 0.66015625 0.00703125 0.0671875
1 0.2625 0.70546875 0.03125 0.2078125
1 0.242578125 0.70390625 0.02890625 0.2203125
1 0.209375 0.63125 0.0046875 0.034375
1 0.21484375 0.70234375 0.0140625 0.1140625
1 0.0984375 0.66484375 0.01875 0.0984375
1 0.153125 0.628125 0.021875 0.065625
1 0.183984375 0.68203125 0.02109375 0.1671875
1 0.172265625 0.721875 0.02109375 0.246875
1 0.155859375 0.72890625 0.04765625 0.2578125
1 0.11875 0.72578125 0.0328125 0.2578125
1 0.06171875 0.66640625 0.0234375 0.1546875
1 0.068359375 0.67890625 0.03046875 0.1515625
1 0.009765625 0.6796875 0.00859375 0.115625
1 0.03203125 0.67421875 0.03125 0.1515625
3 1 0.6265625 0.0078125 0.021875
3 1 0.63203125 0.01796875 0.0265625
1 1 0.60859375 0.0171875 0.1171875
4 0.547265625 0.6828125 0.01640625 0.025
5 0 0 0 0
5 0 0 0 0
5 0 0 0 0
5 0 0 0 0
5 0 0 0 0
5 0 0 0 0
5 0 0 0 0
5 0 0 0 0
5 0 0 0 0
5 0 0 0 0
5 0 0 0 0
5 0 0 0 0
5 0 0 0 0
5 0 0 0 0
