1 0.89453125 0.56171875 0.009375 0.0265625
3 0.877734375 0.57109375 0.01171875 0.0515625
1 0.86640625 0.57421875 0.0109375 0.0515625
1 1 0.5234375 0.028125 0.0375
1 1 0.56875 0.0828125 0.3125
1 0.798828125 0.578125 0.01015625 0.05
1 0.729296875 0.59296875 0.00703125 0.0515625
1 0.547265625 0.64140625 0.02109375 0.1453125
1 0.3625 0.58046875 0.0140625 0.0328125
1 0.301953125 0.63359375 0.04453125 0.1515625
1 0.037890625 0.5765625 0.05546875 0.128125
2 0.864453125 0.6515625 0.02734375 0.13125
2 0.665234375 0.62734375 0.01953125 0.0953125
2 0.63125 0.64453125 0.0296875 0.1578125
2 0.41640625 0.7234375 0.06875 0.334375
0 0.973828125 0.509375 0.01328125 0.03125
0 0.9578125 0.5453125 0.0046875 0.01875
5 0 0 0 0
5 0 0 0 0
5 0 0 0 0
5 0 0 0 0
