1 0.173046875 0.628125 0.02109375 0.134375
3 0.298046875 0.6640625 0.03046875 0.06875
1 0.3671875 0.728125 0.13125 0.70625
4 0.582421875 0.6171875 0.00859375 0.0125
1 0.8578125 0.75 0.115625 0.559375
1 1 0.5609375 0.009375 0.025
1 1 0.58671875 0.01484375 0.0796875
1 1 0.78125 0.08671875 0.553125
1 1 0.76875 0.13046875 0.675
4 1 0.7203125 0.04140625 0.06875
4 1 0.73671875 0.01171875 0.0140625
4 1 1 0.0125 0.04375
4 0.13125 0.728125 0.0078125 0.021875
2 0.132421875 0.61953125 0.02578125 0.1390625
3 1 0.95859375 0.11796875 0.3171875
