1 1 0.60703125 0.009375 0.0453125
1 1 0.60625 0.01171875 0.034375
1 1 0.584375 0.01015625 0.03125
1 1 0.58359375 0.01015625 0.0296875
1 1 0.590625 0.0125 0.0375
1 1 0.753125 0.1 0.571875
1 1 0.74921875 0.13046875 0.6359375
1 0.853515625 0.6234375 0.00859375 0.025
1 0.8234375 0.725 0.1109375 0.559375
1 0.813671875 0.775 0.11015625 0.54375
1 0.521875 0.6625 0.00625 0.0375
1 0.423046875 0.65859375 0.01015625 0.0640625
1 0.586328125 0.740625 0.08671875 0.446875
1 0.560546875 0.7515625 0.09609375 0.46875
1 0.64140625 0.728125 0.08125 0.584375
1 0.719140625 0.7953125 0.13515625 0.659375
1 0.658984375 0.8265625 0.14140625 0.690625
1 1 0.82578125 0.0375 0.2078125
1 0.97890625 0.73671875 0.096875 0.6171875
1 0.430859375 0.66328125 0.01328125 0.0640625
1 0.444140625 0.65859375 0.01328125 0.0734375
1 0.50078125 0.765625 0.0859375 0.484375
1 0.334375 0.7484375 0.0484375 0.475
1 0.2859375 0.68046875 0.0171875 0.0828125
1 0.398046875 0.7453125 0.13828125 0.7125
1 0.25703125 0.75078125 0.0453125 0.3828125
1 0.2390625 0.8 0.0828125 0.66875
1 0.319140625 0.790625 0.07109375 0.459375
1 0.25703125 0.915625 0.034375 0.140625
4 0.02265625 1 0.0359375 0.1453125
1 0.315625 0.80859375 0.153125 0.7453125
1 0.153515625 0.78984375 0.12578125 0.7171875
1 0.209765625 0.82421875 0.16015625 0.7765625
1 1 0.73828125 0.1046875 0.5109375
2 0.5 0.64140625 0.009375 0.0421875
2 0.508984375 0.66328125 0.01640625 0.0796875
0 1 0.5953125 0.034375 0.065625
0 1 0.575 0.02109375 0.06875
5 0 0 0 0
5 0 0 0 0
5 0 0 0 0
