1 0.87578125 0.19453125 0.0109375 0.0515625
1 0.820703125 0.2265625 0.01484375 0.0625
1 0.6328125 0.41953125 0.0140625 0.0640625
1 0.8265625 0.22890625 0.0109375 0.0453125
1 0.648828125 0.40703125 0.01640625 0.0578125
1 0.764453125 0.30703125 0.01015625 0.0609375
1 0.775 0.30703125 0.0109375 0.0453125
1 0.7203125 0.32265625 0.0125 0.0546875
1 0.73125 0.3265625 0.0125 0.05
1 0.423046875 0.66015625 0.01953125 0.1265625
1 0.542578125 0.6796875 0.05078125 0.246875
1 0.443359375 0.665625 0.02421875 0.121875
1 0.6484375 0.68203125 0.0125 0.2265625
1 0.769140625 0.64609375 0.01484375 0.1390625
1 0.620703125 0.67265625 0.02734375 0.2296875
1 0.631640625 0.6859375 0.04140625 0.246875
1 0.6796875 0.69296875 0.01875 0.2328125
1 0.661328125 0.6859375 0.04765625 0.26875
1 0.69453125 0.67734375 0.0390625 0.2671875
1 0.7546875 0.6953125 0.028125 0.225
1 0.734375 0.684375 0.05625 0.275
1 0.791796875 0.6796875 0.04921875 0.240625
1 0.5859375 0.69140625 0.05 0.2421875
1 0.86953125 0.67421875 0.0625 0.3015625
2 0.18359375 0.62265625 0.015625 0.0703125
0 1 0.65390625 0.0265625 0.0328125
0 1 0.59609375 0.015625 0.0515625
0 1 0.60625 0.01484375 0.040625
0 1 0.584375 0.021875 0.046875
0 0.96640625 0.5984375 0.0203125 0.0375
0 1 0.58984375 0.021875 0.0296875
0 0.564453125 0.46953125 0.00859375 0.0203125
0 0.4828125 0.509375 0.00625 0.0125
0 0.423828125 0.53984375 0.00703125 0.0140625
