1 1 0.64609375 0.009375 0.0484375
3 1 0.64375 0.00859375 0.04375
3 1 0.64609375 0.01328125 0.0453125
1 1 0.6328125 0.02109375 0.103125
1 0.742578125 0.5546875 0.01796875 0.071875
1 0.825390625 0.6109375 0.02578125 0.14375
1 0.85859375 0.6265625 0.0234375 0.140625
1 0.759765625 0.5953125 0.03515625 0.084375
1 0.717578125 0.6765625 0.06171875 0.421875
1 0.682421875 0.696875 0.06640625 0.39375
1 0.026171875 0.665625 0.04140625 0.26875
4 0.010546875 0.71484375 0.01171875 0.1984375
1 0.1703125 0.6609375 0.015625 0.190625
1 0.15859375 0.6546875 0.0328125 0.215625
1 0.190625 0.66796875 0.0484375 0.2453125
1 0.13671875 0.6703125 0.053125 0.25625
1 0.310546875 0.6546875 0.04453125 0.228125
1 0.34453125 0.65859375 0.0390625 0.2171875
1 0.471484375 0.69921875 0.05078125 0.3609375
1 0.4359375 0.68671875 0.08125 0.3984375
1 1 0.71796875 0.109375 0.5328125
1 0.95234375 0.71015625 0.11875 0.5765625
2 1 0.646875 0.03125 0.15
1 0.796484375 0.59375 0.03671875 0.0875
