1 1 0.59765625 0.0125 0.0828125
1 1 0.60234375 0.0140625 0.0765625
1 1 0.58359375 0.0109375 0.0890625
1 1 0.59296875 0.01796875 0.0953125
1 0.96640625 0.5921875 0.0203125 0.10625
1 0.91171875 0.58828125 0.0125 0.1109375
1 0.88671875 0.6234375 0.0515625 0.303125
1 0.9375 0.61875 0.05625 0.34375
1 0.989453125 0.62421875 0.04609375 0.3046875
1 1 0.60078125 0.06328125 0.3078125
1 1 0.6046875 0.06484375 0.31875
1 1 0.6046875 0.040625 0.3125
1 1 0.609375 0.06484375 0.315625
1 0.7296875 0.61015625 0.0234375 0.2140625
1 0.708984375 0.5953125 0.03203125 0.24375
1 0.684765625 0.60859375 0.04765625 0.2421875
1 0.73359375 0.59140625 0.05625 0.2765625
1 0.60625 0.61015625 0.03125 0.2328125
1 0.6421875 0.6 0.05 0.246875
1 0.2734375 0.621875 0.0140625 0.075
1 0.29296875 0.62421875 0.01875 0.0921875
3 0.51328125 0.61171875 0.0140625 0.0515625
1 0.10859375 0.63203125 0.015625 0.0890625
1 0.051171875 0.634375 0.01328125 0.084375
1 0.062109375 0.63515625 0.01640625 0.0828125
2 0.158203125 0.6171875 0.07109375 0.346875
2 0.02421875 0.63359375 0.0375 0.2859375
0 1 0.51328125 0.01015625 0.0265625
5 0 0 0 0
