1 0.819140625 0.53828125 0.01328125 0.0609375
1 1 0.490625 0.05859375 0.16875
1 1 0.51328125 0.05234375 0.1640625
1 1 0.49296875 0.06484375 0.2421875
1 0.700390625 0.54140625 0.01328125 0.0640625
1 0.709375 0.53515625 0.015625 0.0546875
1 0.68671875 0.54609375 0.0140625 0.0703125
1 0.575 0.5671875 0.0171875 0.084375
1 0.092578125 0.56796875 0.01484375 0.0171875
1 0.109765625 0.565625 0.01328125 0.028125
2 1 0.66171875 0.08984375 0.4390625
2 0.923046875 0.69140625 0.09296875 0.4515625
0 0.95625 0.4640625 0.009375 0.040625
0 1 0.1796875 0.034375 0.09375
5 0 0 0 0
5 0 0 0 0
5 0 0 0 0
5 0 0 0 0
5 0 0 0 0
5 0 0 0 0
