1 1 0.53671875 0.00703125 0.0140625
1 1 0.53046875 0.03359375 0.0890625
1 1 0.55 0.0078125 0.053125
1 1 0.52734375 0.03125 0.0984375
1 1 0.57109375 0.03359375 0.2078125
1 1 0.58203125 0.0453125 0.2171875
1 1 0.56796875 0.03125 0.4234375
1 0.4078125 0.5796875 0.0203125 0.046875
1 0.952734375 0.684375 0.11328125 0.646875
1 0.88125 0.73359375 0.11875 0.5796875
1 0.3890625 0.59140625 0.0109375 0.0234375
1 0.4265625 0.596875 0.003125 0.015625
1 0.526171875 0.72421875 0.13359375 0.6515625
1 0.619140625 0.7046875 0.13984375 0.734375
0 0.19140625 0.66171875 0.0234375 0.0796875
5 0 0 0 0
