4 0.034765625 0.7328125 0.06015625 0.30625
1 0.4796875 0.66796875 0.0046875 0.0484375
1 0.524609375 0.66484375 0.00390625 0.0421875
1 0.5375 0.66640625 0.00625 0.0515625
1 0.546484375 0.6625 0.00859375 0.04375
3 0.56953125 0.66015625 0.0140625 0.0390625
1 0.698828125 0.62265625 0.01328125 0.0265625
1 0.694921875 0.7640625 0.01015625 0.053125
1 0.75546875 0.7171875 0.05 0.24375
1 0.711328125 0.71015625 0.05078125 0.2671875
1 1 0.7234375 0.0625 0.303125
1 0.986328125 0.71484375 0.06171875 0.3203125
1 1 0.703125 0.05234375 0.334375
1 1 0.88984375 0.0578125 0.0984375
1 1 0.73125 0.1109375 0.5875
1 1 0.7171875 0.0890625 0.628125
1 1 0.7078125 0.12578125 0.696875
1 1 0.60078125 0.02890625 0.2546875
0 0.584765625 0.45546875 0.01171875 0.0328125
0 1 0.553125 0.0421875 0.053125
0 0.783203125 0.6890625 0.01328125 0.046875
5 0 0 0 0
