1 1 0.6078125 0.0515625 0.2875
1 1 0.6171875 0.0515625 0.271875
1 1 0.61953125 0.02890625 0.1453125
1 0.91640625 0.62265625 0.0078125 0.0328125
1 1 0.6078125 0.015625 0.04375
1 0.87890625 0.653125 0.009375 0.084375
1 0.8734375 0.65234375 0.0125 0.0921875
0 1 0.6203125 0.02265625 0.075
0 0.851953125 0.56328125 0.02578125 0.0203125
0 0.740234375 0.63671875 0.00703125 0.0203125
0 0.785546875 0.628125 0.00390625 0.0125
0 0.058984375 0.6859375 0.02421875 0.159375
0 0.09453125 0.65078125 0.0203125 0.0703125
0 0.179296875 0.67265625 0.00546875 0.0359375
0 0.139453125 0.66171875 0.01015625 0.0109375
0 0.38671875 0.66796875 0.009375 0.0421875
0 0.348046875 0.6765625 0.01484375 0.065625
0 0.516015625 0.65234375 0.01015625 0.0265625
