1 0.13671875 0.525 0.0859375 0.209375
1 0.2171875 0.58515625 0.0671875 0.2234375
1 1 0.13515625 0.02265625 0.0828125
3 1 0.10859375 0.040625 0.1140625
1 1 0.0828125 0.0140625 0.084375
1 1 0.77578125 0.1328125 0.6421875
1 1 0.79375 0.15703125 0.759375
1 0.805078125 0.4265625 0.00703125 0.01875
1 0.83515625 0.43203125 0.0078125 0.0234375
1 0.8515625 0.4328125 0.009375 0.025
1 0.8796875 0.44140625 0.0046875 0.0078125
1 0.753125 0.59765625 0.0890625 0.3421875
1 0.79296875 0.7765625 0.1046875 0.6125
1 0.712109375 0.659375 0.10703125 0.51875
1 0.43359375 0.746875 0.1140625 0.6
1 0.6125 0.71875 0.0578125 0.471875
1 0.44375 0.76875 0.1296875 0.634375
1 0.9484375 0.84140625 0.1046875 0.4203125
1 0.935546875 0.74765625 0.19765625 0.9578125
1 0.542578125 0.76484375 0.13828125 0.8921875
1 0.280078125 0.465625 0.00859375 0.0375
0 1 0.1625 0.028125 0.140625
0 0.644140625 0.44921875 0.01015625 0.0328125
0 0.63203125 0.44921875 0.00625 0.0390625
