1 0.43359375 0.62578125 0.009375 0.0359375
1 0.416015625 0.63203125 0.00859375 0.0515625
1 0.423046875 0.63125 0.01015625 0.05625
1 1 0.66171875 0.01171875 0.0609375
1 1 0.65 0.01484375 0.10625
1 0.994140625 0.64375 0.01640625 0.115625
1 1 0.6578125 0.01484375 0.0875
1 1 0.6546875 0.01875 0.090625
1 1 0.6421875 0.025 0.18125
1 1 0.6015625 0.0234375 0.10625
1 1 0.6421875 0.03046875 0.1625
1 1 0.65703125 0.02734375 0.2078125
1 1 0.65546875 0.0390625 0.2390625
1 1 0.65390625 0.03828125 0.2015625
1 1 0.6578125 0.03125 0.203125
1 1 0.653125 0.03828125 0.221875
3 1 0.69609375 0.01484375 0.1015625
2 1 0.646875 0.03671875 0.178125
0 0.14296875 0.57109375 0.0296875 0.0546875
0 0.293359375 0.578125 0.01640625 0.103125
0 0.241796875 0.60234375 0.00703125 0.0421875
0 0.067578125 0.61875 0.01328125 0.040625
5 0 0 0 0
5 0 0 0 0
5 0 0 0 0
5 0 0 0 0
