1 1 0.59765625 0.00625 0.0171875
1 0.999609375 0.61171875 0.01015625 0.0546875
1 0.91953125 0.6234375 0.009375 0.046875
1 0.926171875 0.61796875 0.01015625 0.0515625
4 0.93125 0.61640625 0.0109375 0.0640625
1 0.963671875 0.61953125 0.01015625 0.0515625
1 0.903125 0.62421875 0.0109375 0.0546875
1 0.91015625 0.6203125 0.0109375 0.059375
1 0.69921875 0.63828125 0.0109375 0.0265625
1 0.653515625 0.646875 0.01015625 0.021875
1 0.6609375 0.646875 0.00625 0.025
1 0.671875 0.64609375 0.0046875 0.0265625
1 0.709375 0.63984375 0.0109375 0.0265625
1 0.716796875 0.64765625 0.00390625 0.0140625
1 0.7203125 0.646875 0.003125 0.021875
1 0.776953125 0.62734375 0.00546875 0.0328125
1 0.794921875 0.63671875 0.00546875 0.0171875
1 0.802734375 0.6375 0.00390625 0.03125
4 0.81953125 0.6203125 0.00625 0.0375
1 0.8171875 0.62421875 0.00625 0.0328125
1 0.82578125 0.61953125 0.00625 0.0390625
1 1 0.51484375 0.009375 0.0203125
4 1 0.50859375 0.0015625 0.0171875
1 1 0.51328125 0.00703125 0.0171875
1 1 0.5203125 0.00546875 0.021875
4 1 0.51640625 0.0109375 0.0171875
1 1 0.53515625 0.0125 0.0328125
1 1 0.5734375 0.015625 0.09375
1 1 0.59140625 0.021875 0.0984375
1 1 0.625 0.01484375 0.071875
1 1 0.63203125 0.021875 0.1078125
1 1 0.56015625 0.0171875 0.0609375
2 0.9421875 0.6125 0.009375 0.046875
2 1 0.6078125 0.015625 0.165625
1 0.73125 0.63203125 0.00625 0.0296875
1 0.7515625 0.634375 0.0078125 0.028125
1 0.74296875 0.63046875 0.0109375 0.0359375
1 0.810546875 0.6265625 0.00234375 0.025
4 0.8296875 0.61953125 0.00625 0.0390625
