1 0.726953125 0.67265625 0.00546875 0.0328125
1 0.7375 0.67265625 0.00625 0.0296875
1 0.874609375 0.62734375 0.00546875 0.0109375
1 0.898046875 0.65703125 0.01484375 0.0859375
1 0.916015625 0.6609375 0.01171875 0.078125
1 0.9484375 0.6578125 0.0203125 0.096875
1 0.930859375 0.6546875 0.01796875 0.1125
1 1 0.6453125 0.0203125 0.196875
1 1 0.6875 0.0453125 0.240625
1 1 0.64765625 0.04765625 0.2453125
1 1 0.66484375 0.05859375 0.2984375
1 1 0.665625 0.0546875 0.265625
1 1 0.68046875 0.05625 0.2921875
1 1 0.66328125 0.0375 0.2984375
1 1 0.68125 0.05625 0.271875
4 1 0.65703125 0.01328125 0.2171875
1 1 0.68125 0.0390625 0.271875
1 1 0.70625 0.05703125 0.334375
1 1 0.76640625 0.05234375 0.2546875
1 1 0.77734375 0.02421875 0.1265625
1 1 0.696875 0.0765625 0.375
3 0.58359375 0.67421875 0.0046875 0.0234375
1 0.469140625 0.68515625 0.00546875 0.0390625
1 0.295703125 0.67265625 0.00859375 0.0234375
1 0.263671875 0.66484375 0.01640625 0.0390625
1 1 0.69453125 0.0328125 0.1859375
0 0.587890625 0.6578125 0.00703125 0.028125
0 0.601171875 0.6453125 0.00546875 0.025
5 0 0 0 0
5 0 0 0 0
5 0 0 0 0
5 0 0 0 0
5 0 0 0 0
5 0 0 0 0
5 0 0 0 0
5 0 0 0 0
5 0 0 0 0
5 0 0 0 0
5 0 0 0 0
