1 1 0.60078125 0.00703125 0.0484375
1 1 0.584375 0.003125 0.015625
1 1 0.5796875 0.00390625 0.009375
1 1 0.61640625 0.0171875 0.0828125
1 1 0.60390625 0.0125 0.0640625
1 1 0.6 0.0078125 0.05625
1 1 0.60546875 0.0171875 0.0828125
1 1 0.6 0.00859375 0.0625
1 1 0.60390625 0.0078125 0.0703125
1 1 0.6 0.01015625 0.04375
1 1 0.603125 0.01484375 0.071875
1 1 0.58515625 0.01875 0.0453125
1 1 0.58828125 0.01015625 0.0359375
1 1 0.5859375 0.009375 0.034375
1 1 0.58359375 0.021875 0.0421875
1 1 0.57734375 0.0140625 0.0609375
1 1 0.57890625 0.025 0.0546875
1 1 0.58125 0.01484375 0.053125
1 1 0.5765625 0.00703125 0.040625
1 1 0.56796875 0.01328125 0.0453125
1 1 0.57421875 0.015625 0.0453125
1 1 0.56875 0.01328125 0.053125
1 1 0.59140625 0.01796875 0.0953125
1 1 0.55390625 0.01171875 0.0421875
1 1 0.59609375 0.01953125 0.0984375
1 1 0.578125 0.0203125 0.05625
1 1 0.64921875 0.015625 0.1265625
1 1 0.6078125 0.0296875 0.096875
1 1 0.653125 0.0296875 0.196875
1 1 0.659375 0.03828125 0.184375
1 1 0.6828125 0.02578125 0.128125
1 1 0.66328125 0.03203125 0.1640625
1 1 0.60390625 0.00703125 0.0484375
1 0.957421875 0.609375 0.00703125 0.034375
1 0.946484375 0.60703125 0.00703125 0.0359375
1 0.865625 0.60859375 0.0046875 0.0296875
1 0.905859375 0.6546875 0.02265625 0.165625
1 0.916015625 0.66015625 0.03828125 0.1859375
1 0.9296875 0.665625 0.0421875 0.20625
1 0.85625 0.65390625 0.0390625 0.1890625
1 0.758984375 0.64609375 0.01796875 0.1765625
1 0.7515625 0.66015625 0.0328125 0.1765625
1 0.71484375 0.63984375 0.025 0.1296875
1 0.247265625 0.61953125 0.02109375 0.0484375
1 0.20078125 0.6390625 0.0140625 0.025
1 0.1859375 0.640625 0.0140625 0.034375
1 0.1703125 0.64453125 0.0203125 0.0359375
1 0.81953125 0.6671875 0.0359375 0.175
1 0.116796875 0.6625 0.01484375 0.078125
1 0.2203125 0.63203125 0.0171875 0.0328125
1 0.035546875 0.71328125 0.04921875 0.2484375
4 0.01328125 0.76015625 0.0171875 0.1546875
2 0.9875 0.60546875 0.0078125 0.0359375
2 0.973828125 0.6078125 0.00859375 0.040625
1 1 0.62578125 0.03515625 0.1546875
1 0.71875 0.6390625 0.0234375 0.153125
5 0 0 0 0
5 0 0 0 0
5 0 0 0 0
5 0 0 0 0
5 0 0 0 0
5 0 0 0 0
5 0 0 0 0
5 0 0 0 0
5 0 0 0 0
