1 0.976171875 0.5765625 0.01484375 0.028125
1 0.956640625 0.584375 0.01171875 0.015625
1 0.96875 0.58125 0.0078125 0.021875
1 0.961328125 0.58046875 0.01171875 0.0203125
1 0.98828125 0.5796875 0.009375 0.021875
1 0.351953125 0.59375 0.03203125 0.065625
1 0.386328125 0.5828125 0.02734375 0.05
1 0.41953125 0.584375 0.01875 0.0375
1 0.297265625 0.55546875 0.03515625 0.0640625
1 0.238671875 0.5609375 0.03515625 0.053125
1 0.14296875 0.7375 0.090625 0.496875
1 0.13984375 0.7390625 0.090625 0.584375
2 0.71875 0.621875 0.0078125 0.040625
2 0.7359375 0.6140625 0.0078125 0.03125
5 0 0 0 0
5 0 0 0 0
