1 0.702734375 0.64296875 0.01953125 0.0984375
1 1 0.6421875 0.02734375 0.16875
1 1 0.56796875 0.03984375 0.1078125
1 1 0.58359375 0.04375 0.1078125
1 1 0.571875 0.04921875 0.228125
1 1 0.5515625 0.06015625 0.2625
1 1 0.55546875 0.075 0.2796875
4 1 0.5625 0.01328125 0.19375
3 0.3390625 0.65390625 0.0203125 0.0328125
3 0.369140625 0.6890625 0.01953125 0.09375
1 0.31640625 0.62265625 0.0171875 0.0640625
1 0.378515625 0.690625 0.04140625 0.203125
1 0.283984375 0.6734375 0.03671875 0.23125
1 0.307421875 0.6796875 0.03828125 0.196875
1 0.25078125 0.68203125 0.0390625 0.1890625
1 0.215234375 0.6734375 0.04453125 0.21875
2 0.954296875 0.67734375 0.06484375 0.3171875
0 1 0.60078125 0.01796875 0.0734375
0 0.1703125 0.421875 0.01875 0.0875
0 0.089453125 0.38203125 0.01640625 0.1078125
0 0.03046875 0.35390625 0.0203125 0.0953125
0 0.440234375 0.775 0.00703125 0.015625
0 0.453125 0.77734375 0.0078125 0.0171875
0 0.557421875 0.5765625 0.03046875 0.071875
0 0.459375 0.58359375 0.028125 0.0859375
