1 0.696484375 0.65625 0.01328125 0.078125
1 0.684765625 0.6578125 0.01484375 0.08125
1 0.650390625 0.6640625 0.01484375 0.071875
1 0.563671875 0.621875 0.00703125 0.0125
1 0.56171875 0.66796875 0.009375 0.0890625
1 0.5703125 0.66484375 0.0140625 0.1109375
1 0.553515625 0.665625 0.01640625 0.1125
1 0.538671875 0.640625 0.01015625 0.025
1 0.444140625 0.6640625 0.01171875 0.090625
1 0.3265625 0.7 0.0109375 0.078125
1 0.285546875 0.6859375 0.01953125 0.11875
1 0.265234375 0.6953125 0.01015625 0.10625
1 0.272265625 0.690625 0.02265625 0.1125
1 0.174609375 0.68359375 0.01484375 0.1296875
1 0.156640625 0.65546875 0.00703125 0.0359375
1 0.148046875 0.70390625 0.02421875 0.1203125
1 0.164453125 0.69140625 0.02890625 0.1390625
1 0.587109375 0.671875 0.01796875 0.09375
1 0.112109375 0.659375 0.01171875 0.01875
1 0.09921875 0.70390625 0.0171875 0.1390625
1 0.04453125 0.734375 0.0171875 0.090625
1 0.025390625 0.734375 0.02109375 0.1
1 0.860546875 0.65703125 0.01953125 0.1046875
1 1 0.61875 0.0125 0.040625
1 1 0.68671875 0.00078125 0.0265625
1 1 0.653125 0.0171875 0.096875
1 0.933203125 0.66171875 0.01796875 0.0984375
1 0.94375 0.65390625 0.0234375 0.1140625
1 1 0.6421875 0.01875 0.10625
1 1 0.6421875 0.01796875 0.109375
1 1 0.6546875 0.01484375 0.084375
1 1 0.62265625 0.0109375 0.0515625
1 1 0.6296875 0.0140625 0.04375
1 1 0.63203125 0.0109375 0.0828125
1 1 0.63671875 0.02265625 0.1265625
1 1 0.60703125 0.0125 0.0796875
1 1 0.64140625 0.0234375 0.1140625
1 1 0.6328125 0.01484375 0.1125
1 1 0.62734375 0.01484375 0.1140625
1 1 0.63203125 0.015625 0.0953125
1 1 0.62578125 0.02109375 0.1015625
1 1 0.62421875 0.01328125 0.0890625
1 1 0.60390625 0.00859375 0.0578125
1 1 0.625 0.01328125 0.1
1 1 0.6296875 0.01171875 0.1
1 1 0.58515625 0.0109375 0.0515625
1 1 0.60625 0.01484375 0.075
1 1 0.61328125 0.01875 0.1015625
1 1 0.6046875 0.01953125 0.1
2 0.48125 0.66875 0.0171875 0.084375
1 0.530859375 0.66796875 0.01171875 0.0921875
1 0.31328125 0.690625 0.015625 0.1
1 1 0.578125 0.00703125 0.01875
1 0.6734375 0.66171875 0.0109375 0.0765625
1 0.027734375 0.74453125 0.02265625 0.0921875
4 0.137890625 0.70625 0.00859375 0.01875
5 0 0 0 0
5 0 0 0 0
