1 1 0.5703125 0.0078125 0.021875
1 1 0.58515625 0.01171875 0.0453125
1 0.970703125 0.62421875 0.01015625 0.0484375
1 0.99921875 0.63359375 0.0109375 0.0765625
1 1 0.6171875 0.02265625 0.103125
1 0.99140625 0.63046875 0.015625 0.0859375
1 0.983203125 0.6328125 0.01328125 0.075
1 1 0.55 0.00625 0.01875
1 1 0.54765625 0.009375 0.0234375
1 1 0.546875 0.0125 0.021875
1 1 0.55234375 0.0109375 0.0203125
1 1 0.540625 0.01171875 0.021875
1 1 0.48515625 0.028125 0.0515625
1 1 0.46796875 0.03046875 0.0515625
1 0.819140625 0.57109375 0.00703125 0.0140625
1 0.83046875 0.63125 0.015625 0.1125
1 0.8265625 0.628125 0.0265625 0.13125
1 0.79765625 0.64296875 0.0140625 0.0796875
1 0.806640625 0.65234375 0.00703125 0.0453125
1 0.8140625 0.63828125 0.0234375 0.1171875
4 0.708984375 0.634375 0.00703125 0.009375
1 0.703515625 0.66796875 0.00546875 0.0265625
1 0.684375 0.64609375 0.0109375 0.0671875
1 0.662109375 0.61875 0.00703125 0.025
1 0.65703125 0.6265625 0.0078125 0.034375
1 0.670703125 0.62734375 0.02421875 0.0828125
1 0.69375 0.6453125 0.021875 0.115625
1 0.758984375 0.6296875 0.01953125 0.140625
1 0.781640625 0.6359375 0.03203125 0.15625
1 0.742578125 0.6390625 0.02421875 0.128125
1 0.7359375 0.64453125 0.025 0.1203125
1 0.603125 0.58828125 0.0078125 0.0140625
1 0.59609375 0.5859375 0.0109375 0.0125
1 0.562109375 0.584375 0.01171875 0.009375
1 0.47578125 0.6140625 0.0046875 0.028125
1 0.45390625 0.60390625 0.00625 0.0140625
1 0.459375 0.60390625 0.0015625 0.0171875
1 0.43203125 0.60234375 0.009375 0.0109375
1 0.418359375 0.6 0.01171875 0.015625
1 0.358984375 0.59765625 0.02578125 0.0390625
1 0.30234375 0.60859375 0.0140625 0.0328125
1 0.321875 0.61640625 0.0234375 0.0578125
1 0.1734375 0.80859375 0.1296875 0.7015625
1 0.0921875 0.85625 0.1 0.746875
0 0.3078125 0.5453125 0.0125 0.028125
