1 1 0.69921875 0.00625 0.0640625
1 0.78515625 0.728125 0.1015625 0.49375
1 0.523046875 0.7375 0.08984375 0.503125
1 0.31328125 0.753125 0.1015625 0.496875
1 0.248828125 0.734375 0.11484375 0.5625
4 0.021484375 1 0.03359375 0.084375
1 1 0.790625 0.165625 0.809375
4 1 1 0.015625 0.0453125
1 1 0.7015625 0.01484375 0.075
1 1 0.703125 0.0078125 0.071875
4 0.02265625 0.88515625 0.0359375 0.3328125
0 0.945703125 0.54140625 0.02734375 0.0671875
0 0.70703125 0.54296875 0.046875 0.1390625
0 1 0.6953125 0.01015625 0.05625
0 1 0.546875 0.021875 0.08125
0 1 0.525 0.01953125 0.078125
0 0.81171875 0.99296875 0.09375 0.0609375
0 0.521875 1 0.0671875 0.075
0 1 1 0.12109375 0.0578125
