1 1 0.55546875 0.025 0.0359375
1 1 0.5828125 0.02265625 0.065625
1 1 0.5734375 0.01640625 0.053125
1 1 0.57109375 0.0125 0.0453125
1 1 0.5703125 0.0234375 0.08125
1 1 0.571875 0.02734375 0.06875
1 1 0.57421875 0.025 0.0828125
1 1 0.55859375 0.009375 0.0234375
1 1 0.5703125 0.028125 0.1125
1 0.61171875 0.6484375 0.0390625 0.240625
1 0.630078125 0.6625 0.04921875 0.240625
1 0.41015625 0.6765625 0.0390625 0.25
1 0.42890625 0.678125 0.0421875 0.21875
1 0.8734375 0.66953125 0.028125 0.3546875
1 0.851953125 0.671875 0.03671875 0.41875
1 0.905859375 0.703125 0.06640625 0.4
1 0.328515625 0.78125 0.02421875 0.06875
1 0.346484375 0.690625 0.08828125 0.43125
1 0.221875 0.51875 0.025 0.0625
1 0.1765625 0.6890625 0.0875 0.484375
1 0.258203125 0.71953125 0.10546875 0.5140625
1 0.040234375 0.73671875 0.06953125 0.5046875
2 0.516015625 0.71640625 0.10234375 0.4984375
1 1 0.5828125 0.01328125 0.071875
0 0.119140625 0.4359375 0.01328125 0.028125
5 0 0 0 0
5 0 0 0 0
