1 0.815234375 0.5734375 0.01484375 0.021875
1 1 0.67109375 0.0515625 0.2765625
1 1 0.5671875 0.03671875 0.13125
1 1 0.59765625 0.0546875 0.1671875
1 1 0.509375 0.0328125 0.06875
1 1 0.653125 0.05 0.35
1 0.932421875 0.6640625 0.06484375 0.31875
1 0.846875 0.67734375 0.0640625 0.3109375
1 0.736328125 0.609375 0.01640625 0.084375
1 0.45859375 0.675 0.0578125 0.290625
1 0.43125 0.67421875 0.0390625 0.2734375
1 0.461328125 0.68359375 0.06171875 0.2984375
2 0.98125 0.59375 0.0109375 0.053125
2 0.9203125 0.58359375 0.015625 0.0640625
2 0.991015625 0.58828125 0.00703125 0.0390625
2 0.54921875 0.59296875 0.0171875 0.0640625
2 0.6765625 0.6 0.0171875 0.084375
2 1 0.596875 0.01015625 0.06875
0 1 0.6125 0.05703125 0.075
0 0.073046875 0.64453125 0.02421875 0.0515625
