1 0.703515625 0.6203125 0.00859375 0.01875
1 0.79453125 0.6265625 0.0046875 0.03125
1 0.79765625 0.62578125 0.00625 0.0328125
1 0.844921875 0.62890625 0.01015625 0.0484375
1 1 0.62578125 0.01015625 0.0484375
1 0.902734375 0.6578125 0.01796875 0.11875
1 0.935546875 0.6609375 0.01796875 0.1125
1 1 0.61875 0.01171875 0.053125
1 1 0.64375 0.03203125 0.13125
1 1 0.67421875 0.0546875 0.2640625
1 1 0.665625 0.0578125 0.3
1 0.34375 0.62578125 0.01875 0.0484375
1 0.36328125 0.62109375 0.0234375 0.0484375
1 0.976171875 0.59609375 0.00703125 0.0171875
0 1 0.06015625 0.0234375 0.0640625
0 0.740625 0.603125 0.0046875 0.028125
5 0 0 0 0
