3 1 0.621875 0.046875 0.209375
1 0.8734375 0.61015625 0.0125 0.0921875
1 0.946875 0.6 0.0265625 0.14375
1 0.973828125 0.60625 0.02421875 0.128125
1 0.991796875 0.63125 0.01171875 0.05625
3 0.5625 0.58984375 0.0265625 0.0546875
1 0.597265625 0.59296875 0.03515625 0.1453125
1 0.88984375 0.60859375 0.034375 0.1828125
1 1 0.6125 0.078125 0.43125
1 0.84765625 0.6015625 0.01875 0.090625
1 0.862890625 0.59765625 0.00859375 0.0390625
1 0.862890625 0.63046875 0.01015625 0.0515625
0 0.51796875 0.121875 0.0328125 0.084375
0 1 0.0953125 0.02890625 0.071875
0 1 0.27734375 0.06640625 0.1484375
0 1 0.253125 0.03984375 0.16875
0 1 0.4578125 0.02421875 0.053125
5 0 0 0 0
5 0 0 0 0
5 0 0 0 0
