1 1 0.62109375 0.00390625 0.0234375
1 1 0.61171875 0.01796875 0.0453125
1 1 0.6203125 0.01640625 0.04375
1 1 0.59921875 0.015625 0.0421875
1 1 0.58984375 0.0203125 0.0546875
1 1 0.575 0.02890625 0.078125
3 1 0.56484375 0.0578125 0.2546875
3 1 0.621875 0.12578125 0.34375
1 0.3140625 0.64375 0.009375 0.0375
1 0.59375 0.64375 0.00625 0.040625
1 0.50390625 0.6453125 0.0078125 0.046875
1 0.49609375 0.64921875 0.0078125 0.0453125
1 0.31015625 0.64765625 0.0125 0.0328125
1 0.322265625 0.64453125 0.01171875 0.0390625
1 0.2921875 0.6765625 0.01875 0.11875
1 0.241796875 0.665625 0.02265625 0.06875
1 0.215625 0.684375 0.0234375 0.115625
1 0.14765625 0.67890625 0.015625 0.0953125
1 0.136328125 0.684375 0.02109375 0.10625
1 0.07578125 0.67421875 0.01875 0.0796875
0 0.523046875 0.5859375 0.02109375 0.059375
0 0.05703125 0.66953125 0.0140625 0.0703125
5 0 0 0 0
5 0 0 0 0
5 0 0 0 0
5 0 0 0 0
5 0 0 0 0
5 0 0 0 0
5 0 0 0 0
5 0 0 0 0
5 0 0 0 0
