1 0.99296875 0.609375 0.0078125 0.03125
1 1 0.625 0.0109375 0.065625
1 1 0.6234375 0.00859375 0.059375
1 1 0.61484375 0.0046875 0.0671875
1 1 0.59921875 0.01484375 0.0453125
1 1 0.62578125 0.009375 0.0765625
1 1 0.62421875 0.01328125 0.0765625
1 1 0.5828125 0.01015625 0.03125
1 1 0.5796875 0.01015625 0.028125
1 1 0.58984375 0.00859375 0.0296875
1 1 0.57265625 0.01484375 0.0390625
1 1 0.73359375 0.14140625 0.6921875
1 1 0.7015625 0.04375 0.4125
1 1 0.70546875 0.071875 0.6015625
1 1 0.771875 0.115625 0.5625
1 1 0.72265625 0.07265625 0.4484375
1 1 0.7375 0.0703125 0.49375
1 1 0.71875 0.0671875 0.446875
1 0.84609375 0.61796875 0.00625 0.0296875
1 0.866796875 0.6125 0.00703125 0.03125
1 0.86328125 0.64453125 0.0109375 0.0765625
1 0.87265625 0.64609375 0.015625 0.0828125
1 0.85234375 0.64453125 0.0171875 0.0859375
1 0.82265625 0.7359375 0.0640625 0.471875
1 0.9125 0.70859375 0.090625 0.4890625
1 0.648046875 0.66015625 0.00390625 0.0296875
1 0.653515625 0.665625 0.01796875 0.0875
1 0.608203125 0.678125 0.01640625 0.08125
1 0.59921875 0.671875 0.01875 0.090625
1 0.4921875 0.66796875 0.01875 0.0890625
1 0.47265625 0.65390625 0.009375 0.0609375
1 0.477734375 0.6703125 0.01328125 0.0875
1 0.41640625 0.65859375 0.0109375 0.0640625
1 0.49140625 0.68125 0.015625 0.09375
1 0.459765625 0.65859375 0.01328125 0.0640625
1 0.423828125 0.6609375 0.01328125 0.075
1 0.378515625 0.6640625 0.01328125 0.05
1 0.36953125 0.653125 0.009375 0.05
1 0.38984375 0.66171875 0.015625 0.0515625
1 0.28046875 0.66875 0.0109375 0.05
1 0.301953125 0.67109375 0.01171875 0.0546875
4 0.230078125 0.659375 0.03984375 0.05625
1 0.223828125 0.665625 0.01640625 0.053125
1 0.173046875 0.6609375 0.01796875 0.053125
1 0.179296875 0.6625 0.01796875 0.046875
1 0.408203125 0.684375 0.01953125 0.096875
1 0.701171875 0.7171875 0.05703125 0.39375
1 0.62578125 0.6734375 0.015625 0.08125
1 0.293359375 0.678125 0.01171875 0.059375
2 0.5328125 0.66015625 0.0140625 0.0671875
2 0.54140625 0.659375 0.015625 0.075
2 0.515234375 0.6359375 0.00859375 0.034375
2 0.507421875 0.6625 0.01640625 0.078125
2 0.43515625 0.67578125 0.021875 0.1078125
1 0.83515625 0.62578125 0.00625 0.0328125
1 0.97578125 0.728125 0.06875 0.5
1 0.671875 0.6671875 0.009375 0.084375
1 0.665625 0.6671875 0.009375 0.078125
1 0.194921875 0.6640625 0.01640625 0.0375
0 0.508203125 0.40234375 0.00859375 0.0140625
5 0 0 0 0
5 0 0 0 0
5 0 0 0 0
5 0 0 0 0
