1 0.7125 0.58671875 0.009375 0.0578125
1 0.842578125 0.5859375 0.01796875 0.0875
1 0.664453125 0.59296875 0.00703125 0.0546875
1 0.468359375 0.625 0.01796875 0.0875
1 0.406640625 0.59296875 0.00703125 0.0171875
1 0.42421875 0.60625 0.0078125 0.03125
1 0.45390625 0.621875 0.021875 0.10625
1 0.3484375 0.6328125 0.0203125 0.1
1 0.09140625 0.6359375 0.009375 0.103125
1 0.098828125 0.63515625 0.02265625 0.1078125
1 0.07421875 0.6328125 0.01875 0.090625
1 0.04609375 0.646875 0.0140625 0.075
2 0.808203125 0.5828125 0.02265625 0.090625
2 0.728125 0.57421875 0.01875 0.0546875
2 0.81171875 0.6046875 0.0234375 0.109375
2 0.228125 0.62734375 0.015625 0.0765625
5 0 0 0 0
5 0 0 0 0
5 0 0 0 0
