1 0.168359375 0.71796875 0.00859375 0.0421875
1 0.204296875 0.71484375 0.01015625 0.0296875
1 0.149609375 0.72421875 0.01328125 0.0328125
1 0.12890625 0.740625 0.0171875 0.08125
1 0.10234375 0.75234375 0.0515625 0.2890625
1 0.038671875 0.75703125 0.05234375 0.2734375
1 0.04453125 0.81875 0.078125 0.7125
1 0.83984375 0.684375 0.025 0.140625
1 0.5421875 0.73671875 0.071875 0.4546875
1 0.41328125 0.7453125 0.0359375 0.271875
1 0.449609375 0.7515625 0.05078125 0.246875
1 0.287890625 0.734375 0.02578125 0.215625
1 0.26484375 0.72734375 0.040625 0.2671875
1 0.3296875 0.74453125 0.0578125 0.3109375
1 0.35625 0.7703125 0.1 0.484375
1 1 0.67421875 0.0078125 0.0453125
4 1 0.6796875 0.00546875 0.040625
4 1 0.67734375 0.00703125 0.0453125
3 1 0.6734375 0.01953125 0.05
1 1 0.68359375 0.0703125 0.3640625
1 1 0.6984375 0.07421875 0.375
1 1 0.6953125 0.04140625 0.403125
1 1 0.6234375 0.01484375 0.1
1 1 0.71484375 0.06328125 0.3828125
1 1 0.6984375 0.096875 0.46875
3 1 0.6703125 0.0140625 0.053125
3 1 0.6453125 0.0125 0.03125
3 1 0.6734375 0.0171875 0.05
1 1 0.65390625 0.01796875 0.1203125
1 1 0.675 0.025 0.134375
1 1 0.69921875 0.0609375 0.2953125
1 1 0.70703125 0.06015625 0.2921875
1 1 0.72421875 0.08671875 0.5078125
1 1 0.73671875 0.0859375 0.4890625
1 0.857421875 0.68515625 0.02109375 0.1328125
1 0.890234375 0.71015625 0.05859375 0.3390625
1 0.985546875 0.5625 0.01015625 0.04375
1 0.89375 0.721875 0.0578125 0.3625
1 0.91640625 0.725 0.0578125 0.371875
1 1 0.73359375 0.0328125 0.2234375
1 1 0.7203125 0.059375 0.28125
1 1 0.71875 0.04765625 0.30625
1 1 0.7109375 0.0578125 0.3375
1 1 0.703125 0.05859375 0.35625
1 0.962109375 0.73515625 0.10390625 0.4921875
1 0.958984375 0.76796875 0.13203125 0.6421875
1 0.8203125 0.68828125 0.0125 0.1265625
1 0.820703125 0.7484375 0.03046875 0.2875
1 0.772265625 0.71171875 0.04296875 0.3515625
1 0.795703125 0.72421875 0.06328125 0.3578125
1 0.721875 0.971875 0.0984375 0.096875
1 0.739453125 0.7328125 0.09296875 0.59375
1 0.749609375 0.95859375 0.03359375 0.1359375
1 0.620703125 0.784375 0.11171875 0.575
1 0.698828125 0.7984375 0.14140625 0.6875
1 0.678515625 0.7984375 0.15078125 0.734375
1 0.507421875 0.75234375 0.14765625 0.7203125
1 1 0.69296875 0.0640625 0.3109375
0 1 0.6734375 0.01640625 0.04375
