1 0.85703125 0.56640625 0.00625 0.0296875
1 0.852734375 0.578125 0.00390625 0.040625
1 0.903125 0.56015625 0.0046875 0.0171875
1 0.8984375 0.56015625 0.003125 0.0171875
1 0.89296875 0.56171875 0.0046875 0.0203125
1 0.8859375 0.565625 0.003125 0.021875
1 0.87578125 0.5578125 0.003125 0.01875
4 0.88203125 0.55546875 0.009375 0.0203125
1 0.872265625 0.56171875 0.00390625 0.0171875
4 0.865625 0.55625 0.009375 0.01875
1 1 0.55078125 0.00703125 0.0203125
1 1 0.540625 0.0109375 0.028125
1 1 0.54140625 0.0125 0.0171875
1 1 0.5109375 0.01796875 0.05625
1 1 0.5203125 0.01171875 0.0375
1 0.6140625 0.609375 0.00625 0.028125
1 0.5546875 0.61328125 0.00625 0.0421875
1 0.5796875 0.615625 0.0078125 0.04375
1 0.591796875 0.6140625 0.00859375 0.046875
1 0.400390625 0.59921875 0.01015625 0.0171875
1 0.267578125 0.60859375 0.01328125 0.0265625
1 0.230078125 0.61484375 0.01015625 0.0140625
1 0.216015625 0.6109375 0.01171875 0.025
1 0.196875 0.61171875 0.0125 0.0296875
1 0.15078125 0.14296875 0.021875 0.0421875
1 0.2203125 0.14921875 0.0140625 0.0171875
1 0.234765625 0.14921875 0.01171875 0.0140625
1 0.244921875 0.153125 0.00390625 0.00625
1 0.25234375 0.14765625 0.0109375 0.0140625
1 0.203515625 0.1359375 0.02265625 0.046875
1 1 0.12109375 0.0203125 0.1015625
1 1 0.11875 0.009375 0.00625
1 1 0.11328125 0.01015625 0.0234375
1 1 0.1109375 0.0171875 0.028125
1 1 0.1203125 0.0109375 0.009375
1 1 0.121875 0.00703125 0.00625
1 1 0.1015625 0.015625 0.046875
1 0.82734375 0.10625 0.025 0.04375
1 0.69296875 0.12421875 0.009375 0.0109375
1 0.718359375 0.1171875 0.01953125 0.025
1 0.671484375 0.10703125 0.01484375 0.0453125
1 0.6421875 0.10859375 0.0125 0.0453125
1 0.65625 0.10234375 0.0265625 0.0578125
1 0.59140625 0.12578125 0.015625 0.0171875
1 0.607421875 0.11640625 0.01796875 0.0359375
1 0.3796875 0.12421875 0.0171875 0.0453125
1 0.395703125 0.1203125 0.01953125 0.05
1 0.394921875 0.12890625 0.01484375 0.0328125
1 0.46640625 0.1265625 0.0171875 0.03125
1 0.4890625 0.12734375 0.0125 0.0265625
1 0.448046875 0.11953125 0.01953125 0.0453125
1 1 0.0765625 0.01796875 0.0375
1 1 0.1234375 0.0125 0.103125
1 1 0.128125 0.02265625 0.103125
1 1 0.10390625 0.0140625 0.0296875
1 1 0.09296875 0.02421875 0.0546875
1 1 0.09453125 0.01875 0.0484375
1 1 0.11171875 0.00703125 0.0171875
1 1 0.10390625 0.01953125 0.0359375
1 1 0.62421875 0.02421875 0.1359375
1 1 0.55859375 0.01875 0.1953125
1 1 0.46640625 0.01328125 0.0515625
1 1 0.52421875 0.02109375 0.0828125
1 1 0.57421875 0.03671875 0.1953125
1 1 0.56875 0.04765625 0.284375
1 1 0.571875 0.05234375 0.259375
1 1 0.58046875 0.05078125 0.2765625
1 1 0.109375 0.0265625 0.084375
1 1 0.1625 0.02734375 0.115625
2 0.6265625 0.6078125 0.0078125 0.040625
2 0.0671875 0.6359375 0.021875 0.10625
2 0.16953125 0.63203125 0.0203125 0.0890625
0 0.7734375 0.16875 0.0234375 0.1
0 1 0.16484375 0.028125 0.0671875
0 1 0.16953125 0.0125 0.0546875
0 0.58515625 0.60234375 0.0046875 0.0515625
0 0.479296875 0.553125 0.00703125 0.015625
1 1 0.51015625 0.02890625 0.0484375
5 0 0 0 0
5 0 0 0 0
