1 0.52265625 0.71015625 0.009375 0.0546875
3 0.01484375 0.7 0.0140625 0.06875
3 0.027734375 0.7 0.02109375 0.06875
1 0.08046875 0.69921875 0.04375 0.2140625
1 0.20546875 0.7078125 0.0453125 0.21875
1 0.14375 0.69609375 0.046875 0.2421875
1 1 0.71015625 0.0109375 0.0578125
1 1 0.7140625 0.01015625 0.05
1 1 0.67578125 0.01953125 0.1046875
1 1 0.68359375 0.0109375 0.1609375
4 1 0.7265625 0.0046875 0.025
4 1 0.6734375 0.015625 0.065625
1 1 0.68515625 0.03203125 0.1578125
4 1 0.70625 0.0078125 0.05
1 1 0.675 0.0234375 0.159375
1 1 0.67109375 0.03046875 0.1859375
1 1 0.63515625 0.02109375 0.1078125
2 1 0.69140625 0.01484375 0.0703125
0 0.7125 0.65859375 0.0171875 0.0578125
