1 0.388671875 0.68671875 0.01640625 0.0796875
1 0.801171875 0.71640625 0.01796875 0.1421875
1 0.83671875 0.71328125 0.0203125 0.1421875
1 0.780078125 0.7171875 0.03203125 0.15625
1 0.75625 0.71484375 0.028125 0.1734375
1 1 0.67109375 0.01640625 0.0796875
1 1 0.66796875 0.0140625 0.0734375
1 1 0.66640625 0.01171875 0.0734375
1 1 0.66640625 0.009375 0.0703125
1 1 0.67109375 0.015625 0.0859375
1 1 0.6671875 0.0078125 0.0625
1 1 0.64296875 0.00859375 0.0171875
2 1 0.6375 0.01171875 0.021875
0 0.51171875 0.56640625 0.0234375 0.1015625
0 0.754296875 0.56328125 0.02734375 0.1203125
0 0.047265625 0.64140625 0.00703125 0.0203125
0 0.208984375 0.671875 0.00703125 0.03125
0 0.347265625 0.68828125 0.00390625 0.0328125
0 0.35625 0.66171875 0.0046875 0.0140625
0 1 0.7109375 0.04453125 0.128125
0 1 0.63671875 0.01015625 0.0296875
