1 0.462109375 0.68671875 0.01171875 0.0671875
3 0.10234375 0.740625 0.009375 0.046875
1 0.468359375 0.68125 0.01640625 0.075
1 0.266015625 0.71328125 0.01484375 0.0640625
1 0.285546875 0.71796875 0.03359375 0.1640625
1 0.298828125 0.715625 0.02890625 0.159375
1 0.36875 0.696875 0.0296875 0.16875
1 0.378125 0.7125 0.0296875 0.14375
1 0.605859375 0.6734375 0.02890625 0.146875
1 0.615625 0.678125 0.025 0.1375
1 1 0.6375 0.084375 0.465625
1 1 0.6265625 0.090625 0.44375
1 1 0.6953125 0.04765625 0.29375
1 1 0.71328125 0.0609375 0.2984375
1 1 0.6546875 0.02734375 0.475
3 0.486328125 0.68125 0.00546875 0.009375
0 0.150390625 0.72265625 0.00703125 0.0546875
5 0 0 0 0
5 0 0 0 0
5 0 0 0 0
