1 0.5875 0.625 0.0140625 0.040625
1 0.620703125 0.63515625 0.01640625 0.0640625
3 0.449609375 0.6625 0.01015625 0.040625
1 0.513671875 0.62109375 0.01796875 0.0265625
1 0.503125 0.628125 0.0140625 0.021875
1 0.984375 0.59453125 0.003125 0.0046875
1 1 0.59375 0.01015625 0.0125
1 1 0.59765625 0.0046875 0.0203125
1 1 0.584375 0.00859375 0.009375
1 1 0.6125 0.0125 0.06875
1 1 0.64375 0.028125 0.140625
1 1 0.56796875 0.01328125 0.0453125
1 1 0.57421875 0.01171875 0.0296875
1 1 0.6546875 0.04375 0.2375
1 1 0.6484375 0.04765625 0.24375
1 1 0.62265625 0.0328125 0.2140625
1 1 0.61640625 0.03828125 0.2359375
1 1 0.55703125 0.06484375 0.1609375
1 1 0.55390625 0.01484375 0.0296875
1 1 0.5421875 0.02265625 0.028125
1 1 0.51015625 0.02265625 0.0203125
1 1 0.61875 0.071875 0.209375
3 0.14296875 0.68671875 0.0140625 0.0515625
3 0.14921875 0.703125 0.0171875 0.06875
3 0.166015625 0.71640625 0.03203125 0.1265625
3 0.36171875 0.653125 0.0171875 0.0375
3 0.371484375 0.66015625 0.01015625 0.0203125
3 0.384765625 0.65859375 0.01328125 0.0265625
1 0.40546875 0.6375 0.0140625 0.03125
3 0.39609375 0.65859375 0.0125 0.0328125
3 0.416796875 0.67265625 0.01171875 0.0453125
3 0.42734375 0.66484375 0.0171875 0.0515625
3 0.40390625 0.675 0.0203125 0.065625
3 0.29609375 0.66640625 0.015625 0.0515625
3 0.3078125 0.66875 0.0109375 0.05
3 0.317578125 0.66953125 0.01953125 0.0484375
3 0.33046875 0.678125 0.0125 0.065625
3 0.278125 0.67109375 0.01875 0.0484375
3 0.301171875 0.696875 0.03828125 0.1
3 0.340234375 0.70703125 0.03828125 0.1265625
1 0.20859375 0.69375 0.0703125 0.446875
0 0.91953125 0.56796875 0.0078125 0.0171875
0 0.787890625 0.4359375 0.00546875 0.015625
5 0 0 0 0
5 0 0 0 0
