1 1 0.60546875 0.0109375 0.0390625
1 1 0.6296875 0.0140625 0.078125
1 1 0.62578125 0.01796875 0.0828125
1 1 0.62265625 0.02734375 0.0921875
1 1 0.6234375 0.0203125 0.09375
1 1 0.61328125 0.02890625 0.1109375
1 1 0.61328125 0.0109375 0.1140625
1 1 0.61484375 0.0078125 0.1109375
1 1 0.59921875 0.01875 0.0484375
1 1 0.61171875 0.02890625 0.1171875
1 1 0.61796875 0.02421875 0.1140625
1 1 0.6046875 0.01640625 0.08125
2 0.630859375 0.684375 0.00703125 0.040625
1 1 0.6234375 0.009375 0.075
0 0.04375 0.625 0.0265625 0.109375
