1 0.85390625 0.6078125 0.00625 0.0125
1 0.550390625 0.65390625 0.00859375 0.0265625
1 0.903125 0.6140625 0.0078125 0.01875
1 1 0.58203125 0.0015625 0.0140625
4 1 0.5984375 0.0015625 0.025
1 1 0.628125 0.01015625 0.0875
1 1 0.6390625 0.0140625 0.134375
1 1 0.65625 0.03125 0.15
1 1 0.65546875 0.03359375 0.1640625
1 1 0.646875 0.0265625 0.16875
1 1 0.653125 0.03203125 0.16875
1 1 0.653125 0.0203125 0.1375
1 1 0.6578125 0.03203125 0.2125
1 1 0.6203125 0.0078125 0.103125
1 1 0.63671875 0.0328125 0.1578125
4 1 0.5796875 0.00390625 0.028125
1 1 0.625 0.021875 0.13125
1 0.979296875 0.66640625 0.03203125 0.2734375
1 1 0.66484375 0.03828125 0.2859375
1 1 0.640625 0.03125 0.196875
1 1 0.64140625 0.0328125 0.1890625
1 1 0.640625 0.03515625 0.184375
2 0.87421875 0.62421875 0.009375 0.0328125
2 0.90078125 0.63046875 0.0078125 0.0359375
2 0.95859375 0.65 0.0171875 0.084375
0 1 0.5015625 0.11953125 0.29375
0 1 0.2671875 0.03125 0.075
0 0.195703125 0.66015625 0.02578125 0.0453125
