1 0.509765625 0.6546875 0.03046875 0.15
1 0.78671875 0.65546875 0.0234375 0.1140625
1 0.757421875 0.665625 0.01328125 0.0875
1 0.734375 0.63515625 0.0171875 0.0953125
1 0.743359375 0.6453125 0.01953125 0.09375
1 0.697265625 0.6125 0.02265625 0.04375
1 0.69140625 0.64140625 0.015625 0.1046875
1 0.634375 0.646875 0.0140625 0.1125
1 0.646875 0.67109375 0.021875 0.1265625
1 0.54140625 0.65859375 0.0265625 0.1578125
1 0.446484375 0.615625 0.00703125 0.0375
1 0.455078125 0.61875 0.00703125 0.040625
1 0.464453125 0.61875 0.00703125 0.0375
2 0.72421875 0.66640625 0.028125 0.1390625
2 0.69609375 0.6828125 0.021875 0.140625
2 0.59296875 0.65625 0.0296875 0.14375
2 0.93671875 0.63984375 0.015625 0.0890625
1 0.66484375 0.6765625 0.0140625 0.08125
