3 0.67578125 0.64765625 0.0203125 0.0796875
3 0.401171875 0.6390625 0.01015625 0.0625
3 0.653515625 0.67421875 0.03359375 0.1140625
1 0.595703125 0.64921875 0.02265625 0.1890625
3 0.427734375 0.63671875 0.01484375 0.0640625
3 0.514453125 0.628125 0.02109375 0.05625
3 0.211328125 0.6265625 0.01015625 0.034375
3 0.505859375 0.6484375 0.02890625 0.08125
3 0.414453125 0.6453125 0.03203125 0.059375
3 0.214453125 0.67734375 0.02421875 0.1234375
3 0.36171875 0.67890625 0.028125 0.1328125
3 0.33203125 0.675 0.03125 0.13125
3 0.2921875 0.66328125 0.0390625 0.0921875
3 0.2421875 0.66171875 0.0359375 0.0921875
3 0.2 0.68203125 0.028125 0.1328125
3 0.15859375 0.63515625 0.0171875 0.0390625
3 0.15390625 0.65234375 0.0296875 0.0734375
3 0.115234375 0.64296875 0.02109375 0.0421875
1 0.7671875 0.7078125 0.0640625 0.375
0 1 0.39140625 0.02578125 0.0953125
0 1 0.69453125 0.01875 0.0578125
