1 0.428125 0.59296875 0.003125 0.0296875
1 0.422265625 0.60859375 0.01328125 0.0796875
1 0.46796875 0.5859375 0.0125 0.05625
1 0.046875 0.5796875 0.0078125 0.03125
1 0.270703125 0.59453125 0.01640625 0.0296875
1 0.24453125 0.59140625 0.009375 0.0359375
1 1 0.6390625 0.01328125 0.128125
1 0.9421875 0.6078125 0.0171875 0.103125
1 0.978125 0.6296875 0.028125 0.1625
1 0.965234375 0.63125 0.03828125 0.196875
1 1 0.61640625 0.0296875 0.2140625
1 1 0.63515625 0.0421875 0.1890625
1 1 0.6296875 0.03671875 0.225
1 1 0.6390625 0.0421875 0.203125
1 1 0.6296875 0.046875 0.228125
1 1 0.6359375 0.03515625 0.19375
1 0.48984375 0.62578125 0.0171875 0.1109375
1 0.538671875 0.6265625 0.02265625 0.109375
1 0.579296875 0.59375 0.01015625 0.03125
1 0.846484375 0.58203125 0.00703125 0.0203125
1 0.870703125 0.615625 0.01953125 0.128125
1 0.837109375 0.625 0.01953125 0.125
1 0.8703125 0.621875 0.01875 0.13125
1 0.85390625 0.63125 0.0265625 0.128125
1 0.853125 0.640625 0.0265625 0.134375
1 0.896875 0.62578125 0.015625 0.1078125
1 0.884765625 0.62890625 0.02421875 0.1140625
1 0.909375 0.61640625 0.0125 0.1171875
1 0.916015625 0.62265625 0.01640625 0.1453125
1 0.652734375 0.61953125 0.01171875 0.0953125
1 0.662890625 0.6171875 0.01796875 0.1
1 0.560546875 0.58359375 0.00859375 0.0515625
1 0.566796875 0.58359375 0.01171875 0.0515625
1 0.607421875 0.5796875 0.00546875 0.021875
1 0.63515625 0.6140625 0.0078125 0.08125
1 0.644140625 0.61953125 0.01796875 0.1265625
1 0.615625 0.60546875 0.0140625 0.0984375
1 0.622265625 0.60390625 0.01640625 0.0921875
1 0.601953125 0.6171875 0.01796875 0.121875
1 0.31328125 0.615625 0.015625 0.09375
1 0.29765625 0.6203125 0.0078125 0.103125
1 0.291796875 0.59453125 0.00859375 0.0484375
1 0.279296875 0.61640625 0.01640625 0.0828125
1 0.287890625 0.62109375 0.01328125 0.0984375
1 0.4125 0.61953125 0.015625 0.1015625
1 0.4015625 0.6140625 0.0140625 0.109375
1 0.39375 0.62109375 0.0171875 0.1171875
1 0.367578125 0.575 0.01015625 0.03125
1 0.375390625 0.6234375 0.02109375 0.1
1 0.33828125 0.6109375 0.0109375 0.06875
1 0.351171875 0.621875 0.01953125 0.1125
1 0.333984375 0.621875 0.02421875 0.11875
2 0.198046875 0.61171875 0.02109375 0.1015625
2 0.233203125 0.615625 0.01953125 0.09375
0 0.73359375 0.55703125 0.021875 0.0640625
0 1 0.68671875 0.0359375 0.0328125
5 0 0 0 0
