1 0.908203125 0.62265625 0.01015625 0.0515625
1 1 0.5875 0.01796875 0.046875
1 0.778125 0.61640625 0.0203125 0.0984375
1 0.688671875 0.57265625 0.01171875 0.0265625
1 0.616015625 0.59453125 0.01328125 0.0546875
1 0.627734375 0.584375 0.01484375 0.084375
1 0.583984375 0.56328125 0.00859375 0.0265625
1 0.572265625 0.559375 0.01796875 0.034375
1 0.471484375 0.540625 0.02578125 0.040625
1 0.436328125 0.528125 0.02890625 0.046875
1 0.366796875 0.5421875 0.00703125 0.05625
1 0.37734375 0.53515625 0.021875 0.0578125
1 0.35078125 0.55625 0.025 0.103125
1 0.3296875 0.54375 0.01875 0.103125
1 0.2859375 0.53046875 0.0203125 0.0484375
1 0.313671875 0.540625 0.03671875 0.1
1 0.14765625 0.48984375 0.0578125 0.1109375
1 0.040625 0.4828125 0.053125 0.09375
1 1 0.54140625 0.02578125 0.0609375
1 1 0.55078125 0.021875 0.0421875
1 1 0.553125 0.03515625 0.065625
1 1 0.5625 0.028125 0.06875
0 1 0.54453125 0.009375 0.0359375
5 0 0 0 0
