1 0.051953125 0.62109375 0.01015625 0.0234375
1 0.115234375 0.65703125 0.01171875 0.0953125
1 0.078125 0.62578125 0.0078125 0.0296875
1 0.06875 0.65 0.0203125 0.075
1 0.153515625 0.65859375 0.01171875 0.0984375
1 0.144140625 0.653125 0.01640625 0.1
1 0.130078125 0.6828125 0.02890625 0.15625
1 0.160546875 0.659375 0.01328125 0.1
1 0.18359375 0.6546875 0.0109375 0.0875
1 0.190625 0.65859375 0.0140625 0.0796875
1 0.201171875 0.66171875 0.01328125 0.0765625
1 0.222265625 0.67890625 0.01171875 0.1109375
1 0.23515625 0.66875 0.0171875 0.103125
1 0.212109375 0.69765625 0.02578125 0.1328125
1 0.258984375 0.68671875 0.02265625 0.1390625
1 0.284375 0.6890625 0.021875 0.146875
1 0.280859375 0.690625 0.03046875 0.14375
1 0.515234375 0.6875 0.01640625 0.0625
1 0.35078125 0.6875 0.009375 0.15625
1 0.6375 0.69140625 0.0171875 0.1015625
1 0.364453125 0.69296875 0.02890625 0.1546875
1 0.74296875 0.7046875 0.0359375 0.175
1 0.76796875 0.63984375 0.0140625 0.0859375
1 0.779296875 0.6953125 0.04296875 0.215625
1 0.79140625 0.69296875 0.0453125 0.2234375
1 1 0.66640625 0.009375 0.0515625
1 1 0.66640625 0.0109375 0.0484375
1 1 0.6953125 0.01875 0.1
1 0.8734375 0.7484375 0.0328125 0.13125
1 1 0.70078125 0.04296875 0.2515625
1 1 0.69765625 0.05078125 0.2578125
1 0.82421875 0.69140625 0.025 0.2234375
1 0.83125 0.703125 0.015625 0.225
1 0.85234375 0.6953125 0.05625 0.2875
1 0.90703125 0.68984375 0.04375 0.2265625
1 0.8640625 0.70390625 0.0578125 0.2828125
1 1 0.70234375 0.03125 0.1890625
1 0.94453125 0.70625 0.0375 0.21875
1 1 0.6859375 0.0328125 0.221875
1 1 0.6953125 0.0421875 0.20625
1 1 0.69296875 0.0328125 0.2234375
1 1 0.690625 0.0390625 0.21875
1 1 0.70390625 0.03984375 0.2453125
1 1 0.68984375 0.0546875 0.2671875
1 1 0.71640625 0.04375 0.2546875
1 1 0.70859375 0.053125 0.3421875
1 1 0.734375 0.05859375 0.29375
1 0.4046875 0.6796875 0.025 0.06875
1 0.408203125 0.69140625 0.02421875 0.1671875
1 0.445703125 0.68515625 0.03671875 0.1765625
1 0.465625 0.69296875 0.0328125 0.1578125
1 0.17421875 0.67421875 0.0203125 0.1109375
0 1 0.4265625 0.015625 0.034375
0 0.814453125 0.42421875 0.01640625 0.0515625
5 0 0 0 0
5 0 0 0 0
5 0 0 0 0
5 0 0 0 0
