1 1 0.5359375 0.0125 0.0125
1 1 0.53515625 0.0171875 0.0140625
1 1 0.66328125 0.0421875 0.1359375
1 1 0.68984375 0.01328125 0.0734375
1 1 0.60859375 0.03203125 0.2578125
1 1 0.58359375 0.07421875 0.3640625
1 1 0.60625 0.046875 0.33125
1 1 0.6046875 0.07734375 0.453125
1 1 0.59921875 0.0859375 0.4421875
1 0.3484375 0.64296875 0.0046875 0.0203125
1 0.33828125 0.65703125 0.00625 0.0234375
1 0.352734375 0.66875 0.00703125 0.05625
1 0.344921875 0.675 0.01328125 0.059375
1 0.024609375 0.7125 0.03828125 0.2125
1 0.091015625 0.70234375 0.04296875 0.2109375
1 0.54609375 0.653125 0.0078125 0.065625
1 0.5359375 0.64921875 0.0140625 0.0671875
1 0.541015625 0.65546875 0.01171875 0.0609375
1 0.562109375 0.65234375 0.00703125 0.0609375
1 0.558203125 0.65625 0.01015625 0.059375
1 0.5734375 0.64921875 0.0125 0.0609375
1 0.603515625 0.653125 0.01015625 0.053125
1 0.593359375 0.64765625 0.01484375 0.0703125
1 0.70078125 0.6515625 0.0078125 0.059375
1 0.684765625 0.6421875 0.01171875 0.0625
1 0.687890625 0.65 0.01328125 0.065625
1 0.6265625 0.65 0.0078125 0.05625
1 0.61796875 0.646875 0.0125 0.071875
1 0.64296875 0.65 0.0109375 0.05625
1 0.665234375 0.6453125 0.00859375 0.06875
1 0.65703125 0.61640625 0.0078125 0.0234375
1 0.669921875 0.6421875 0.01328125 0.071875
1 0.6609375 0.6453125 0.0109375 0.059375
1 0.650390625 0.64609375 0.01171875 0.0671875
1 0.861328125 0.6328125 0.01484375 0.08125
4 0.8546875 0.5984375 0.003125 0.009375
1 0.80390625 0.63984375 0.015625 0.0796875
1 0.828515625 0.62890625 0.01171875 0.0765625
1 0.835546875 0.6375 0.00859375 0.084375
1 0.812890625 0.66328125 0.00390625 0.0296875
1 0.81953125 0.63984375 0.01875 0.0921875
1 0.884765625 0.6734375 0.00703125 0.0375
1 0.89375 0.64296875 0.0234375 0.1328125
1 0.959375 0.6171875 0.0171875 0.11875
2 0.103515625 0.6546875 0.01484375 0.0875
2 0.85078125 0.6578125 0.0296875 0.14375
2 0.92421875 0.64609375 0.0578125 0.2796875
2 1 0.67890625 0.134375 0.6578125
0 1 0.28046875 0.00703125 0.0203125
0 0.690625 0.55859375 0.003125 0.0109375
0 0.448828125 0.63359375 0.01328125 0.0390625
