1 0.6515625 0.65546875 0.03125 0.2109375
1 0.603515625 0.65234375 0.01953125 0.1921875
1 0.685546875 0.64609375 0.04296875 0.2265625
1 0.723046875 0.65546875 0.03984375 0.2078125
1 0.584765625 0.66796875 0.04765625 0.2328125
1 0.6265625 0.64921875 0.046875 0.2671875
1 0.2625 0.66484375 0.0125 0.0265625
1 0.887890625 0.6484375 0.01953125 0.096875
1 0.86875 0.6453125 0.025 0.1375
1 0.971484375 0.659375 0.01328125 0.0625
1 0.957421875 0.6515625 0.01484375 0.078125
1 1 0.62890625 0.01796875 0.0890625
1 1 0.65078125 0.015625 0.0796875
1 0.898828125 0.63984375 0.03203125 0.1546875
1 0.0734375 0.6546875 0.01875 0.078125
1 0.097265625 0.64765625 0.01328125 0.0421875
2 0.329296875 0.640625 0.01953125 0.1875
2 0.426953125 0.628125 0.03984375 0.196875
2 0.770703125 0.6359375 0.01953125 0.09375
2 0.79296875 0.63203125 0.0234375 0.1140625
0 1 0.61953125 0.01171875 0.0296875
0 1 0.590625 0.03203125 0.059375
0 1 0.59140625 0.02421875 0.0390625
0 0.833984375 0.6125 0.01171875 0.05
0 1 0.62890625 0.05703125 0.0765625
0 1 0.6140625 0.03671875 0.0375
0 0.223046875 0.58125 0.02734375 0.075
0 0.46875 0.5984375 0.009375 0.040625
0 0.484765625 0.6078125 0.01640625 0.084375
