1 0.720703125 0.61875 0.01171875 0.040625
1 0.678515625 0.61796875 0.01015625 0.0390625
1 0.644921875 0.61953125 0.01484375 0.0484375
1 0.633984375 0.6171875 0.01171875 0.05625
1 0.65703125 0.61328125 0.01875 0.0671875
1 1 0.61796875 0.0328125 0.0984375
1 1 0.60625 0.03359375 0.11875
2 0.571875 0.63203125 0.046875 0.2296875
1 0.77421875 0.6265625 0.0109375 0.034375
1 0.212890625 0.53359375 0.02265625 0.0359375
1 1 0.6125 0.0203125 0.13125
0 1 0.10859375 0.01953125 0.0671875
0 0.941796875 0.13125 0.02890625 0.053125
0 0.7984375 0.62109375 0.0078125 0.0140625
0 0.351953125 0.54140625 0.01171875 0.0234375
0 0.25234375 0.53671875 0.0125 0.0109375
0 0.212109375 0.7078125 0.08203125 0.178125
0 1 0.40625 0.01640625 0.0375
5 0 0 0 0
5 0 0 0 0
5 0 0 0 0
5 0 0 0 0
