1 0.93203125 0.628125 0.0078125 0.034375
1 0.939453125 0.64296875 0.00859375 0.0390625
1 0.95078125 0.64140625 0.009375 0.0453125
1 0.966796875 0.63203125 0.00546875 0.0328125
1 1 0.62265625 0.01171875 0.0703125
1 1 0.59375 0.01484375 0.034375
1 1 0.63125 0.00703125 0.040625
4 1 0.60234375 0.00625 0.0328125
1 1 0.61015625 0.0125 0.0359375
2 1 0.6234375 0.01015625 0.053125
0 0.22109375 0.528125 0.040625 0.09375
0 0.3484375 0.53203125 0.065625 0.1515625
0 0.525390625 0.5609375 0.02734375 0.128125
5 0 0 0 0
5 0 0 0 0
5 0 0 0 0
5 0 0 0 0
