1 1 0.5296875 0.0125 0.059375
1 1 0.54296875 0.01640625 0.0921875
1 1 0.55 0.02421875 0.10625
1 1 0.5953125 0.03125 0.171875
1 1 0.596875 0.03203125 0.18125
1 1 0.48671875 0.021875 0.0453125
1 1 0.60234375 0.02734375 0.1609375
1 0.97265625 0.5046875 0.0109375 0.03125
1 0.981640625 0.50390625 0.01015625 0.0265625
4 0.987890625 0.5 0.01015625 0.025
1 0.998828125 0.49765625 0.01328125 0.0328125
1 1 0.5203125 0.01484375 0.053125
1 1 0.5296875 0.01171875 0.09375
1 1 0.52734375 0.015625 0.0703125
1 1 0.546875 0.01875 0.090625
1 0.87734375 0.51484375 0.0109375 0.0453125
1 0.9265625 0.5171875 0.009375 0.040625
1 0.916796875 0.51875 0.01015625 0.0375
1 0.901171875 0.515625 0.01328125 0.040625
1 0.86484375 0.51875 0.0078125 0.040625
1 0.859765625 0.5171875 0.00859375 0.046875
1 0.78828125 0.5 0.00625 0.0125
1 0.79765625 0.49921875 0.0078125 0.0109375
1 0.76015625 0.5125 0.0078125 0.034375
1 0.776171875 0.51484375 0.01171875 0.0453125
1 0.7453125 0.50546875 0.0078125 0.0171875
1 0.72421875 0.49921875 0.0078125 0.0265625
1 0.73203125 0.5 0.0109375 0.021875
1 0.71328125 0.5109375 0.009375 0.034375
1 0.699609375 0.50703125 0.01328125 0.0421875
1 0.6859375 0.51015625 0.00625 0.0359375
1 0.66484375 0.51015625 0.0078125 0.0359375
1 0.670703125 0.528125 0.00703125 0.025
1 0.663671875 0.54375 0.00546875 0.053125
1 0.696484375 0.571875 0.01484375 0.11875
1 0.690625 0.5796875 0.021875 0.1125
3 1 0.5875 0.03125 0.134375
1 0.8359375 0.6625 0.05625 0.271875
1 0.593359375 0.5421875 0.00703125 0.059375
1 0.58828125 0.57421875 0.0125 0.0921875
1 0.538671875 0.59140625 0.02265625 0.1578125
1 0.52578125 0.61953125 0.0359375 0.1765625
1 0.56796875 0.66953125 0.078125 0.3828125
1 0.358203125 0.62734375 0.02734375 0.2109375
1 0.3953125 0.628125 0.040625 0.2
1 0.34609375 0.63125 0.0453125 0.221875
1 0.328515625 0.63359375 0.04609375 0.2390625
1 0.287109375 0.5796875 0.02734375 0.13125
1 0.28984375 0.57890625 0.0265625 0.1328125
1 0.214453125 0.55 0.01953125 0.0625
1 0.16171875 0.61796875 0.034375 0.1578125
1 0.225 0.61875 0.0421875 0.2
1 0.183203125 0.6125 0.05546875 0.21875
1 0.088671875 0.62890625 0.05546875 0.2234375
2 0.958203125 0.5828125 0.02890625 0.140625
2 0.265625 0.615625 0.0546875 0.209375
1 0.675 0.51328125 0.0046875 0.0328125
1 0.114453125 0.61484375 0.04921875 0.1453125
0 1 0.5671875 0.025 0.05625
0 1 0.5296875 0.01015625 0.084375
0 1 0.54375 0.00625 0.075
0 1 0.53203125 0.0109375 0.0890625
