1 0.1359375 0.615625 0.0265625 0.175
1 0.33359375 0.6375 0.034375 0.21875
1 0.3640625 0.59453125 0.040625 0.1796875
1 0.916796875 0.6171875 0.00703125 0.0375
1 0.9390625 0.62265625 0.003125 0.0203125
1 0.1359375 0.6359375 0.0390625 0.2375
3 0.03984375 0.65390625 0.025 0.1734375
3 0.09296875 0.62421875 0.0546875 0.1109375
1 0.562109375 0.65 0.03828125 0.184375
1 0.61875 0.66015625 0.034375 0.1671875
1 0.664453125 0.6328125 0.04453125 0.21875
1 0.703125 0.7515625 0.1453125 0.709375
1 0.845703125 0.61484375 0.00703125 0.0265625
3 1 0.66484375 0.12265625 0.2953125
3 1 0.6984375 0.1296875 0.225
1 1 0.6109375 0.0671875 0.40625
3 0.084765625 0.6578125 0.04453125 0.171875
3 0.028125 0.65625 0.046875 0.18125
1 0.65546875 0.66875 0.03125 0.153125
1 0.933203125 0.6171875 0.00703125 0.040625
1 0.925390625 0.61484375 0.00703125 0.0390625
1 0.943359375 0.61953125 0.00546875 0.0265625
3 0.389453125 0.65625 0.04453125 0.1625
0 0.94765625 1 0.3 0.03125
0 0.2265625 0.021875 0.065625 0.03125
0 1 0.35546875 0.01171875 0.0390625
