1 0.20234375 0.6234375 0.009375 0.028125
1 0.2546875 0.60546875 0.0078125 0.0140625
1 0.271484375 0.6140625 0.00859375 0.034375
1 0.321875 0.615625 0.0125 0.04375
1 0.33359375 0.61875 0.009375 0.0375
1 0.34921875 0.61796875 0.0078125 0.0359375
1 0.342578125 0.6140625 0.01171875 0.040625
1 0.3875 0.62578125 0.009375 0.0640625
1 0.38046875 0.6265625 0.015625 0.075
1 0.39375 0.6234375 0.0109375 0.053125
1 0.428515625 0.6265625 0.02109375 0.059375
1 0.44921875 0.6265625 0.0203125 0.075
1 0.475390625 0.5953125 0.00546875 0.015625
1 0.468359375 0.62421875 0.01640625 0.0796875
1 0.493359375 0.62109375 0.01328125 0.0640625
1 0.486328125 0.62265625 0.00859375 0.0609375
1 0.86796875 0.578125 0.015625 0.0625
1 0.8671875 0.6140625 0.0171875 0.109375
1 0.859765625 0.615625 0.02890625 0.0875
1 0.8921875 0.6421875 0.025 0.190625
1 0.921875 0.621875 0.01875 0.134375
1 0.915234375 0.6515625 0.03828125 0.1875
1 0.94296875 0.63828125 0.021875 0.1078125
1 0.966015625 0.62421875 0.02109375 0.1328125
1 0.99609375 0.6609375 0.0421875 0.25625
1 0.9953125 0.6828125 0.05 0.240625
1 1 1 0.02421875 0.115625
1 1 0.55546875 0.04140625 0.1078125
1 1 0.53203125 0.0203125 0.0984375
1 1 0.54140625 0.0265625 0.0828125
1 1 0.66796875 0.0625 0.3265625
1 1 0.66796875 0.06015625 0.3203125
1 1 0.675 0.06171875 0.31875
1 1 0.74375 0.0921875 0.946875
0 1 0.5265625 0.0328125 0.096875
0 1 0.184375 0.03828125 0.065625
0 1 0.1265625 0.0515625 0.1
5 0 0 0 0
5 0 0 0 0
5 0 0 0 0
