1 0.993359375 0.69921875 0.01015625 0.0578125
1 1 0.6875 0.01640625 0.109375
1 1 0.70234375 0.01015625 0.0515625
1 1 0.60625 0.02265625 0.025
1 1 0.6890625 0.01796875 0.178125
1 1 0.696875 0.0390625 0.20625
1 1 0.75703125 0.11875 0.6421875
1 1 0.790625 0.13046875 0.6375
1 0.037109375 0.7234375 0.01640625 0.1125
1 0.16328125 0.7203125 0.0109375 0.10625
1 0.265234375 0.71015625 0.01953125 0.1140625
1 0.24921875 0.71875 0.021875 0.125
1 0.233984375 0.71171875 0.01640625 0.1296875
3 0.443359375 0.71875 0.01640625 0.065625
1 0.419921875 0.7046875 0.01171875 0.1
1 0.428515625 0.70625 0.02109375 0.115625
1 0.509375 0.6734375 0.0140625 0.04375
1 0.497265625 0.67578125 0.01484375 0.0390625
1 0.48203125 0.69453125 0.015625 0.0796875
1 0.467578125 0.70234375 0.01953125 0.0984375
1 0.69140625 0.70546875 0.0296875 0.1421875
1 0.66875 0.709375 0.021875 0.121875
1 0.72734375 0.74453125 0.015625 0.0703125
1 0.760546875 0.74609375 0.10234375 0.5390625
1 0.6171875 0.73984375 0.1203125 0.6234375
1 1 0.8546875 0.10234375 0.353125
1 1 0.73984375 0.1046875 0.6859375
1 0.8046875 0.80390625 0.1625 0.7921875
1 0.323828125 0.7078125 0.01640625 0.146875
1 0.294140625 0.70703125 0.02734375 0.1296875
1 0.37578125 0.725 0.1 0.55
3 0.4546875 0.73046875 0.01875 0.0421875
2 0.9296875 0.7078125 0.0359375 0.175
2 0.080859375 0.6953125 0.10546875 0.5125
2 0.20390625 0.69609375 0.09375 0.4578125
3 1 0.71015625 0.03515625 0.0421875
