1 0.4125 0.61875 0.0046875 0.0125
1 0.403125 0.61953125 0.0078125 0.0109375
1 0.38671875 0.6140625 0.00625 0.0125
1 0.3203125 0.6375 0.0140625 0.06875
1 0.977734375 0.63984375 0.03671875 0.2484375
1 0.9953125 0.6625 0.0359375 0.234375
1 0.97265625 0.66171875 0.03125 0.2234375
1 1 0.66015625 0.0359375 0.2546875
1 1 0.65078125 0.03671875 0.1765625
1 1 0.63671875 0.04140625 0.2015625
2 1 0.634375 0.03828125 0.196875
0 0.864453125 0.53671875 0.02421875 0.0640625
0 0.8109375 0.4546875 0.028125 0.159375
0 1 0.61171875 0.0140625 0.0359375
0 1 0.6390625 0.02109375 0.040625
0 1 0.584375 0.01953125 0.028125
0 1 0.57578125 0.015625 0.0328125
0 0.812890625 0.29296875 0.01015625 0.0296875
5 0 0 0 0
5 0 0 0 0
5 0 0 0 0
5 0 0 0 0
