1 0.440234375 0.6703125 0.01015625 0.0875
1 1 0.6421875 0.01484375 0.071875
1 0.23828125 0.69296875 0.0375 0.2265625
1 0.1828125 0.62265625 0.028125 0.0953125
1 0.03203125 0.66796875 0.0171875 0.0484375
1 0.0546875 0.68125 0.021875 0.1
1 0.392578125 0.6671875 0.00859375 0.053125
1 0.45546875 0.63671875 0.0109375 0.0296875
1 0.464453125 0.6359375 0.00859375 0.025
1 0.471875 0.63125 0.015625 0.0375
1 0.562890625 0.65078125 0.00546875 0.0171875
1 0.557421875 0.6515625 0.00703125 0.025
1 0.55078125 0.6546875 0.00625 0.021875
1 0.725390625 0.66484375 0.01015625 0.0421875
1 0.747265625 0.69609375 0.02265625 0.0546875
1 0.7671875 0.66953125 0.00625 0.0328125
1 0.8078125 0.653125 0.00625 0.04375
1 0.80234375 0.6546875 0.0078125 0.04375
1 0.79140625 0.65546875 0.0046875 0.0546875
1 0.78671875 0.653125 0.009375 0.059375
1 0.79609375 0.65546875 0.0078125 0.0484375
1 0.782421875 0.65546875 0.02265625 0.1359375
1 0.860546875 0.6375 0.00703125 0.028125
1 0.854296875 0.646875 0.00859375 0.046875
1 0.916015625 0.628125 0.01015625 0.034375
1 0.97265625 0.621875 0.0125 0.025
1 0.998046875 0.62421875 0.00859375 0.0171875
1 1 0.62421875 0.0109375 0.0296875
1 1 0.653125 0.01171875 0.05
1 1 0.640625 0.0140625 0.0625
1 1 0.615625 0.0078125 0.025
1 0.678125 0.66484375 0.009375 0.0484375
1 0.148828125 0.6546875 0.02109375 0.0375
1 0.12578125 0.64453125 0.028125 0.0984375
0 1 0.58671875 0.01640625 0.0796875
0 1 0.61796875 0.0078125 0.0296875
0 1 0.40390625 0.00625 0.0171875
0 1 0.428125 0.0109375 0.028125
0 1 0.43125 0.00859375 0.01875
0 0.892578125 0.65 0.00859375 0.028125
0 0.3484375 0.6484375 0.0109375 0.03125
0 0.7015625 0.5921875 0.0046875 0.015625
