1 0.809375 0.5890625 0.0078125 0.015625
1 1 0.59375 0.0046875 0.04375
1 1 0.59765625 0.00703125 0.0328125
1 1 0.6359375 0.03984375 0.196875
1 0.8515625 0.6421875 0.034375 0.20625
1 0.864453125 0.71328125 0.04609375 0.0796875
1 0.873046875 0.63828125 0.05390625 0.2640625
1 0.93984375 0.64140625 0.0390625 0.2171875
1 0.921484375 0.63125 0.05234375 0.253125
1 0.897265625 0.63828125 0.05546875 0.2703125
1 0.668359375 0.63828125 0.03671875 0.2078125
1 0.680078125 0.64765625 0.03203125 0.1953125
1 0.715625 0.6828125 0.0234375 0.15625
1 0.6921875 0.6390625 0.05 0.24375
1 0.62109375 0.63125 0.0109375 0.171875
1 0.50546875 0.5953125 0.009375 0.109375
1 0.10390625 0.634375 0.0171875 0.08125
1 0.34765625 0.6578125 0.0421875 0.21875
1 0.35 0.66875 0.0421875 0.203125
1 0.165625 0.665625 0.04375 0.2125
1 0.0296875 0.67734375 0.0484375 0.2359375
1 1 0.64140625 0.04296875 0.2515625
1 0.780078125 0.6484375 0.05078125 0.246875
2 1 0.61171875 0.02578125 0.1453125
3 0.768359375 0.72421875 0.02578125 0.0484375
3 0.46875 0.68203125 0.0390625 0.0640625
2 0.29296875 0.6453125 0.0296875 0.146875
5 0 0 0 0
