1 0.1171875 0.60234375 0.009375 0.0890625
1 0.08359375 0.5890625 0.0140625 0.09375
1 0.13515625 0.596875 0.0203125 0.096875
1 0.3609375 0.60625 0.0171875 0.09375
1 0.357421875 0.60546875 0.02265625 0.1109375
1 1 0.3265625 0.03046875 0.059375
1 1 0.33125 0.0375 0.078125
1 1 0.596875 0.04453125 0.403125
1 1 0.50625 0.02109375 0.046875
1 1 0.56796875 0.03359375 0.0921875
1 1 0.48125 0.04453125 0.071875
1 0.875390625 0.59609375 0.01015625 0.0921875
1 0.86171875 0.60703125 0.0171875 0.0921875
1 0.8671875 0.596875 0.021875 0.1125
1 0.841015625 0.60703125 0.01953125 0.0953125
1 0.921484375 0.55234375 0.00859375 0.0328125
1 0.93671875 0.58515625 0.0109375 0.0765625
1 0.960546875 0.546875 0.00546875 0.025
1 0.92421875 0.6125 0.021875 0.10625
1 0.977734375 0.54609375 0.00546875 0.0203125
1 0.98828125 0.54765625 0.021875 0.0359375
1 0.94921875 0.61015625 0.03125 0.1609375
1 1 0.59296875 0.01796875 0.1265625
1 1 0.60234375 0.02109375 0.1671875
1 0.989453125 0.6234375 0.02109375 0.175
1 0.967578125 0.62421875 0.03203125 0.1921875
1 1 0.62421875 0.03671875 0.1828125
1 1 0.61796875 0.02578125 0.1796875
1 1 0.6078125 0.03515625 0.19375
1 1 0.64765625 0.03046875 0.1515625
1 0.773046875 0.60390625 0.01953125 0.0953125
1 0.58125 0.59296875 0.0203125 0.1078125
2 0.818359375 0.57421875 0.01015625 0.0546875
2 0.80859375 0.57421875 0.0109375 0.0578125
0 0.760546875 0.27109375 0.02109375 0.1171875
0 0.81796875 0.265625 0.0234375 0.115625
0 0.8546875 0.26640625 0.03125 0.1078125
0 0.913671875 0.27109375 0.01796875 0.1140625
5 0 0 0 0
5 0 0 0 0
5 0 0 0 0
5 0 0 0 0
