1 0.447265625 0.52265625 0.00703125 0.0140625
1 0.419921875 0.528125 0.00546875 0.015625
1 0.4109375 0.528125 0.00625 0.028125
1 0.272265625 0.6328125 0.03203125 0.265625
1 1 0.7 0.05 0.265625
0 0.20703125 0.5140625 0.01875 0.03125
0 0.18125 0.51171875 0.0078125 0.0171875
0 0.155859375 0.50625 0.02734375 0.021875
0 0.130859375 0.50625 0.00546875 0.021875
0 0.1984375 0.5671875 0.00625 0.0125
0 0.081640625 0.4984375 0.04453125 0.025
0 0.026171875 0.49296875 0.03984375 0.0296875
0 0.30703125 0.5078125 0.0078125 0.009375
0 0.2 0.6328125 0.0109375 0.034375
0 0.188671875 0.63203125 0.01015625 0.0328125
