1 0.066015625 0.6640625 0.00390625 0.028125
1 0.05546875 0.665625 0.00625 0.028125
1 0.5328125 0.63125 0.0171875 0.0625
1 0.558984375 0.6484375 0.01171875 0.09375
1 0.5828125 0.65078125 0.0171875 0.1015625
1 0.594921875 0.6546875 0.00546875 0.0875
1 0.60859375 0.65 0.009375 0.1
1 0.6125 0.65 0.015625 0.090625
1 1 0.64921875 0.040625 0.2328125
1 1 0.65390625 0.02421875 0.2234375
1 1 0.65703125 0.0265625 0.1265625
1 1 0.6625 0.01171875 0.065625
1 1 0.665625 0.00703125 0.0375
1 1 0.6703125 0.0078125 0.046875
1 1 0.66953125 0.009375 0.0515625
4 0.2859375 0.64453125 0.015625 0.0390625
2 0.33359375 0.66171875 0.01875 0.0921875
2 0.994921875 0.6375 0.03671875 0.178125
2 1 0.6515625 0.015625 0.075
2 1 0.65625 0.0140625 0.06875
4 1 0.678125 0.00625 0.0375
4 1 0.6765625 0.00625 0.03125
2 1 0.66015625 0.01171875 0.0578125
1 1 0.63828125 0.01015625 0.0296875
0 0.712890625 0.6328125 0.01796875 0.046875
5 0 0 0 0
5 0 0 0 0
5 0 0 0 0
5 0 0 0 0
5 0 0 0 0
5 0 0 0 0
5 0 0 0 0
5 0 0 0 0
5 0 0 0 0
