1 0.56953125 0.6390625 0.0078125 0.01875
1 0.560546875 0.640625 0.00859375 0.025
1 0.586328125 0.64296875 0.00859375 0.0234375
1 0.52890625 0.63984375 0.0109375 0.0421875
1 0.543359375 0.625 0.02109375 0.05
1 0.474609375 0.6546875 0.00859375 0.115625
1 0.487890625 0.65078125 0.01953125 0.1140625
1 0.500390625 0.68671875 0.02109375 0.1421875
1 0.51640625 0.68828125 0.0234375 0.1390625
1 0.541015625 0.68515625 0.02890625 0.1453125
1 0.783984375 0.7015625 0.02734375 0.15
1 0.875390625 0.69453125 0.02109375 0.0953125
1 0.8875 0.7015625 0.0203125 0.15
1 1 0.646875 0.01015625 0.0375
1 0.99296875 0.6984375 0.0265625 0.15
1 1 0.6984375 0.025 0.159375
1 1 0.65625 0.0171875 0.09375
1 0.462109375 0.67734375 0.03203125 0.1578125
1 0.9578125 0.678125 0.0171875 0.11875
0 1 0.53046875 0.0234375 0.0515625
0 1 0.6203125 0.01875 0.046875
0 1 0.553125 0.02890625 0.034375
0 1 0.45 0.00859375 0.028125
0 0.088671875 0.428125 0.02109375 0.04375
0 0.040625 0.50234375 0.025 0.0546875
0 0.0421875 0.590625 0.0234375 0.053125
5 0 0 0 0
