1 0.934375 0.62890625 0.0046875 0.0515625
1 0.991015625 0.63046875 0.01328125 0.0640625
4 1 0.646875 0.01640625 0.05
3 1 0.66015625 0.0375 0.0953125
1 1 0.66328125 0.04296875 0.2078125
1 0.330078125 0.603125 0.01015625 0.05625
1 0.337109375 0.60859375 0.01171875 0.0546875
1 0.354296875 0.5890625 0.00546875 0.01875
1 0.34921875 0.60078125 0.0125 0.0296875
1 0.290234375 0.6046875 0.01171875 0.053125
1 0.39375 0.609375 0.009375 0.046875
1 0.323046875 0.603125 0.00546875 0.05
1 0.618359375 0.6203125 0.00390625 0.028125
1 0.62265625 0.6140625 0.0046875 0.0375
2 1 0.6609375 0.03359375 0.1625
2 1 0.65703125 0.03984375 0.1921875
1 0.309375 0.6171875 0.003125 0.05
0 1 0.56484375 0.04921875 0.1328125
0 1 0.621875 0.01171875 0.05
0 0.505078125 0.5640625 0.00703125 0.028125
5 0 0 0 0
5 0 0 0 0
5 0 0 0 0
5 0 0 0 0
