1 0.36875 0.62265625 0.009375 0.0171875
1 0.351953125 0.62734375 0.01015625 0.0078125
1 0.40078125 0.625 0.0125 0.01875
1 0.41640625 0.63203125 0.0109375 0.0421875
1 0.434765625 0.6828125 0.01015625 0.096875
1 0.425 0.67265625 0.01875 0.1203125
1 0.43828125 0.69140625 0.015625 0.1078125
1 0.46640625 0.62421875 0.0140625 0.0265625
1 0.48125 0.63046875 0.0125 0.0390625
1 0.498828125 0.61953125 0.01484375 0.0390625
1 0.508984375 0.62578125 0.01171875 0.0203125
1 0.68515625 0.609375 0.0078125 0.009375
1 0.670703125 0.6171875 0.01171875 0.021875
1 0.65546875 0.62734375 0.0125 0.0359375
1 1 0.59296875 0.01875 0.0328125
1 0.978125 0.596875 0.0265625 0.03125
1 0.816015625 0.59921875 0.01015625 0.0203125
1 1 0.56640625 0.01796875 0.0234375
1 1 0.565625 0.01640625 0.034375
1 1 0.60234375 0.01328125 0.1109375
1 1 0.59609375 0.01875 0.0609375
4 1 1.0 0.02109375 0.046875
1 0.249609375 0.70625 0.06171875 0.43125
1 0.057421875 0.7328125 0.08359375 0.40625
4 0.008203125 0.846875 0.00703125 0.209375
1 0.29921875 0.7484375 0.0515625 0.446875
1 0.2765625 0.74296875 0.0859375 0.5265625
1 0.209375 0.7375 0.1234375 0.709375
1 0.120703125 0.76328125 0.10703125 0.6859375
1 0.784765625 0.7984375 0.13359375 0.653125
2 1 0.5921875 0.03671875 0.078125
2 1 0.640625 0.028125 0.14375
2 1 0.5984375 0.08046875 0.378125
2 1 0.6390625 0.08359375 0.409375
0 0.569140625 0.58515625 0.01328125 0.0953125
0 0.46328125 0.5703125 0.0140625 0.071875
0 0.1609375 1 0.1203125 0.115625
0 0.2484375 1 0.1 0.125
0 0.373828125 1 0.19609375 0.1109375
0 0.0609375 0.94609375 0.0578125 0.0296875
0 0.88984375 1 0.203125 0.0890625
0 1 0.5109375 0.0390625 0.153125
0 1 0.559375 0.0125 0.025
0 1 0.5671875 0.0109375 0.028125
0 1 0.56171875 0.00625 0.0234375
