1 0.560546875 0.62421875 0.01953125 0.0921875
1 0.829296875 0.6234375 0.00703125 0.046875
1 0.843359375 0.62265625 0.00546875 0.0296875
1 0.7640625 0.6140625 0.0078125 0.034375
1 0.76875 0.6234375 0.009375 0.05
1 0.533203125 0.61953125 0.01328125 0.1078125
1 0.543359375 0.6171875 0.02109375 0.1125
1 0.5078125 0.62421875 0.015625 0.1171875
1 0.520703125 0.63046875 0.01796875 0.0984375
1 0.491796875 0.61953125 0.02265625 0.1140625
1 0.319921875 0.6015625 0.03359375 0.109375
1 0.2765625 0.5578125 0.0265625 0.04375
1 0.248046875 0.56171875 0.02890625 0.0296875
1 0.189453125 0.54375 0.01171875 0.021875
1 0.175390625 0.54140625 0.04453125 0.0734375
1 0.131640625 0.55078125 0.02421875 0.0609375
1 0.126953125 0.559375 0.01328125 0.04375
4 0.450390625 0.6328125 0.02578125 0.109375
0 0.823828125 0.57578125 0.00546875 0.0109375
0 0.288671875 0.65859375 0.04140625 0.1203125
0 0.924609375 0.56875 0.00390625 0.009375
1 0.107421875 0.5734375 0.02265625 0.040625
