1 0.768359375 0.63125 0.00859375 0.028125
1 0.734765625 0.6140625 0.00703125 0.015625
1 0.726171875 0.61953125 0.00390625 0.0140625
1 0.64453125 0.6171875 0.009375 0.028125
1 0.630078125 0.6296875 0.01171875 0.05
1 0.6390625 0.6171875 0.0125 0.025
1 0.56015625 0.59765625 0.015625 0.0234375
1 0.254296875 0.771875 0.02734375 0.08125
3 0.035546875 0.74140625 0.06171875 0.2609375
1 0.292578125 0.66953125 0.05703125 0.2859375
1 0.237109375 0.68515625 0.04453125 0.2859375
1 0.19140625 0.67578125 0.0515625 0.2953125
1 0.15625 0.68984375 0.040625 0.2828125
1 0.18515625 0.70546875 0.046875 0.2703125
1 0.2609375 0.70546875 0.0484375 0.2640625
1 0.872265625 0.6578125 0.06328125 0.309375
1 0.97890625 0.6671875 0.0546875 0.26875
0 1 0.490625 0.02734375 0.08125
0 0.073828125 0.52421875 0.01171875 0.0296875
0 0.36015625 0.6765625 0.0171875 0.196875
