1 0.864453125 0.60390625 0.01171875 0.0640625
1 0.718359375 0.61015625 0.00859375 0.0453125
1 0.741015625 0.61640625 0.01015625 0.0703125
1 0.732421875 0.61875 0.01484375 0.075
1 0.468359375 0.56796875 0.03203125 0.0984375
1 0.43671875 0.55234375 0.01875 0.0796875
1 0.391796875 0.57421875 0.01640625 0.0578125
1 0.345703125 0.56015625 0.03046875 0.1265625
1 0.283203125 0.58984375 0.04765625 0.2703125
1 0.075 0.60546875 0.0703125 0.3515625
4 0.01171875 0.54140625 0.0140625 0.1703125
1 0.575 0.634375 0.0390625 0.284375
1 0.533984375 0.62734375 0.06171875 0.3015625
1 0.9234375 0.5984375 0.009375 0.0375
1 1 0.66328125 0.05546875 0.2703125
1 0.68359375 0.61171875 0.0109375 0.0734375
2 0.905078125 0.63203125 0.03203125 0.1578125
