1 0.2484375 0.575 0.009375 0.034375
1 0.453125 0.61171875 0.0046875 0.0234375
1 1 0.0859375 0.00234375 0.084375
1 1 0.090625 0.01484375 0.096875
1 0.271875 0.56875 0.015625 0.046875
1 0.29296875 0.57578125 0.0109375 0.0359375
1 1 0.65703125 0.0359375 0.2296875
1 1 0.61484375 0.0078125 0.0359375
1 1 0.6171875 0.00859375 0.05625
1 0.99921875 0.61015625 0.0234375 0.0703125
1 0.99921875 0.61484375 0.021875 0.0640625
1 1 0.61328125 0.0109375 0.0453125
4 1 0.65390625 0.00546875 0.0296875
1 1 0.675 0.03046875 0.23125
1 0.092578125 0.646875 0.00703125 0.125
1 0.258984375 0.56640625 0.01328125 0.0484375
3 0.030078125 0.6484375 0.05078125 0.11875
1 0.448046875 0.6078125 0.01015625 0.03125
1 0.4265625 0.60859375 0.0125 0.0296875
1 0.440625 0.6078125 0.0109375 0.03125
1 0.41015625 0.6078125 0.009375 0.028125
1 0.403125 0.6078125 0.0078125 0.03125
1 0.783203125 0.61796875 0.00859375 0.0140625
1 0.86484375 0.64296875 0.0078125 0.0578125
1 0.3984375 0.59140625 0.0046875 0.0203125
1 1 0.6640625 0.01484375 0.196875
1 1 0.66171875 0.03359375 0.2046875
1 1 0.6359375 0.04375 0.196875
1 1 0.6609375 0.040625 0.2375
1 1 0.678125 0.0375 0.253125
1 1 0.69296875 0.03203125 0.2734375
1 1 0.59765625 0.034375 0.0765625
1 1 0.6046875 0.02421875 0.06875
1 1 0.66484375 0.05625 0.2734375
4 1 0.6078125 0.01171875 0.053125
1 1 0.59921875 0.0265625 0.0765625
1 1 0.675 0.02734375 0.209375
1 1 0.6765625 0.0453125 0.21875
1 1 0.66875 0.04921875 0.240625
1 1 0.66796875 0.0265625 0.2609375
1 1 0.6640625 0.0625 0.303125
1 1 0.678125 0.04921875 0.309375
1 1 0.0984375 0.01640625 0.09375
1 1 0.1421875 0.0140625 0.04375
2 0.0265625 0.6125 0.01875 0.075
2 0.919921875 0.64609375 0.02578125 0.1359375
2 0.884375 0.6453125 0.0296875 0.140625
1 1 0.6703125 0.01484375 0.15625
1 1 0.69296875 0.03828125 0.2015625
1 1 0.67578125 0.04140625 0.2484375
0 0.647265625 0.5234375 0.06640625 0.015625
0 0.586328125 0.5171875 0.02890625 0.025
0 1 0.53125 0.0078125 0.0125
5 0 0 0 0
