1 1 0.66796875 0.03046875 0.3671875
1 0.304296875 0.39140625 0.00546875 0.0140625
1 1 0.6875 0.0296875 0.321875
1 1 0.684375 0.03203125 0.325
1 0.309375 0.39375 0.0046875 0.009375
1 0.43125 0.51640625 0.00625 0.0265625
1 0.058203125 0.59140625 0.00546875 0.0109375
1 0.06484375 0.63359375 0.0078125 0.0734375
1 0.075390625 0.6015625 0.01171875 0.025
1 0.101953125 0.60390625 0.01484375 0.0515625
1 0.050390625 0.62890625 0.02265625 0.1078125
1 0.25625 0.61953125 0.009375 0.0796875
1 0.24921875 0.61796875 0.0140625 0.0921875
1 0.240234375 0.61484375 0.01796875 0.0984375
1 0.141796875 0.625 0.01796875 0.0875
1 0.161328125 0.61484375 0.01796875 0.0671875
1 0.188671875 0.61640625 0.02265625 0.1109375
1 0.202734375 0.621875 0.02109375 0.1
1 0.26796875 0.6078125 0.0203125 0.13125
1 0.35234375 0.634375 0.015625 0.096875
1 0.33828125 0.63125 0.0203125 0.1
1 0.316796875 0.61484375 0.02578125 0.1328125
1 0.418359375 0.6171875 0.02578125 0.14375
1 0.393359375 0.6296875 0.02421875 0.11875
1 0.7796875 0.609375 0.025 0.14375
1 0.8140625 0.57109375 0.00625 0.0234375
1 0.75859375 0.646875 0.0359375 0.1875
1 0.822265625 0.640625 0.02890625 0.1875
1 0.84921875 0.6328125 0.025 0.203125
1 0.874609375 0.6359375 0.02734375 0.196875
1 0.855859375 0.646875 0.03515625 0.184375
1 0.905859375 0.63671875 0.03515625 0.2109375
1 0.937109375 0.6421875 0.03359375 0.203125
1 1 0.66171875 0.03671875 0.2078125
1 0.975 0.6453125 0.0453125 0.253125
1 1 0.65703125 0.03046875 0.2546875
1 1 0.66015625 0.04765625 0.2484375
1 1 0.64921875 0.04765625 0.2890625
1 1 0.65859375 0.04296875 0.2703125
1 1 0.66484375 0.0390625 0.2703125
1 1 0.66171875 0.0515625 0.2796875
2 0.789453125 0.63984375 0.03671875 0.1796875
0 0.814453125 0.3953125 0.01484375 0.028125
0 0.24453125 0.54453125 0.0046875 0.0171875
0 0.230859375 0.5359375 0.01015625 0.09375
1 1 0.69453125 0.0421875 0.2390625
