3 1 0.68515625 0.01171875 0.0265625
3 1 0.68515625 0.0171875 0.0609375
1 1 0.66953125 0.0046875 0.0234375
1 1 0.68046875 0.00625 0.0265625
1 1 0.66484375 0.00625 0.0140625
3 1 0.69921875 0.0421875 0.0953125
3 1 0.72578125 0.0375 0.0890625
3 1 0.68984375 0.02265625 0.0703125
3 1 0.72421875 0.009375 0.0734375
1 1 0.68984375 0.04453125 0.2734375
1 0.947265625 0.70703125 0.01015625 0.1140625
1 0.97109375 0.71328125 0.01875 0.1359375
1 0.9546875 0.7171875 0.025 0.134375
1 1 0.7046875 0.05390625 0.2875
1 1 0.68984375 0.05390625 0.3109375
1 1 0.68359375 0.0515625 0.2921875
1 1 0.70703125 0.046875 0.2515625
3 0.93125 0.6890625 0.0109375 0.078125
1 1 0.69140625 0.04921875 0.2890625
1 0.893359375 0.71015625 0.01328125 0.1421875
1 1 0.66640625 0.046875 0.3328125
1 0.914453125 0.678125 0.05390625 0.271875
1 0.75 0.659375 0.01875 0.0625
1 0.783984375 0.690625 0.04140625 0.259375
1 0.826953125 0.68828125 0.05234375 0.2828125
1 0.90859375 0.6921875 0.040625 0.278125
1 0.870703125 0.6921875 0.04453125 0.271875
1 0.481640625 0.6578125 0.00859375 0.034375
1 0.464453125 0.66640625 0.01484375 0.0453125
1 0.48984375 0.65859375 0.01875 0.0328125
1 0.475 0.66640625 0.0109375 0.0296875
1 0.45 0.6609375 0.015625 0.05
3 0.4375 0.67109375 0.0109375 0.0421875
1 0.423046875 0.6671875 0.02109375 0.071875
1 0.178515625 0.640625 0.00546875 0.021875
1 0.16875 0.653125 0.015625 0.053125
1 0.198046875 0.64140625 0.01640625 0.0515625
1 0.180078125 0.65390625 0.01796875 0.0453125
4 0.00546875 0.6671875 0.0015625 0.00625
1 1 0.60234375 0.01328125 0.0234375
