1 0.627734375 0.634375 0.01015625 0.059375
1 0.700390625 0.63984375 0.00859375 0.0484375
1 0.7640625 0.6390625 0.0078125 0.046875
1 0.726171875 0.63984375 0.01015625 0.0484375
1 0.6859375 0.63203125 0.009375 0.0359375
1 0.671875 0.63125 0.0140625 0.06875
1 0.821484375 0.63828125 0.00859375 0.0515625
1 0.7734375 0.64609375 0.009375 0.0453125
1 0.841796875 0.640625 0.01015625 0.053125
1 0.8828125 0.628125 0.021875 0.10625
1 0.910546875 0.6296875 0.02265625 0.109375
1 1 0.6234375 0.03359375 0.165625
1 1 0.63046875 0.06015625 0.3234375
1 1 0.63515625 0.06171875 0.3171875
4 1 0.675 0.00625 0.14375
1 0.59921875 0.62890625 0.0109375 0.0546875
1 0.476953125 0.62265625 0.01171875 0.0421875
1 0.46640625 0.64375 0.0078125 0.078125
1 0.460546875 0.6453125 0.01015625 0.059375
1 0.45234375 0.64375 0.009375 0.075
1 0.441015625 0.63125 0.00703125 0.05
1 0.435546875 0.640625 0.01328125 0.0625
1 0.408203125 0.64453125 0.01328125 0.0703125
1 0.394140625 0.61953125 0.00703125 0.0265625
1 0.387109375 0.61796875 0.00859375 0.0328125
1 0.362890625 0.62109375 0.00859375 0.0328125
1 0.226953125 0.6484375 0.01328125 0.078125
1 0.291015625 0.6484375 0.01484375 0.08125
1 0.243359375 0.66484375 0.01015625 0.0515625
1 0.198046875 0.63671875 0.01484375 0.0421875
3 0.91328125 0.6328125 0.034375 0.096875
1 0.44609375 0.63984375 0.009375 0.0734375
1 0.41640625 0.6421875 0.0140625 0.065625
1 0.376953125 0.6203125 0.01484375 0.028125
1 0.355859375 0.6234375 0.01015625 0.034375
1 0.315234375 0.6375 0.01484375 0.0875
1 0.19296875 0.65859375 0.00625 0.0703125
0 0.516015625 0.62421875 0.01015625 0.0203125
5 0 0 0 0
5 0 0 0 0
5 0 0 0 0
5 0 0 0 0
5 0 0 0 0
