1 0.807421875 0.66328125 0.00546875 0.0296875
1 0.93828125 0.65625 0.0171875 0.084375
1 1 0.6609375 0.01484375 0.071875
1 0.9890625 0.65546875 0.0140625 0.0734375
1 0.99140625 0.6609375 0.0140625 0.06875
1 0.965625 0.65859375 0.015625 0.0734375
1 1 0.65078125 0.0125 0.0796875
1 1 0.6484375 0.0078125 0.05
1 1 0.64296875 0.00859375 0.0484375
1 1 0.64296875 0.009375 0.0484375
1 1 0.634375 0.0171875 0.08125
1 1 0.58359375 0.0296875 0.0578125
1 0.787109375 0.66640625 0.01484375 0.0703125
1 0.7765625 0.66171875 0.0171875 0.0828125
1 0.752734375 0.66953125 0.00859375 0.0609375
1 0.744921875 0.66953125 0.01328125 0.0703125
1 0.73359375 0.66796875 0.0125 0.0703125
1 0.723828125 0.66328125 0.01015625 0.0796875
1 0.70859375 0.665625 0.0109375 0.084375
1 0.67734375 0.66796875 0.0125 0.0796875
1 0.691796875 0.66875 0.01171875 0.08125
1 0.415625 0.6734375 0.0109375 0.0375
1 0.393359375 0.66796875 0.01171875 0.0328125
1 0.234765625 0.67421875 0.01328125 0.0953125
1 0.25859375 0.684375 0.0125 0.1125
1 0.24453125 0.6796875 0.0234375 0.115625
1 0.269140625 0.68203125 0.02265625 0.1171875
1 1 0.63828125 0.01640625 0.0890625
1 0.715234375 0.66484375 0.01484375 0.0828125
1 0.22109375 0.67578125 0.0140625 0.0796875
0 1 0.5671875 0.02421875 0.1125
0 1 0.46015625 0.0078125 0.0203125
0 1 0.6296875 0.0265625 0.021875
0 1 0.646875 0.009375 0.03125
0 0.601171875 0.61875 0.00703125 0.01875
5 0 0 0 0
5 0 0 0 0
5 0 0 0 0
5 0 0 0 0
5 0 0 0 0
5 0 0 0 0
5 0 0 0 0
5 0 0 0 0
5 0 0 0 0
