1 1 0.7328125 0.0609375 0.346875
1 1 0.66171875 0.04296875 0.2734375
1 1 0.6546875 0.0515625 0.3
1 1 0.64453125 0.0390625 0.2640625
1 1 0.61640625 0.0375 0.2296875
1 1 0.66640625 0.0515625 0.2515625
1 1 0.6796875 0.04375 0.259375
3 0.483203125 0.55078125 0.00703125 0.0140625
1 0.69609375 0.57265625 0.015625 0.1171875
1 0.7453125 0.5984375 0.0171875 0.190625
1 0.727734375 0.5734375 0.02890625 0.125
1 0.821875 0.64296875 0.0359375 0.2671875
1 0.78828125 0.6328125 0.034375 0.28125
1 0.663671875 0.575 0.01796875 0.078125
1 0.596875 0.565625 0.01875 0.10625
1 0.614453125 0.56015625 0.03359375 0.1328125
1 0.64375 0.55625 0.0296875 0.10625
1 0.567578125 0.571875 0.02578125 0.103125
4 0.488671875 0.58046875 0.06328125 0.0859375
1 0.025390625 0.5078125 0.01640625 0.028125
1 0.210546875 0.51015625 0.01796875 0.0328125
1 0.092578125 0.50703125 0.01796875 0.0296875
1 0.051171875 0.5078125 0.00859375 0.015625
1 0.4109375 0.53359375 0.021875 0.0703125
0 0.1359375 0.49609375 0.0171875 0.0671875
0 1 0.52265625 0.02109375 0.0953125
0 1 0.5234375 0.01484375 0.096875
0 1 0.5671875 0.01796875 0.121875
0 0.98984375 0.57421875 0.0078125 0.0265625
