1 0.526953125 0.65078125 0.03046875 0.1734375
1 0.565625 0.64609375 0.0359375 0.1734375
1 0.80625 0.60390625 0.003125 0.0109375
1 0.81015625 0.578125 0.003125 0.0125
1 0.912890625 0.58828125 0.01328125 0.0265625
1 1 0.68671875 0.0375 0.2203125
1 1 0.72578125 0.02578125 0.1859375
1 1 0.6546875 0.059375 0.290625
1 0.9859375 0.61953125 0.03125 0.1921875
1 0.814453125 0.59375 0.00390625 0.028125
2 0.831640625 0.58671875 0.00703125 0.0296875
2 0.843359375 0.59140625 0.00546875 0.0328125
2 0.863671875 0.603125 0.01796875 0.109375
2 0.8796875 0.615625 0.025 0.11875
3 1 0.70234375 0.015625 0.1265625
0 1 0.70703125 0.01953125 0.0984375
0 1 0.71640625 0.01484375 0.1109375
0 1 0.784375 0.0328125 0.21875
0 0.1515625 0.67265625 0.021875 0.0671875
0 0.3734375 0.59453125 0.0484375 0.1109375
5 0 0 0 0
