1 0.904296875 0.640625 0.00546875 0.025
1 0.911328125 0.64140625 0.00546875 0.0234375
1 0.91796875 0.6359375 0.003125 0.025
1 1 0.65546875 0.0109375 0.0734375
1 0.998828125 0.6578125 0.01015625 0.071875
1 1 0.65390625 0.0140625 0.0765625
1 1 0.65859375 0.01328125 0.0796875
1 1 0.66328125 0.01015625 0.0828125
1 1 0.66484375 0.01171875 0.0765625
1 1 0.66484375 0.01171875 0.0859375
1 1 0.65703125 0.01328125 0.0984375
1 1 0.6671875 0.0109375 0.084375
1 1 0.66328125 0.0171875 0.1171875
1 1 0.66640625 0.0234375 0.1140625
1 1 0.665625 0.02265625 0.121875
1 1 0.65625 0.00625 0.084375
1 1 0.665625 0.01640625 0.1
1 1 0.665625 0.01953125 0.109375
1 1 0.6578125 0.021875 0.153125
1 1 0.665625 0.0109375 0.096875
1 1 0.67109375 0.01796875 0.0859375
1 1 0.67265625 0.02265625 0.1078125
1 1 0.6515625 0.009375 0.075
1 1 0.66796875 0.015625 0.1140625
1 1 0.67421875 0.01796875 0.1046875
1 1 0.65546875 0.028125 0.1515625
1 1 0.665625 0.0265625 0.14375
1 1 0.67265625 0.02890625 0.1421875
1 1 0.66328125 0.02109375 0.1578125
1 1 0.6703125 0.02578125 0.146875
1 0.671484375 0.65546875 0.00859375 0.0484375
1 0.4 0.6703125 0.009375 0.0875
1 0.16328125 0.66875 0.015625 0.1
1 0.22421875 0.66640625 0.0171875 0.0953125
1 0.2078125 0.678125 0.025 0.1375
1 0.184765625 0.6984375 0.03828125 0.184375
1 0.26796875 0.63984375 0.0109375 0.0296875
1 0.275390625 0.64140625 0.00703125 0.0203125
1 0.29296875 0.63984375 0.0046875 0.0234375
1 0.298828125 0.65 0.00859375 0.053125
1 0.30390625 0.65546875 0.00625 0.0546875
1 0.331640625 0.68125 0.02421875 0.11875
1 0.353515625 0.67265625 0.01484375 0.0828125
1 0.37890625 0.66796875 0.015625 0.0890625
1 0.416796875 0.665625 0.01171875 0.084375
1 0.4078125 0.665625 0.01875 0.096875
1 0.42890625 0.66875 0.0125 0.08125
1 0.492578125 0.6671875 0.01328125 0.065625
1 0.45234375 0.6703125 0.0140625 0.075
2 0.91640625 0.6484375 0.0046875 0.040625
2 0.92421875 0.6515625 0.009375 0.05
2 0.93984375 0.646875 0.009375 0.046875
2 0.312109375 0.6578125 0.01640625 0.0625
5 0 0 0 0
5 0 0 0 0
5 0 0 0 0
5 0 0 0 0
5 0 0 0 0
5 0 0 0 0
5 0 0 0 0
5 0 0 0 0
5 0 0 0 0
5 0 0 0 0
5 0 0 0 0
