4 0.7796875 0.61953125 0.0359375 0.1203125
1 0.73046875 0.63125 0.0125 0.153125
1 0.75390625 0.56953125 0.021875 0.1078125
1 0.846875 0.6078125 0.0234375 0.146875
1 0.874609375 0.54765625 0.02421875 0.0515625
1 0.917578125 0.61328125 0.01484375 0.0921875
1 0.903515625 0.5859375 0.02109375 0.090625
1 0.981640625 0.59453125 0.03515625 0.1765625
1 1 0.61875 0.03203125 0.19375
1 1 0.62109375 0.0359375 0.1984375
1 1 0.64609375 0.0265625 0.1515625
1 1 0.66171875 0.0390625 0.2453125
1 0.014453125 0.603125 0.01796875 0.13125
1 0.1421875 0.6046875 0.0109375 0.090625
1 0.130859375 0.5984375 0.01640625 0.090625
1 1 0.6296875 0.04921875 0.2375
1 1 0.615625 0.0359375 0.209375
1 0.716796875 0.6234375 0.02421875 0.1625
1 1 0.62734375 0.04609375 0.2296875
0 1 0.5375 0.028125 0.0625
0 1 0.60078125 0.03203125 0.1234375
0 0.8984375 0.525 0.0109375 0.05625
