1 0.592578125 0.33984375 0.00234375 0.0046875
1 0.598828125 0.33984375 0.00234375 0.0046875
1 0.60546875 0.33984375 0.003125 0.0078125
1 0.61328125 0.33984375 0.003125 0.0078125
1 0.2328125 0.6125 0.00625 0.0125
1 0.239453125 0.61484375 0.00703125 0.0234375
1 0.25390625 0.6109375 0.0078125 0.028125
1 0.39453125 0.2765625 0.003125 0.021875
1 0.401171875 0.27265625 0.00390625 0.0203125
1 0.408203125 0.27421875 0.00546875 0.0203125
1 0.44375 0.36875 0.00625 0.015625
1 0.61640625 0.4921875 0.00625 0.028125
1 0.634765625 0.475 0.00546875 0.015625
1 0.641796875 0.475 0.00546875 0.015625
1 0.622265625 0.4921875 0.00546875 0.01875
1 0.93046875 0.43984375 0.00625 0.0140625
1 0.7125 0.4796875 0.003125 0.009375
1 0.7171875 0.4734375 0.0046875 0.01875
1 0.722265625 0.46953125 0.00703125 0.0234375
1 0.748046875 0.46953125 0.00703125 0.0171875
1 0.764453125 0.46640625 0.00546875 0.0171875
1 0.775390625 0.4671875 0.00546875 0.0125
1 0.860546875 0.45 0.00859375 0.021875
1 0.842578125 0.46171875 0.00703125 0.0359375
1 0.83203125 0.46171875 0.0078125 0.0359375
1 0.815625 0.45703125 0.0078125 0.0203125
1 0.796875 0.4609375 0.00625 0.01875
1 0.8015625 0.46953125 0.0046875 0.0328125
1 0.78203125 0.4640625 0.0046875 0.015625
1 0.78984375 0.46484375 0.0046875 0.0109375
1 0.531640625 0.60703125 0.00859375 0.0578125
1 0.521484375 0.60703125 0.00703125 0.0578125
1 0.505859375 0.596875 0.00390625 0.03125
1 0.51015625 0.6078125 0.0078125 0.04375
1 0.4890625 0.61171875 0.009375 0.0453125
1 0.46328125 0.6125 0.0078125 0.053125
1 0.45859375 0.6125 0.0078125 0.05
1 0.434765625 0.6140625 0.00859375 0.04375
1 0.45078125 0.61171875 0.009375 0.0484375
1 0.341015625 0.615625 0.01171875 0.046875
1 0.386328125 0.62421875 0.01328125 0.0640625
1 0.405078125 0.62265625 0.00859375 0.0578125
1 0.4125 0.6265625 0.0109375 0.059375
1 0.3953125 0.6234375 0.0125 0.065625
1 0.35859375 0.609375 0.00625 0.034375
1 0.369921875 0.6265625 0.00703125 0.0625
1 0.328515625 0.63984375 0.00859375 0.0453125
1 0.31875 0.63125 0.0125 0.065625
1 0.30625 0.6359375 0.0140625 0.071875
1 0.292578125 0.64375 0.01328125 0.065625
1 0.1765625 0.62578125 0.0078125 0.0578125
1 0.190234375 0.62734375 0.01484375 0.0640625
1 0.379296875 0.6453125 0.01640625 0.078125
1 0.037109375 0.71640625 0.04296875 0.2734375
1 0.028125 0.7265625 0.0453125 0.271875
1 0.9453125 0.56875 0.0109375 0.08125
1 0.958203125 0.575 0.00859375 0.1
1 1 0.5484375 0.00546875 0.046875
1 1 0.5390625 0.00859375 0.025
1 1 0.5640625 0.0125 0.053125
1 1 0.56875 0.00546875 0.071875
1 1 0.565625 0.01171875 0.071875
1 1 0.54140625 0.003125 0.0109375
1 1 0.5546875 0.00859375 0.046875
1 1 0.5484375 0.00859375 0.03125
1 1 0.55546875 0.009375 0.0453125
1 1 0.57734375 0.0171875 0.0890625
1 0.981640625 0.5703125 0.01328125 0.046875
1 1 0.64375 0.03203125 0.05625
1 1 0.596875 0.040625 0.196875
1 1 0.59609375 0.04140625 0.2046875
1 1 0.58359375 0.0328125 0.3328125
1 1 0.596875 0.0515625 0.315625
1 1 0.59296875 0.0640625 0.3796875
1 1 0.58359375 0.0625 0.3890625
2 0.818359375 0.57109375 0.00703125 0.0203125
2 0.49921875 0.609375 0.009375 0.053125
2 0.907421875 0.59609375 0.01953125 0.1609375
2 0.880859375 0.5921875 0.02578125 0.125
2 0.923828125 0.60078125 0.04140625 0.2015625
1 0.443359375 0.6171875 0.00859375 0.04375
2 0.348828125 0.6421875 0.01640625 0.078125
5 0 0 0 0
