1 1 0.55859375 0.009375 0.0453125
1 1 0.55859375 0.00859375 0.0421875
3 0.796875 0.5453125 0.0109375 0.0375
3 0.8046875 0.5421875 0.0125 0.04375
3 0.815625 0.54609375 0.0140625 0.0515625
1 0.88984375 0.54375 0.009375 0.078125
1 0.884375 0.5453125 0.0140625 0.09375
1 0.855078125 0.54375 0.01328125 0.08125
1 0.8703125 0.54375 0.0171875 0.0875
3 0.849609375 0.55625 0.00859375 0.075
1 0.591015625 0.53671875 0.01015625 0.0171875
1 0.545703125 0.503125 0.00703125 0.009375
1 0.578125 0.553125 0.01875 0.14375
1 0.564453125 0.49765625 0.01953125 0.0609375
1 0.50625 0.45390625 0.0203125 0.0703125
1 0.4921875 0.453125 0.0234375 0.071875
1 0.442578125 0.45390625 0.02578125 0.0703125
1 0.38515625 0.43828125 0.0171875 0.0640625
1 0.620703125 0.5734375 0.02890625 0.14375
1 0.366796875 0.45234375 0.03046875 0.1703125
1 0.159765625 0.60390625 0.04296875 0.2109375
1 0.1734375 0.6125 0.0296875 0.203125
1 0.155859375 0.6109375 0.04453125 0.215625
1 0.66171875 0.60234375 0.0390625 0.1796875
1 1 0.5515625 0.00859375 0.06875
3 1 0.60546875 0.0265625 0.0578125
3 1 0.59453125 0.0234375 0.0890625
3 1 0.59375 0.028125 0.084375
3 1 0.5921875 0.028125 0.078125
1 1 0.6140625 0.034375 0.165625
1 1 0.6015625 0.03046875 0.196875
1 0.900390625 0.63828125 0.03203125 0.2046875
1 0.9453125 0.63515625 0.0375 0.2171875
1 1 0.6515625 0.0453125 0.21875
1 1 0.66953125 0.03046875 0.2265625
5 0 0 0 0
5 0 0 0 0
5 0 0 0 0
5 0 0 0 0
5 0 0 0 0
5 0 0 0 0
5 0 0 0 0
5 0 0 0 0
5 0 0 0 0
5 0 0 0 0
5 0 0 0 0
