1 0.8234375 0.59375 0.0109375 0.01875
1 0.171875 0.515625 0.0203125 0.053125
1 0.028515625 0.6234375 0.02890625 0.09375
1 0.06328125 0.60703125 0.040625 0.1171875
1 1 0.61171875 0.01796875 0.0921875
1 1 0.6109375 0.0125 0.10625
1 1 0.609375 0.01484375 0.103125
1 1 0.61484375 0.01953125 0.0984375
1 1 0.61484375 0.01875 0.0921875
1 1 0.5765625 0.01796875 0.065625
1 0.75078125 0.60234375 0.009375 0.0203125
1 1 0.59921875 0.0328125 0.1609375
1 1 0.61171875 0.01484375 0.0984375
5 0 0 0 0
5 0 0 0 0
5 0 0 0 0
5 0 0 0 0
5 0 0 0 0
