1 1 0.47734375 0.03359375 0.1921875
1 1 0.49921875 0.01328125 0.0203125
1 1 0.55546875 0.015625 0.1140625
1 1 0.58984375 0.00703125 0.0265625
1 1 0.590625 0.01640625 0.040625
1 1 0.58671875 0.05078125 0.2265625
1 1 0.6046875 0.046875 0.234375
1 1 0.6078125 0.01953125 0.134375
1 1 0.615625 0.04765625 0.2625
3 1 0.58671875 0.01015625 0.0296875
1 1 0.61328125 0.01875 0.1296875
1 1 0.5734375 0.0140625 0.05625
1 1 0.6046875 0.025 0.14375
1 1 0.60859375 0.02109375 0.1109375
1 0.99375 0.6171875 0.0140625 0.06875
1 1 0.615625 0.03203125 0.165625
3 1 0.6171875 0.01640625 0.05
1 1 0.5859375 0.0171875 0.04375
1 0.97578125 0.59296875 0.0171875 0.0359375
1 0.958203125 0.59375 0.01015625 0.03125
1 0.83828125 0.59609375 0.0078125 0.0203125
1 0.82734375 0.5984375 0.00625 0.021875
1 0.728125 0.6265625 0.009375 0.05
1 0.65625 0.61875 0.0078125 0.03125
1 0.6296875 0.64140625 0.0078125 0.0546875
1 1 0.6078125 0.01640625 0.109375
1 0.636328125 0.634375 0.01171875 0.059375
1 0.623828125 0.6375 0.00703125 0.0625
1 0.524609375 0.63203125 0.00703125 0.0546875
1 0.565234375 0.63125 0.00859375 0.046875
1 0.54140625 0.63828125 0.0078125 0.0453125
1 0.530859375 0.62421875 0.00703125 0.0328125
1 0.53671875 0.6578125 0.0078125 0.053125
1 0.530078125 0.6625 0.01328125 0.0625
1 0.516796875 0.634375 0.00703125 0.04375
1 0.51015625 0.63515625 0.009375 0.0453125
1 0.48828125 0.640625 0.0078125 0.04375
3 0.7953125 0.62421875 0.0109375 0.0484375
0 0.329296875 0.34921875 0.01953125 0.0703125
0 0.34921875 0.2796875 0.015625 0.059375
0 0.38046875 0.27890625 0.0125 0.0703125
0 0.037890625 0.6734375 0.01015625 0.046875
