1 0.82890625 0.63828125 0.015625 0.0765625
1 1 0.58359375 0.00625 0.0078125
1 0.99609375 0.59765625 0.0078125 0.0234375
1 1 0.61015625 0.03125 0.1578125
1 1 0.615625 0.02890625 0.140625
1 0.599609375 0.63671875 0.00234375 0.0203125
1 0.602734375 0.6390625 0.00859375 0.05
1 0.79375 0.640625 0.0109375 0.0625
1 0.7828125 0.64296875 0.009375 0.0578125
1 0.771875 0.64453125 0.0078125 0.0546875
2 0.858203125 0.63203125 0.01328125 0.0671875
2 0.86953125 0.63828125 0.0171875 0.0859375
5 0 0 0 0
5 0 0 0 0
5 0 0 0 0
5 0 0 0 0
5 0 0 0 0
