1 0.7296875 0.62734375 0.00625 0.0109375
1 0.358203125 0.6734375 0.01171875 0.053125
1 0.36953125 0.69765625 0.0171875 0.0796875
1 0.348828125 0.7015625 0.02109375 0.103125
1 0.326171875 0.7015625 0.01328125 0.08125
1 0.315234375 0.70390625 0.01015625 0.0765625
1 0.30625 0.70546875 0.015625 0.0953125
1 0.246875 0.703125 0.015625 0.08125
1 0.194140625 0.7 0.01640625 0.084375
1 0.153515625 0.70078125 0.01015625 0.0921875
1 1 0.6828125 0.0125 0.065625
1 0.584765625 0.640625 0.00703125 0.04375
1 0.634765625 0.66796875 0.00859375 0.0515625
1 0.643359375 0.66640625 0.01015625 0.0546875
2 1 0.6765625 0.0140625 0.065625
1 0.30234375 0.70703125 0.015625 0.0890625
1 0.26015625 0.696875 0.0171875 0.090625
1 1 0.65703125 0.0078125 0.0265625
0 0.111328125 0.66875 0.03046875 0.0875
0 0.975390625 0.5828125 0.01484375 0.021875
0 0.947265625 0.58046875 0.02578125 0.0171875
0 0.88515625 0.584375 0.053125 0.025
0 0.841015625 0.5828125 0.00703125 0.021875
0 0.820703125 0.58203125 0.01328125 0.0203125
0 0.805078125 0.58203125 0.01015625 0.0140625
0 1 0.0703125 0.04140625 0.103125
