1 0.5578125 0.5578125 0.0140625 0.03125
1 0.03203125 0.61015625 0.0265625 0.0671875
1 1 0.68828125 0.034375 0.2640625
1 1 0.65859375 0.0875 0.4390625
1 1 0.65703125 0.0453125 0.2359375
1 1 0.65703125 0.040625 0.3828125
1 1 0.6765625 0.03828125 0.265625
1 1 0.66953125 0.0921875 0.4109375
1 1 0.68671875 0.08046875 0.4703125
1 1 0.63671875 0.06015625 0.3140625
1 1 0.64765625 0.06171875 0.3109375
1 0.96796875 0.5875 0.01875 0.059375
2 1 0.64453125 0.13515625 0.6578125
0 1 0.24765625 0.0234375 0.0796875
0 0.28203125 0.3296875 0.0234375 0.078125
0 0.613671875 0.5546875 0.00703125 0.021875
