1 1 0.6328125 0.0078125 0.046875
1 1 0.64609375 0.0125 0.0609375
1 1 0.6390625 0.01484375 0.06875
1 1 0.6609375 0.01171875 0.078125
1 0.96640625 0.64296875 0.0109375 0.0234375
1 0.8546875 0.675 0.01875 0.090625
1 0.821484375 0.67890625 0.01953125 0.1015625
1 0.774609375 0.68125 0.01640625 0.1
1 0.748828125 0.68203125 0.01640625 0.0921875
1 0.72578125 0.68515625 0.0140625 0.0953125
1 0.698046875 0.6875 0.01640625 0.09375
1 1 0.67734375 0.0390625 0.1921875
1 1 0.79453125 0.13515625 0.7421875
1 1 0.81875 0.1546875 0.8875
1 0.63828125 0.6859375 0.0171875 0.109375
1 0.616796875 0.6953125 0.01796875 0.103125
1 0.544140625 0.671875 0.01640625 0.06875
1 0.51875 0.6890625 0.021875 0.125
1 0.48671875 0.69375 0.01875 0.121875
1 0.11015625 0.64921875 0.015625 0.0234375
1 0.35234375 0.68515625 0.0265625 0.1640625
1 0.17421875 0.7109375 0.0203125 0.071875
1 0.4234375 0.91640625 0.225 1
1 0.6625 0.67265625 0.0203125 0.0828125
0 0.089453125 0.69921875 0.01328125 0.0359375
0 1 0.584375 0.01328125 0.053125
