1 1 0.6921875 0.12890625 0.690625
1 1 0.6765625 0.028125 0.30625
1 1 0.7046875 0.04609375 0.503125
1 1 0.55703125 0.02265625 0.0515625
1 1 0.63828125 0.040625 0.1984375
1 1 0.7390625 0.03203125 0.19375
1 1 0.7234375 0.0375 0.228125
4 1 0.54140625 0.0125 0.0421875
1 1 0.665625 0.0453125 0.31875
1 1 0.70546875 0.109375 0.5328125
1 1 0.7328125 0.10546875 0.515625
1 0.3703125 0.625 0.0265625 0.128125
1 0.3828125 0.63515625 0.0140625 0.1078125
1 0.402734375 0.634375 0.02421875 0.11875
1 1 0.6625 0.04765625 0.23125
1 1 0.665625 0.04609375 0.234375
1 1 0.659375 0.05 0.259375
1 1 0.67421875 0.04921875 0.2515625
1 0.191796875 0.57421875 0.00859375 0.0296875
1 0.17890625 0.584375 0.0109375 0.053125
1 0.082421875 0.55234375 0.00703125 0.0140625
1 0.09375 0.55078125 0.009375 0.0171875
1 0.024609375 0.55390625 0.00546875 0.0109375
1 0.009765625 0.6421875 0.00859375 0.1125
1 0.05 0.63984375 0.015625 0.1171875
1 0.087109375 0.61640625 0.01171875 0.0921875
1 0.0546875 0.63828125 0.0265625 0.1265625
1 0.037890625 0.646875 0.03046875 0.146875
1 0.0921875 0.646875 0.0203125 0.14375
1 0.0765625 0.64453125 0.03125 0.1515625
1 0.1984375 0.6484375 0.0171875 0.153125
1 0.1828125 0.65078125 0.0296875 0.1453125
