1 0.3984375 0.5546875 0.03125 0.08125
1 0.499609375 0.553125 0.02890625 0.05
1 0.550390625 0.5640625 0.01484375 0.025
1 0.43203125 0.5796875 0.0296875 0.084375
1 0.575390625 0.5609375 0.01171875 0.025
1 0.19921875 0.5421875 0.0375 0.06875
1 0.236328125 0.55546875 0.04609375 0.0828125
1 0.023828125 0.553125 0.03671875 0.153125
1 0.07265625 0.5109375 0.0609375 0.134375
1 1 0.5203125 0.03671875 0.071875
1 1 0.59140625 0.04609375 0.1921875
1 1 0.56875 0.009375 0.0875
1 1 0.53125 0.0390625 0.11875
1 1 0.57265625 0.059375 0.2609375
3 1 0.72421875 0.021875 0.1546875
1 0.35 0.53359375 0.01875 0.0515625
1 1 0.5734375 0.03359375 0.1375
1 1 0.6515625 0.0265625 0.30625
0 1 0.29765625 0.01328125 0.0484375
