1 0.612890625 0.51875 0.00703125 0.021875
1 0.606640625 0.52109375 0.00546875 0.0171875
1 0.6 0.521875 0.0046875 0.015625
1 0.562890625 0.5203125 0.00390625 0.01875
1 0.553515625 0.52109375 0.00546875 0.0171875
1 0.54296875 0.52265625 0.0125 0.0359375
1 0.509765625 0.54375 0.01171875 0.084375
1 0.51484375 0.54609375 0.0078125 0.0859375
1 0.494921875 0.5484375 0.01796875 0.0875
1 0.4703125 0.54765625 0.0203125 0.1046875
1 0.45234375 0.553125 0.01875 0.096875
1 0.679296875 0.52890625 0.00703125 0.0390625
1 0.6859375 0.528125 0.00625 0.0375
1 0.720703125 0.5234375 0.00859375 0.05
1 0.709765625 0.53046875 0.00703125 0.0359375
1 0.700390625 0.528125 0.00546875 0.046875
1 0.694140625 0.5265625 0.01015625 0.053125
1 0.7625 0.53125 0.0046875 0.034375
1 0.75859375 0.53046875 0.00625 0.0328125
1 0.75078125 0.5265625 0.009375 0.046875
1 0.73671875 0.53203125 0.0078125 0.0390625
1 0.782421875 0.53046875 0.00703125 0.0390625
1 0.791796875 0.52578125 0.00859375 0.0484375
1 0.808984375 0.51796875 0.00546875 0.0296875
1 0.839453125 0.53046875 0.00703125 0.0484375
1 0.8609375 0.52734375 0.0046875 0.0515625
1 0.8625 0.53203125 0.00625 0.0640625
1 0.8734375 0.51015625 0.00625 0.0171875
1 0.879296875 0.5109375 0.00703125 0.025
1 0.8859375 0.51484375 0.00625 0.0296875
1 0.868359375 0.53359375 0.01328125 0.0671875
1 1 0.5140625 0.00625 0.025
1 1 0.5640625 0.0109375 0.096875
1 1 0.5625 0.02265625 0.1
1 0.890625 0.5125 0.0046875 0.025
1 0.912890625 0.51015625 0.01015625 0.0328125
1 0.931640625 0.50859375 0.00703125 0.0234375
1 0.937890625 0.51015625 0.01171875 0.0265625
1 0.951953125 0.54375 0.01484375 0.1
1 0.94296875 0.5640625 0.0140625 0.103125
1 0.96328125 0.53046875 0.0140625 0.0890625
1 0.99296875 0.5140625 0.01875 0.053125
1 0.975 0.55703125 0.0203125 0.1171875
1 1 0.575 0.0234375 0.1375
1 0.99140625 0.57734375 0.025 0.1328125
1 1 0.60859375 0.0359375 0.2859375
1 1 0.62109375 0.0390625 0.2953125
1 1 0.75 0.00703125 0.103125
1 1 0.63203125 0.06015625 0.4265625
1 1 0.6546875 0.04765625 0.390625
1 1 0.64453125 0.0828125 0.4234375
1 1 0.67890625 0.07578125 0.4328125
1 1 0.67890625 0.0921875 0.4578125
1 1 0.68046875 0.04453125 0.4265625
1 1 0.67421875 0.053125 0.4453125
1 1 0.67578125 0.06875 0.5046875
1 1 0.690625 0.08203125 0.490625
1 1 0.7234375 0.11640625 0.59375
1 1 0.65234375 0.08671875 0.4203125
1 0.830859375 0.534375 0.01015625 0.05
2 0.048828125 0.6109375 0.02421875 0.115625
2 0.87734375 0.559375 0.0171875 0.084375
2 0.92734375 0.57421875 0.028125 0.1515625
2 0.89921875 0.59140625 0.0375 0.1859375
