1 1 0.56875 0.0140625 0.021875
1 1 0.5671875 0.0234375 0.03125
1 1 0.56953125 0.01015625 0.0484375
1 1 0.60390625 0.015625 0.1078125
1 1 0.60625 0.0234375 0.1125
1 1 0.5671875 0.01796875 0.025
1 1 0.59609375 0.0203125 0.1078125
1 1 0.60390625 0.009375 0.1046875
1 1 0.60390625 0.0171875 0.1046875
1 1 0.596875 0.015625 0.109375
1 1 0.60078125 0.01796875 0.0890625
1 1 0.75703125 0.09609375 0.6390625
1 0.755859375 0.55390625 0.00703125 0.0421875
1 0.767578125 0.55546875 0.00703125 0.0421875
1 0.664453125 0.565625 0.01015625 0.05625
1 0.67109375 0.565625 0.0109375 0.05625
2 1 0.5953125 0.01875 0.090625
2 1 0.5859375 0.021875 0.096875
2 0.688671875 0.5578125 0.01015625 0.046875
2 0.965234375 0.59921875 0.02109375 0.1234375
2 0.891796875 0.61171875 0.02265625 0.1171875
