1 1 0.63515625 0.021875 0.0796875
1 0.7625 0.6375 0.00625 0.028125
1 0.953515625 0.659375 0.01484375 0.071875
1 0.98515625 0.6578125 0.0125 0.06875
1 0.968359375 0.646875 0.00703125 0.04375
1 1 0.615625 0.00859375 0.1125
1 1 0.61171875 0.01484375 0.1296875
1 1 0.61796875 0.0265625 0.1140625
1 1 0.6125 0.04296875 0.125
1 1 0.59765625 0.05234375 0.1515625
1 1 0.5984375 0.028125 0.153125
1 1 0.60234375 0.0359375 0.2015625
1 1 0.60703125 0.040625 0.0796875
1 1 0.603125 0.0421875 0.078125
4 1 0.6109375 0.01328125 0.046875
1 0.3265625 0.58046875 0.0109375 0.0234375
1 0.095703125 0.59140625 0.01640625 0.0703125
1 0.051171875 0.603125 0.02109375 0.078125
1 0.025 0.60546875 0.0234375 0.0734375
1 0.39140625 0.60625 0.0140625 0.0375
1 0.751953125 0.6328125 0.00546875 0.034375
0 1 0.50625 0.01015625 0.015625
0 0.80703125 0.61953125 0.00625 0.0140625
5 0 0 0 0
5 0 0 0 0
5 0 0 0 0
5 0 0 0 0
