3 0.201171875 0.71484375 0.05234375 0.1453125
1 0.544921875 0.66484375 0.00859375 0.0546875
1 0.722265625 0.64609375 0.00703125 0.0328125
1 0.716796875 0.65234375 0.01015625 0.0546875
1 0.564453125 0.66953125 0.01484375 0.0703125
1 0.607421875 0.66640625 0.01328125 0.0671875
1 0.748828125 0.6375 0.01015625 0.028125
1 0.70625 0.65625 0.009375 0.059375
1 0.8671875 0.653125 0.025 0.14375
1 0.998046875 0.6234375 0.01015625 0.05
1 1 0.634375 0.0140625 0.0875
1 1 0.64296875 0.0125 0.0765625
1 1 0.6203125 0.01328125 0.065625
1 1 0.6671875 0.028125 0.35625
1 1 0.7109375 0.03359375 0.2625
1 1 0.66953125 0.09921875 0.4859375
2 0.88515625 0.64453125 0.015625 0.0703125
0 1 0.4734375 0.01484375 0.04375
0 1 0.43515625 0.01015625 0.0484375
0 1 0.4375 0.0109375 0.04375
0 1 0.60859375 0.03515625 0.0890625
0 0.67890625 0.65625 0.015625 0.03125
