1 0.331640625 0.65 0.00546875 0.009375
1 0.213671875 0.68515625 0.01015625 0.0578125
1 0.17109375 0.696875 0.01875 0.090625
1 0.10859375 0.70390625 0.03125 0.1515625
1 0.514453125 0.66640625 0.01015625 0.0578125
1 0.631640625 0.68046875 0.01328125 0.0546875
4 1 0.6171875 0.00703125 0.071875
1 1 0.63046875 0.01171875 0.0921875
2 0.741015625 0.66328125 0.02265625 0.1078125
0 0.13046875 0.64375 0.0171875 0.078125
0 0.028515625 0.60625 0.03359375 0.090625
0 0.462109375 0.66796875 0.01328125 0.0578125
0 0.902734375 0.5296875 0.01328125 0.040625
0 0.923046875 0.51875 0.01015625 0.0375
0 0.887890625 0.61640625 0.00859375 0.0359375
