1 0.6328125 0.60859375 0.0125 0.0296875
1 0.43046875 0.58359375 0.015625 0.0328125
1 1 0.58125 0.01484375 0.08125
3 1 0.63359375 0.053125 0.1203125
1 1 0.6046875 0.02421875 0.128125
1 1 0.59140625 0.025 0.0890625
3 1 0.621875 0.0125 0.05
1 1 0.60625 0.0125 0.10625
1 1 0.7453125 0.0734375 0.75
1 1 0.6109375 0.0265625 0.140625
1 1 0.6109375 0.009375 0.0875
1 1 0.6375 0.0265625 0.15625
1 1 0.61640625 0.0203125 0.1140625
1 1 0.63359375 0.02578125 0.1671875
1 0.9125 0.6140625 0.0109375 0.03125
1 0.727734375 0.628125 0.00859375 0.040625
1 0.9046875 0.609375 0.0109375 0.034375
1 0.994921875 0.58046875 0.01171875 0.0359375
1 0.980078125 0.5953125 0.00703125 0.0375
1 0.68046875 0.64453125 0.0234375 0.1140625
1 0.93828125 0.64140625 0.021875 0.1609375
1 0.89296875 0.6484375 0.0375 0.1875
1 0.958203125 0.640625 0.04921875 0.2375
0 0.610546875 0.48828125 0.01484375 0.0390625
0 0.930078125 0.47578125 0.01484375 0.0359375
0 0.140625 0.52578125 0.0078125 0.0234375
0 0.212109375 0.515625 0.01328125 0.0375
5 0 0 0 0
5 0 0 0 0
5 0 0 0 0
