1 1 0.6359375 0.05390625 0.2625
1 0.62109375 0.5890625 0.01875 0.103125
1 0.64375 0.5859375 0.046875 0.115625
1 0.68046875 0.5796875 0.0265625 0.090625
1 0.765234375 0.58359375 0.03828125 0.1234375
1 0.911328125 0.58828125 0.05546875 0.2109375
1 0.155078125 0.63046875 0.01484375 0.0734375
1 0.137890625 0.63125 0.01171875 0.06875
1 0.106640625 0.6296875 0.01640625 0.08125
1 0.12109375 0.62890625 0.015625 0.0796875
1 0.0140625 0.6390625 0.0171875 0.075
2 0.04375 0.62734375 0.0140625 0.0578125
5 0 0 0 0
