1 0.199609375 0.6515625 0.00859375 0.03125
1 0.18984375 0.653125 0.009375 0.025
1 0.2828125 0.6484375 0.0171875 0.065625
1 0.258984375 0.62890625 0.01015625 0.0234375
1 0.321484375 0.67890625 0.01953125 0.1328125
1 0.34296875 0.6734375 0.025 0.13125
1 0.410546875 0.653125 0.01015625 0.09375
1 0.39765625 0.6578125 0.0265625 0.134375
1 0.601171875 0.66484375 0.02421875 0.0796875
3 0.5140625 0.71171875 0.04375 0.0703125
1 0.48203125 0.67109375 0.0359375 0.1734375
1 0.758203125 0.61484375 0.02578125 0.1046875
3 1 0.621875 0.03203125 0.0625
3 1 0.6359375 0.02734375 0.034375
3 1 0.6234375 0.03515625 0.053125
1 0.673046875 0.659375 0.03671875 0.2125
1 1 0.521875 0.021875 0.20625
0 0.598828125 0.52109375 0.00703125 0.0390625
0 1 0.61796875 0.0328125 0.0578125
0 0.36796875 0.65625 0.0203125 0.046875
0 0.574609375 0.6484375 0.02109375 0.05
0 0.74453125 0.38203125 0.015625 0.0703125
0 1 0.303125 0.03828125 0.075
0 1 0.49921875 0.021875 0.1296875
