1 0.314453125 0.67421875 0.01796875 0.0859375
1 0.337890625 0.66796875 0.02109375 0.1015625
1 0.38828125 0.67578125 0.0203125 0.1109375
1 0.4265625 0.6609375 0.0140625 0.06875
1 0.913671875 0.66953125 0.01328125 0.1109375
1 0.95703125 0.65234375 0.021875 0.1421875
1 1 0.66640625 0.04765625 0.2296875
1 1 0.70703125 0.07265625 0.3484375
1 0.223046875 0.66953125 0.02265625 0.1453125
1 0.201171875 0.67890625 0.03203125 0.1578125
1 1 0.6703125 0.046875 0.228125
2 0.743359375 0.66171875 0.04453125 0.2234375
2 0.81953125 0.68046875 0.0375 0.1828125
2 0.8875 0.67578125 0.0375 0.1796875
0 0.449609375 0.6140625 0.00859375 0.01875
0 0.88828125 0.578125 0.0078125 0.009375
0 0.855078125 0.48515625 0.01171875 0.0703125
