1 0.652734375 0.70234375 0.08671875 0.4796875
1 1 0.55078125 0.040625 0.1734375
1 0.8921875 0.6109375 0.0109375 0.046875
1 0.9265625 0.68828125 0.0671875 0.4515625
1 1 0.615625 0.04609375 0.234375
1 1 0.5703125 0.03125 0.15
1 1 0.55859375 0.01953125 0.1140625
1 1 0.58046875 0.04296875 0.1796875
1 1 0.6109375 0.04765625 0.26875
2 0.56796875 0.65390625 0.01875 0.0921875
0 0.34296875 0.5984375 0.0046875 0.015625
0 0.61015625 0.56875 0.003125 0.015625
0 0.1484375 0.04296875 0.0546875 0.0828125
0 0.99921875 0.603125 0.0140625 0.08125
0 1 0.571875 0.0203125 0.134375
0 1 0.571875 0.02109375 0.15
0 0.75 0.6046875 0.009375 0.028125
0 0.7359375 0.59609375 0.0078125 0.0484375
