3 0.51015625 0.6859375 0.0125 0.065625
3 1 0.653125 0.01328125 0.0375
1 1 0.63515625 0.015625 0.0796875
1 1 0.615625 0.025 0.078125
1 1 0.646875 0.01953125 0.115625
1 1 0.6546875 0.02265625 0.121875
1 1 0.640625 0.0171875 0.0625
1 1 0.6421875 0.01953125 0.090625
1 1 0.65 0.02421875 0.153125
1 1 0.6515625 0.03125 0.15
1 1 0.6546875 0.03203125 0.153125
1 0.96484375 0.671875 0.0328125 0.1625
1 0.99609375 0.665625 0.0296875 0.171875
1 0.858984375 0.6828125 0.01640625 0.140625
1 0.817578125 0.64609375 0.02421875 0.0921875
1 0.790234375 0.63359375 0.03046875 0.0921875
1 0.84140625 0.67421875 0.0328125 0.1796875
3 0.79375 0.67890625 0.0171875 0.0609375
3 0.771484375 0.7015625 0.03984375 0.11875
3 0.7859375 0.7109375 0.0703125 0.134375
1 0.890234375 0.7015625 0.07265625 0.35625
3 0.71171875 0.6671875 0.0078125 0.034375
1 0.735546875 0.6734375 0.02109375 0.10625
1 0.66640625 0.69453125 0.0421875 0.2046875
1 0.475 0.6796875 0.028125 0.16875
1 0.43125 0.66796875 0.0171875 0.0703125
1 0.346875 0.73671875 0.0484375 0.2359375
1 1 0.60546875 0.01953125 0.0515625
3 1 0.6609375 0.05078125 0.096875
2 0.376953125 0.66875 0.01796875 0.090625
0 0.194140625 0.56875 0.00859375 0.025
5 0 0 0 0
5 0 0 0 0
5 0 0 0 0
5 0 0 0 0
5 0 0 0 0
5 0 0 0 0
5 0 0 0 0
5 0 0 0 0
5 0 0 0 0
5 0 0 0 0
5 0 0 0 0
5 0 0 0 0
5 0 0 0 0
5 0 0 0 0
5 0 0 0 0
5 0 0 0 0
5 0 0 0 0
5 0 0 0 0
5 0 0 0 0
5 0 0 0 0
5 0 0 0 0
5 0 0 0 0
5 0 0 0 0
5 0 0 0 0
