1 1 0.72578125 0.08203125 0.4890625
1 1 0.7234375 0.0859375 0.51875
1 0.739453125 0.70859375 0.01640625 0.0828125
1 0.631640625 0.71796875 0.01640625 0.0890625
4 0.209765625 0.6703125 0.00546875 0.003125
1 0.96796875 0.7 0.0234375 0.146875
3 0.032421875 0.69296875 0.02578125 0.0609375
3 0.19609375 0.70703125 0.015625 0.0546875
3 0.2109375 0.7015625 0.025 0.065625
3 0.178125 0.746875 0.0375 0.1375
3 0.24375 0.69140625 0.0140625 0.0359375
3 0.063671875 0.7046875 0.02421875 0.053125
3 0.0859375 0.7078125 0.028125 0.05625
5 0 0 0 0
