1 0.11796875 0.6234375 0.0109375 0.053125
1 0.623828125 0.63203125 0.01328125 0.0671875
1 0.69140625 0.6328125 0.0109375 0.065625
1 0.671484375 0.63671875 0.00859375 0.0546875
1 0.659765625 0.63125 0.01328125 0.065625
1 0.267578125 0.6265625 0.01953125 0.103125
1 0.73203125 0.6390625 0.00625 0.040625
1 0.73984375 0.63515625 0.009375 0.0484375
1 0.855078125 0.63515625 0.01015625 0.0703125
3 0.86953125 0.646875 0.021875 0.04375
1 0.8703125 0.6390625 0.0109375 0.0875
1 1 0.65078125 0.02109375 0.1109375
1 1 0.64765625 0.021875 0.1109375
1 1 0.6515625 0.01953125 0.09375
3 0.900390625 0.64609375 0.01328125 0.0703125
3 0.902734375 0.6484375 0.03046875 0.06875
2 0.30703125 0.6140625 0.025 0.109375
2 0.219140625 0.6203125 0.02734375 0.13125
2 0.75859375 0.6296875 0.0125 0.059375
2 1 0.6546875 0.02734375 0.13125
0 1 0.43515625 0.02890625 0.1546875
0 1 0.62578125 0.01875 0.0671875
0 1 0.484375 0.01171875 0.025
0 1 0.653125 0.0125 0.03125
