1 1 0.64140625 0.04921875 0.2484375
1 1 0.70703125 0.046875 0.2546875
1 1 0.63515625 0.06328125 0.3890625
1 1 0.64609375 0.103125 0.4984375
1 1 0.62421875 0.01953125 0.1390625
1 1 0.6515625 0.0859375 0.43125
1 0.963671875 0.61875 0.02421875 0.140625
1 0.987109375 0.62421875 0.03203125 0.1640625
1 0.928515625 0.62890625 0.01328125 0.1140625
1 0.5640625 0.6234375 0.0109375 0.05625
1 0.5515625 0.6234375 0.009375 0.053125
1 0.4140625 0.61796875 0.0109375 0.0765625
1 0.4234375 0.640625 0.025 0.13125
1 0.389453125 0.63515625 0.02734375 0.1328125
1 0.333203125 0.65234375 0.02421875 0.1328125
1 0.1921875 0.65703125 0.0359375 0.1703125
1 0.1578125 0.66328125 0.01875 0.1703125
1 0.115234375 0.6609375 0.03203125 0.171875
1 0.1421875 0.6625 0.0359375 0.203125
2 1 0.6203125 0.02734375 0.125
2 1 0.65234375 0.0796875 0.3828125
2 0.5109375 0.63203125 0.0109375 0.0703125
2 0.529296875 0.6328125 0.00859375 0.046875
2 0.432421875 0.61953125 0.00703125 0.0546875
0 0.9265625 0.553125 0.00625 0.015625
0 0.899609375 0.47734375 0.01640625 0.0703125
0 0.792578125 0.59140625 0.01953125 0.0171875
0 0.823828125 0.59375 0.01328125 0.01875
0 0.716796875 0.58828125 0.01484375 0.0234375
0 0.520703125 0.58671875 0.00546875 0.0109375
0 0.46875 0.6125 0.0171875 0.05625
0 0.490234375 0.6171875 0.01953125 0.053125
0 0.740234375 0.5984375 0.00859375 0.028125
0 0.7015625 0.5796875 0.009375 0.03125
