1 0.821484375 0.68046875 0.02265625 0.1078125
1 1 0.653125 0.01640625 0.075
1 1 0.66171875 0.0140625 0.0734375
1 1 0.66328125 0.021875 0.1171875
1 1 0.66875 0.02265625 0.109375
1 1 0.68125 0.0765625 0.36875
1 0.616796875 0.6796875 0.01484375 0.121875
1 0.605078125 0.6875 0.02421875 0.115625
1 0.4796875 0.665625 0.0125 0.040625
1 0.461328125 0.67265625 0.01328125 0.0421875
1 0.419921875 0.7453125 0.07578125 0.36875
1 0.254296875 0.74453125 0.10546875 0.5546875
1 0.16328125 0.65703125 0.01875 0.0265625
1 0.727734375 0.7140625 0.08046875 0.415625
1 0.075390625 0.70859375 0.02421875 0.1265625
4 0.94375 0.6484375 0.01875 0.01875
2 1 0.64453125 0.03046875 0.1484375
0 1 0.4375 0.0265625 0.1
0 1 0.43359375 0.0265625 0.0953125
0 1 0.5515625 0.00625 0.03125
0 0.1015625 0.546875 0.0171875 0.034375
0 0.323046875 0.67109375 0.01328125 0.0296875
0 0.56015625 0.68203125 0.0234375 0.0328125
0 0.564453125 0.60703125 0.01953125 0.0296875
0 1 0.53125 0.00546875 0.01875
0 0.889453125 0.653125 0.01796875 0.065625
0 1 0.64375 0.0109375 0.08125
0 1 0.65234375 0.0109375 0.0796875
5 0 0 0 0
5 0 0 0 0
5 0 0 0 0
