1 0.994140625 0.6796875 0.02109375 0.1375
1 1 0.671875 0.015625 0.1375
1 1 0.67734375 0.02421875 0.1453125
1 1 0.67890625 0.0125 0.1390625
1 1 0.6203125 0.009375 0.01875
1 1 0.671875 0.02421875 0.146875
1 1 0.68359375 0.0265625 0.1328125
1 1 0.6734375 0.021875 0.1375
1 1 0.68203125 0.02890625 0.1421875
1 1 0.62734375 0.02734375 0.0609375
1 1 0.68046875 0.0203125 0.1328125
1 1 0.6796875 0.025 0.140625
1 0.08828125 0.6625 0.0171875 0.025
1 0.3875 0.78984375 0.128125 0.6234375
1 0.565234375 0.7609375 0.11953125 0.5875
1 0.665625 0.80546875 0.1203125 0.5765625
1 0.680859375 0.79375 0.10546875 0.696875
2 0.1515625 0.67734375 0.021875 0.0609375
0 1 0.6375 0.0203125 0.0625
