1 0.666015625 0.64140625 0.01484375 0.0328125
1 0.641796875 0.72734375 0.03828125 0.1828125
1 0.6359375 0.7203125 0.0328125 0.196875
1 0.65390625 0.71640625 0.0484375 0.2359375
1 0.682421875 0.72421875 0.03671875 0.1796875
1 0.605859375 0.71640625 0.03359375 0.2140625
1 0.565234375 0.72109375 0.03984375 0.1921875
1 0.51796875 0.72421875 0.04375 0.2109375
2 1 0.6484375 0.01328125 0.065625
2 1 0.6375 0.01015625 0.05
2 1 0.63125 0.01015625 0.05
2 1 0.62421875 0.0078125 0.0203125
0 1 0.59765625 0.01171875 0.0640625
