1 1 0.62421875 0.0625 0.3578125
1 1 0.646875 0.02578125 0.140625
1 1 0.6328125 0.0296875 0.146875
1 1 0.6453125 0.06796875 0.35
1 0.489453125 0.675 0.00703125 0.0375
1 0.433203125 0.68671875 0.01171875 0.0546875
1 0.443359375 0.684375 0.01171875 0.0625
1 0.45546875 0.68359375 0.0109375 0.0546875
1 0.541796875 0.6734375 0.00859375 0.05625
1 0.81015625 0.65625 0.0140625 0.09375
1 0.82578125 0.66171875 0.0265625 0.1328125
1 0.756640625 0.678125 0.01796875 0.09375
2 0.56015625 0.6671875 0.0109375 0.053125
0 0.66171875 0.66171875 0.01875 0.0484375
0 0.3578125 0.73203125 0.0265625 0.0609375
