1 1 0.65625 0.01015625 0.059375
1 1 0.6765625 0.05234375 0.325
1 1 0.659375 0.009375 0.05625
1 1 0.66328125 0.1359375 0.7671875
1 0.864453125 0.62890625 0.01015625 0.0359375
1 0.885546875 0.63046875 0.01484375 0.0421875
4 1 0.634375 0.01640625 0.04375
1 0.898828125 0.6546875 0.02890625 0.175
1 0.9203125 0.66171875 0.0265625 0.1703125
1 0.97109375 0.6546875 0.009375 0.128125
1 1 0.6546875 0.0203125 0.125
1 0.978515625 0.66328125 0.03515625 0.1796875
1 1 0.69609375 0.05546875 0.2703125
1 1 0.68125 0.09921875 0.484375
1 0.11484375 0.60859375 0.0078125 0.0453125
1 0.463671875 0.65703125 0.02890625 0.1734375
1 0.435546875 0.6515625 0.03515625 0.190625
1 0.51953125 0.6515625 0.0375 0.178125
1 0.546484375 0.65625 0.02109375 0.203125
1 0.532421875 0.6703125 0.03828125 0.18125
1 0.6078125 0.6515625 0.0375 0.18125
1 0.603125 0.659375 0.040625 0.196875
1 0.573046875 0.65859375 0.04453125 0.2140625
1 0.7390625 0.671875 0.0328125 0.190625
1 0.615625 0.6578125 0.034375 0.190625
1 0.706640625 0.66875 0.04453125 0.215625
1 0.721484375 0.65546875 0.05390625 0.2578125
1 0.64765625 0.665625 0.0546875 0.265625
1 1 0.68515625 0.01171875 0.0640625
2 1 0.615625 0.021875 0.090625
2 1 0.6328125 0.0625 0.3
2 0.38515625 0.6203125 0.00625 0.025
0 1 0.56015625 0.021875 0.0734375
0 0.501171875 0.56640625 0.00546875 0.0140625
0 0.66796875 0.5890625 0.0171875 0.0625
5 0 0 0 0
5 0 0 0 0
5 0 0 0 0
5 0 0 0 0
5 0 0 0 0
5 0 0 0 0
5 0 0 0 0
5 0 0 0 0
5 0 0 0 0
