1 1 0.65703125 0.0078125 0.0890625
1 1 0.63671875 0.015625 0.1296875
1 1 0.63984375 0.025 0.1390625
1 1 0.61328125 0.0078125 0.0703125
1 0.646484375 0.603125 0.01015625 0.01875
1 0.616796875 0.615625 0.01796875 0.05
1 0.598828125 0.609375 0.01640625 0.0625
1 0.556640625 0.61171875 0.01484375 0.0453125
1 0.38515625 0.628125 0.0203125 0.05625
1 0.36484375 0.628125 0.0234375 0.075
1 0.26875 0.66796875 0.021875 0.1390625
1 0.283984375 0.66640625 0.02890625 0.1421875
1 1 0.64453125 0.01171875 0.1109375
1 1 0.640625 0.02421875 0.13125
2 0.48359375 0.6484375 0.0546875 0.253125
0 0.553515625 0.2609375 0.07109375 0.046875
0 0.40390625 0.56953125 0.021875 0.0546875
0 0.443359375 0.5328125 0.00703125 0.01875
0 0.2078125 0.58984375 0.0234375 0.0921875
0 0.519921875 0.60390625 0.01171875 0.0453125
0 1 0.559375 0.01796875 0.09375
5 0 0 0 0
5 0 0 0 0
5 0 0 0 0
5 0 0 0 0
