1 0.551953125 0.63046875 0.00859375 0.0453125
1 0.678125 0.63828125 0.00625 0.0484375
3 0.68984375 0.64296875 0.0078125 0.0390625
1 1 0.67734375 0.00859375 0.0421875
1 1 0.66796875 0.0125 0.0609375
1 0.210546875 0.840625 0.16328125 0.86875
1 0.17265625 0.85078125 0.2125 1
1 0.476171875 0.6890625 0.05703125 0.278125
1 0.485546875 0.72109375 0.04765625 0.2265625
1 0.6484375 0.66953125 0.03125 0.2734375
1 0.631640625 0.67734375 0.03515625 0.2828125
1 0.834375 0.64765625 0.0140625 0.0734375
1 0.878515625 0.63359375 0.01015625 0.0390625
3 0.88203125 0.63515625 0.0140625 0.0328125
1 0.978515625 0.64609375 0.01015625 0.0359375
3 0.930078125 0.6328125 0.01328125 0.04375
3 0.971875 0.6359375 0.0125 0.05
1 0.95703125 0.6453125 0.00625 0.028125
1 1 0.65078125 0.00859375 0.0359375
1 1 0.65625 0.01328125 0.05625
1 1 0.69375 0.00625 0.046875
3 1 0.6765625 0.04765625 0.134375
1 1 0.690625 0.0421875 0.275
1 1 0.68359375 0.0625 0.3015625
1 1 0.7015625 0.084375 0.40625
1 0.783984375 0.68984375 0.06953125 0.3390625
1 0.77734375 0.70546875 0.065625 0.3515625
2 0.5625 0.62734375 0.0078125 0.0421875
2 1 0.6546875 0.040625 0.196875
0 0.529296875 0.56171875 0.00546875 0.0109375
0 0.600390625 0.540625 0.01328125 0.078125
0 1 0.57890625 0.01015625 0.0609375
0 1 0.5 0.02578125 0.103125
0 0.39453125 0.61796875 0.0046875 0.0140625
