1 1 0.696875 0.01796875 0.103125
1 1 0.71640625 0.02421875 0.1171875
1 1 0.7078125 0.02421875 0.125
1 1 0.70625 0.0203125 0.121875
1 1 0.69375 0.01328125 0.08125
1 1 0.70703125 0.0234375 0.2015625
2 0.084765625 0.621875 0.02578125 0.125
2 0.219140625 0.62421875 0.01640625 0.0796875
0 0.946484375 0.659375 0.02421875 0.103125
0 0.466015625 0.62734375 0.03515625 0.1015625
0 0.58671875 0.63671875 0.0359375 0.0984375
0 0.054296875 0.59765625 0.01328125 0.0859375
0 0.066015625 0.5640625 0.00859375 0.028125
0 0.14375 0.6 0.0921875 0.125
0 1 0.6140625 0.00546875 0.015625
0 0.249609375 0.625 0.03203125 0.090625
