1 0.129296875 0.634375 0.01015625 0.01875
1 0.140625 0.64453125 0.0125 0.0296875
1 0.362890625 0.62734375 0.00390625 0.0109375
1 0.35234375 0.6546875 0.0109375 0.059375
1 0.360546875 0.65390625 0.01015625 0.0609375
1 0.55078125 0.6421875 0.00625 0.0375
1 0.537890625 0.628125 0.00703125 0.0125
1 1 0.66953125 0.04453125 0.3484375
1 0.5015625 0.6625 0.0125 0.078125
1 0.4734375 0.67421875 0.028125 0.1359375
1 0.640234375 0.64609375 0.01171875 0.0640625
1 0.75234375 0.6484375 0.0140625 0.065625
1 0.379296875 0.67109375 0.02890625 0.1421875
1 0.758984375 0.6578125 0.01015625 0.046875
1 0.65234375 0.6734375 0.025 0.13125
1 0.809765625 0.6375 0.01015625 0.078125
1 0.804296875 0.64375 0.01328125 0.06875
1 0.776171875 0.6546875 0.01171875 0.053125
4 0.92109375 0.671875 0.003125 0.003125
1 0.930859375 0.659375 0.01640625 0.128125
1 0.914453125 0.66015625 0.02265625 0.1453125
1 0.886328125 0.65390625 0.01484375 0.1140625
1 0.872265625 0.66171875 0.02265625 0.1265625
1 0.957421875 0.61484375 0.01015625 0.0484375
1 0.897265625 0.66875 0.03359375 0.178125
1 0.94453125 0.66171875 0.0359375 0.1765625
2 0.8421875 0.6390625 0.0140625 0.065625
2 0.62578125 0.66171875 0.028125 0.1359375
2 0.684375 0.6453125 0.021875 0.10625
2 0.7296875 0.64375 0.0125 0.05625
0 1 0.659375 0.02890625 0.16875
0 1 0.63046875 0.03125 0.1171875
0 1 0.63984375 0.0203125 0.1046875
0 1 0.56796875 0.02265625 0.1765625
0 1 0.64453125 0.02578125 0.1046875
0 0.978515625 0.63984375 0.02265625 0.0703125
0 1 0.521875 0.04375 0.209375
0 1 0.53984375 0.02109375 0.1734375
0 1 0.63125 0.01796875 0.109375
