1 0.538671875 0.6375 0.00859375 0.01875
1 0.341015625 0.671875 0.02109375 0.109375
1 0.370703125 0.6921875 0.00390625 0.0375
1 0.31875 0.6890625 0.0125 0.0625
1 0.160546875 0.69921875 0.01171875 0.0609375
1 0.423046875 0.71953125 0.05234375 0.2578125
1 0.67109375 0.65078125 0.0109375 0.0515625
1 0.787109375 0.6390625 0.00390625 0.040625
1 0.780859375 0.62734375 0.01015625 0.0796875
1 1 0.59140625 0.01484375 0.0859375
2 0.941796875 0.61328125 0.02890625 0.1421875
0 1 0.2875 0.01953125 0.065625
0 1 0.4796875 0.01640625 0.046875
0 1 0.11328125 0.06953125 0.1859375
0 0.53828125 0.60234375 0.0125 0.0359375
0 1 0.5578125 0.01875 0.0875
