1 0.98671875 0.6265625 0.009375 0.046875
1 1 0.60078125 0.03125 0.1203125
1 1 0.584375 0.03359375 0.075
1 1 0.65390625 0.04296875 0.2390625
1 1 0.66171875 0.04375 0.2390625
1 0.972265625 0.6234375 0.01171875 0.05625
1 0.95703125 0.6234375 0.01875 0.096875
1 0.861328125 0.6203125 0.00859375 0.05625
1 0.730859375 0.63046875 0.01484375 0.0859375
1 0.561328125 0.67265625 0.05078125 0.2609375
1 0.326953125 0.65703125 0.05390625 0.2859375
0 1 0.51015625 0.00859375 0.0234375
0 1 0.50859375 0.0078125 0.0265625
0 1 0.56171875 0.01796875 0.0328125
0 1 0.578125 0.01015625 0.034375
0 1 0.62265625 0.02578125 0.1796875
0 0.6734375 0.5921875 0.00625 0.025
0 0.875390625 0.61484375 0.01953125 0.0859375
