1 1 0.63125 0.0359375 0.128125
1 1 0.56328125 0.009375 0.0484375
1 1 0.61953125 0.01796875 0.0671875
1 1 0.665625 0.028125 0.184375
1 1 0.6734375 0.0328125 0.175
1 1 0.66796875 0.0296875 0.1828125
1 1 0.67421875 0.0375 0.1890625
1 0.025390625 0.67265625 0.01640625 0.0546875
1 0.438671875 0.70390625 0.04921875 0.2390625
2 1 0.659375 0.03203125 0.15625
0 0.6609375 0.665625 0.0234375 0.09375
0 0.308984375 0.65390625 0.02109375 0.0515625
0 0.16796875 0.659375 0.0203125 0.05
0 1 0.63515625 0.0234375 0.0921875
