1 0.90390625 0.67265625 0.025 0.1484375
1 0.912109375 0.6703125 0.02421875 0.15
1 0.96015625 0.6265625 0.01875 0.075
1 0.97109375 0.66640625 0.028125 0.1359375
1 1 0.66015625 0.0171875 0.1546875
1 1 0.65390625 0.028125 0.1609375
1 1 0.64765625 0.03125 0.1546875
1 1 0.66171875 0.02109375 0.1546875
1 1 0.66484375 0.021875 0.1453125
1 1 0.6734375 0.025 0.134375
3 1 0.6640625 0.02421875 0.1125
3 1 0.6875 0.03046875 0.10625
1 1 0.6625 0.03359375 0.1625
1 1 0.66484375 0.021875 0.1484375
3 1 0.68203125 0.02890625 0.1171875
1 1 0.66875 0.0171875 0.146875
1 1 0.66796875 0.0203125 0.1515625
1 1 0.67421875 0.03046875 0.1484375
1 1 0.66484375 0.015625 0.1484375
1 1 0.6765625 0.02578125 0.1375
1 1 0.675 0.02890625 0.140625
1 1 0.6703125 0.02734375 0.153125
1 0.021484375 0.671875 0.01484375 0.04375
1 0.044921875 0.66875 0.01953125 0.06875
4 0.018359375 0.73125 0.02734375 0.240625
1 0.513671875 0.69921875 0.02734375 0.1296875
1 0.600390625 0.67890625 0.01953125 0.0703125
1 0.541015625 0.6984375 0.02421875 0.134375
1 0.56484375 0.6984375 0.0234375 0.134375
1 0.583203125 0.70234375 0.02421875 0.1328125
1 0.646484375 0.68828125 0.02265625 0.1578125
2 0.97109375 0.6625 0.0265625 0.128125
0 1 0.5875 0.01953125 0.06875
0 1 0.5828125 0.02265625 0.053125
0 1 0.58203125 0.01640625 0.0515625
