1 0.112890625 0.6375 0.06796875 0.328125
3 0.33515625 0.70859375 0.0609375 0.0984375
1 0.350390625 0.65 0.04453125 0.26875
3 0.723828125 0.61015625 0.01484375 0.0328125
1 0.3 0.64609375 0.0578125 0.2828125
3 0.712890625 0.6109375 0.01953125 0.04375
3 0.74921875 0.61640625 0.009375 0.0203125
1 0.4828125 0.63203125 0.0390625 0.2015625
1 0.528125 0.63984375 0.0375 0.1984375
1 0.86796875 0.621875 0.021875 0.1125
1 1 0.6703125 0.05 0.475
1 1 0.6359375 0.00859375 0.065625
1 0.959765625 0.60859375 0.01328125 0.0453125
0 0.121875 0.384375 0.0109375 0.05625
0 1 0.528125 0.02578125 0.09375
0 0.775390625 0.5609375 0.01015625 0.109375
5 0 0 0 0
5 0 0 0 0
