1 1 0.65859375 0.03203125 0.1546875
1 1 0.71640625 0.00859375 0.0453125
1 1 0.66953125 0.059375 0.2890625
1 1 0.67890625 0.0421875 0.2078125
1 1 0.684375 0.04453125 0.215625
1 1 0.66796875 0.03828125 0.2484375
1 1 0.65625 0.0328125 0.26875
1 0.23125 0.7015625 0.0390625 0.221875
1 0.2796875 0.7140625 0.040625 0.196875
1 1 0.67890625 0.0375 0.2203125
0 1 0.45546875 0.00625 0.0203125
0 0.38203125 0.6109375 0.0171875 0.05
0 0.430859375 0.61171875 0.01953125 0.0515625
0 1 0.61015625 0.0140625 0.0484375
0 1 0.65859375 0.01015625 0.0421875
