1 0.89375 0.62890625 0.0109375 0.0578125
1 0.905859375 0.62734375 0.01328125 0.0734375
1 0.881640625 0.6375 0.01796875 0.109375
1 0.869140625 0.6359375 0.02265625 0.1125
1 0.919921875 0.62734375 0.02265625 0.1359375
1 0.9421875 0.64453125 0.009375 0.0609375
1 1 0.6359375 0.084375 0.446875
1 1 0.6359375 0.07421875 0.45625
1 1 0.6125 0.0953125 0.525
1 0.591015625 0.65078125 0.00703125 0.0640625
1 0.596875 0.65078125 0.0125 0.0671875
1 0.58359375 0.65390625 0.0125 0.0765625
1 0.55546875 0.65078125 0.0078125 0.0609375
1 0.56171875 0.65859375 0.0140625 0.0703125
1 0.54609375 0.659375 0.0109375 0.0625
1 0.533984375 0.65859375 0.01484375 0.0828125
1 0.5171875 0.64453125 0.015625 0.0578125
1 0.5046875 0.6234375 0.0125 0.034375
1 0.134765625 0.65 0.01953125 0.075
1 0.108984375 0.65234375 0.02421875 0.0828125
1 0.075 0.66015625 0.0234375 0.0828125
2 0.963671875 0.64375 0.05078125 0.24375
0 0.466796875 0.65234375 0.01328125 0.0296875
0 0.620703125 0.62109375 0.00390625 0.0109375
0 0.783203125 0.61328125 0.00546875 0.0171875
0 0.765625 0.61796875 0.00625 0.0203125
5 0 0 0 0
5 0 0 0 0
