1 1 0.603125 0.0265625 0.0875
1 1 0.596875 0.02578125 0.059375
1 1 0.5890625 0.0296875 0.08125
1 1 0.6265625 0.00859375 0.109375
3 0.8484375 0.61484375 0.0109375 0.0234375
3 0.86171875 0.61953125 0.0078125 0.0265625
3 0.87109375 0.61953125 0.015625 0.0265625
1 0.925390625 0.65234375 0.03359375 0.1609375
1 0.998828125 0.66171875 0.03046875 0.1640625
1 1 0.659375 0.0234375 0.19375
1 1 0.64921875 0.03984375 0.2515625
1 1 0.609375 0.02578125 0.109375
1 1 0.6421875 0.034375 0.16875
1 0.7203125 0.66953125 0.021875 0.1171875
1 0.737890625 0.66328125 0.02734375 0.1296875
1 0.663671875 0.63515625 0.00703125 0.0484375
1 0.517578125 0.61953125 0.01171875 0.0296875
1 0.52265625 0.653125 0.0140625 0.075
1 0.559375 0.665625 0.01875 0.1
1 0.575 0.6625 0.015625 0.0875
1 0.6171875 0.65625 0.01875 0.11875
1 0.60703125 0.66640625 0.0265625 0.1296875
1 0.637109375 0.678125 0.04296875 0.20625
1 0.678515625 0.709375 0.01015625 0.028125
1 0.68515625 0.65234375 0.040625 0.1984375
1 0.48828125 0.67890625 0.0265625 0.1265625
1 0.460546875 0.715625 0.01953125 0.028125
1 0.4609375 0.68203125 0.0234375 0.1109375
1 0.486328125 0.678125 0.02734375 0.15625
1 0.534375 0.67421875 0.0296875 0.1453125
0 0.253515625 0.6890625 0.05234375 0.146875
0 0.300390625 0.6828125 0.02890625 0.121875
0 0.214453125 0.5796875 0.03203125 0.265625
0 0.433984375 0.6390625 0.01796875 0.090625
0 0.9421875 0.5453125 0.0046875 0.028125
0 0.61640625 0.6125 0.0046875 0.021875
0 1 0.53515625 0.00859375 0.0203125
