1 0.351953125 0.690625 0.01328125 0.06875
1 0.317578125 0.69296875 0.01171875 0.0765625
1 0.937109375 0.6546875 0.00859375 0.03125
1 0.33984375 0.6953125 0.0140625 0.065625
1 1 0.72109375 0.0890625 0.4640625
1 1 0.734375 0.0546875 0.4625
1 1 0.7046875 0.121875 0.646875
1 1 0.76015625 0.08203125 0.6484375
1 1 0.69609375 0.0921875 0.7859375
4 1 0.75625 0.034375 0.453125
1 0.310546875 0.69765625 0.01328125 0.0703125
2 0.41640625 0.6828125 0.0296875 0.14375
2 0.597265625 0.67734375 0.03515625 0.1703125
2 0.967578125 0.6890625 0.04453125 0.228125
0 1 0.5703125 0.01328125 0.03125
5 0 0 0 0
