1 0.8390625 0.6515625 0.0078125 0.0375
1 1 0.646875 0.03203125 0.15625
1 0.583984375 0.66484375 0.01796875 0.0859375
1 0.5640625 0.66484375 0.0171875 0.0859375
0 0.505078125 0.653125 0.03203125 0.06875
0 0.480078125 0.6578125 0.01640625 0.065625
0 0.7390625 0.540625 0.0203125 0.021875
0 1 0.59765625 0.01953125 0.0796875
0 0.233203125 0.67421875 0.02890625 0.0890625
0 0.396484375 0.67734375 0.01171875 0.0546875
0 0.9328125 0.56796875 0.0046875 0.0203125
0 1 0.41953125 0.00859375 0.0203125
0 0.963671875 0.5515625 0.00546875 0.0125
5 0 0 0 0
