1 0.819140625 0.69765625 0.00546875 0.0484375
1 0.8109375 0.7 0.0125 0.06875
1 0.80390625 0.696875 0.0078125 0.046875
1 0.791015625 0.696875 0.00703125 0.046875
1 0.776171875 0.7 0.01640625 0.090625
1 0.690234375 0.69296875 0.01015625 0.0453125
1 0.659375 0.70859375 0.0125 0.0671875
1 0.655859375 0.7140625 0.01171875 0.06875
1 0.8515625 0.69453125 0.01875 0.0953125
1 1 0.67578125 0.0609375 0.2953125
1 1 0.70546875 0.05703125 0.3640625
1 1 0.71796875 0.06015625 0.3546875
2 0.694140625 0.696875 0.01328125 0.065625
2 0.70234375 0.7046875 0.0171875 0.084375
4 1 0.778125 0.01015625 0.00625
0 1 0.678125 0.01953125 0.059375
0 1 0.67578125 0.01640625 0.0734375
0 0.986328125 0.67265625 0.02265625 0.0421875
0 0.195703125 0.67578125 0.01171875 0.0421875
0 0.49296875 0.6796875 0.0234375 0.034375
0 0.581640625 0.66015625 0.01171875 0.0359375
0 1 0.675 0.015625 0.053125
