1 1 0.6765625 0.015625 0.153125
1 1 0.6953125 0.03828125 0.184375
1 1 0.678125 0.028125 0.2125
1 1 0.68359375 0.021875 0.1140625
1 1 0.70625 0.0453125 0.2375
1 1 0.646875 0.0265625 0.09375
1 0.9921875 0.6890625 0.03125 0.234375
1 0.05 0.6015625 0.034375 0.103125
1 0.083203125 0.60390625 0.03046875 0.0984375
1 0.124609375 0.60859375 0.03359375 0.0828125
1 0.17265625 0.603125 0.03125 0.096875
3 0.12890625 0.62734375 0.0296875 0.0453125
1 0.0265625 0.603125 0.0390625 0.1375
3 0.1046875 0.7046875 0.075 0.2
3 0.1578125 0.70859375 0.0453125 0.2046875
1 0.4359375 0.64765625 0.0390625 0.1890625
1 0.620703125 0.67421875 0.04140625 0.2234375
2 0.38828125 0.6734375 0.0375 0.19375
0 0.5765625 0.5765625 0.028125 0.0875
0 0.6515625 0.61015625 0.0203125 0.0734375
0 0.604296875 0.6640625 0.01640625 0.053125
0 0.5234375 0.59765625 0.009375 0.0984375
0 0.459375 0.59375 0.0296875 0.065625
0 0.8625 0.61875 0.0109375 0.059375
5 0 0 0 0
5 0 0 0 0
5 0 0 0 0
5 0 0 0 0
5 0 0 0 0
5 0 0 0 0
5 0 0 0 0
5 0 0 0 0
5 0 0 0 0
5 0 0 0 0
5 0 0 0 0
