1 0.420703125 0.77421875 0.01796875 0.1140625
1 0.591015625 0.75390625 0.01015625 0.0640625
1 0.633984375 0.7515625 0.01015625 0.05
1 0.64609375 0.74765625 0.009375 0.0609375
1 0.665625 0.728125 0.009375 0.034375
1 0.78203125 0.734375 0.015625 0.078125
1 1 0.75390625 0.040625 0.2546875
1 1 0.76015625 0.0328125 0.2296875
1 1 0.7421875 0.03671875 0.278125
1 1 0.71015625 0.02890625 0.1828125
1 1 0.71171875 0.0359375 0.1859375
3 1 0.68828125 0.01953125 0.0390625
3 1 0.68828125 0.0234375 0.0390625
3 1 0.7125 0.0375 0.09375
1 1 0.69609375 0.028125 0.1578125
3 1 0.79140625 0.02578125 0.0484375
1 1 0.73984375 0.053125 0.3015625
1 1 0.63125 0.03515625 0.11875
1 1 0.73046875 0.06484375 0.3140625
2 0.869921875 0.71875 0.00546875 0.03125
0 0.365234375 0.778125 0.01796875 0.1125
0 0.314453125 0.7609375 0.01328125 0.053125
0 0.822265625 0.72421875 0.01328125 0.0484375
0 1 0.65859375 0.0171875 0.0859375
0 1 0.65390625 0.02421875 0.0921875
5 0 0 0 0
