1 0.84609375 0.64765625 0.0109375 0.0703125
1 0.8265625 0.65078125 0.0125 0.0671875
1 0.8109375 0.65234375 0.015625 0.0765625
1 0.744921875 0.659375 0.01953125 0.090625
1 0.642578125 0.65859375 0.01796875 0.0890625
1 0.669140625 0.659375 0.01953125 0.09375
1 0.52109375 0.6609375 0.0109375 0.065625
1 0.492578125 0.6859375 0.03828125 0.184375
1 0.44921875 0.6828125 0.0140625 0.125
1 0.412109375 0.6703125 0.03671875 0.18125
1 0.13828125 0.68984375 0.0484375 0.2328125
1 0.9140625 0.67421875 0.0328125 0.1609375
0 1 0.3859375 0.01875 0.046875
0 1 0.653125 0.03125 0.15625
0 0.317578125 0.63125 0.03046875 0.096875
0 0.565625 0.58515625 0.015625 0.0296875
0 0.624609375 0.6203125 0.01640625 0.090625
0 0.351953125 0.61640625 0.02265625 0.1421875
0 0.5453125 0.640625 0.025 0.065625
0 0.573828125 0.6890625 0.01796875 0.0375
0 0.605859375 0.5828125 0.01171875 0.065625
0 0.87265625 0.65 0.0171875 0.071875
0 1 0.6859375 0.03046875 0.059375
0 1 0.69609375 0.0203125 0.0671875
0 1 0.371875 0.009375 0.05625
5 0 0 0 0
5 0 0 0 0
5 0 0 0 0
5 0 0 0 0
5 0 0 0 0
5 0 0 0 0
5 0 0 0 0
