1 0.66171875 0.6609375 0.00625 0.071875
1 0.673828125 0.66875 0.00390625 0.059375
1 0.66796875 0.66328125 0.0109375 0.0703125
1 0.676953125 0.66328125 0.00703125 0.0578125
1 0.681640625 0.66328125 0.00859375 0.0640625
1 0.690234375 0.66171875 0.01328125 0.0765625
1 0.706640625 0.66328125 0.01171875 0.0703125
1 0.771875 0.634375 0.00625 0.0125
1 0.790625 0.65703125 0.009375 0.0515625
4 0.83125 0.6328125 0.0125 0.01875
1 0.923828125 0.634375 0.00859375 0.046875
1 0.9296875 0.64296875 0.0109375 0.0640625
1 0.985546875 0.63359375 0.00859375 0.0703125
1 0.9984375 0.6265625 0.028125 0.1375
1 1 0.64765625 0.03125 0.1609375
1 0.112890625 0.515625 0.02890625 0.071875
2 0.65234375 0.65703125 0.015625 0.0765625
0 1 0.609375 0.03515625 0.0875
0 0.455859375 0.5265625 0.06171875 0.109375
0 0.719140625 0.63515625 0.00703125 0.0109375
0 0.944140625 0.62734375 0.01171875 0.0265625
0 0.180859375 0.65234375 0.09609375 0.1390625
