1 0.285546875 0.6625 0.01015625 0.0375
1 0.051171875 0.7015625 0.05546875 0.271875
1 0.16171875 0.69296875 0.05625 0.2734375
1 0.85546875 0.64609375 0.0109375 0.0234375
1 0.8921875 0.6734375 0.009375 0.04375
4 1 0.8953125 0.0125 0.159375
1 1 0.67578125 0.009375 0.0421875
1 1 0.66484375 0.00703125 0.0359375
3 1 0.64765625 0.01171875 0.0265625
3 1 0.621875 0.03203125 0.0625
3 1 0.6609375 0.0546875 0.159375
3 1 0.68125 0.03359375 0.109375
1 1 0.66640625 0.028125 0.1359375
1 1 0.67265625 0.01328125 0.1703125
1 1 0.66953125 0.034375 0.1515625
3 1 0.77890625 0.16328125 0.3765625
4 1 0.6859375 0.0125 0.034375
1 1 0.68359375 0.09375 0.6234375
3 1 0.69921875 0.08828125 0.1859375
1 0.8671875 0.66328125 0.0125 0.0578125
2 0.28359375 0.7015625 0.0203125 0.10625
0 0.58203125 0.65625 0.01875 0.040625
0 0.639453125 0.65703125 0.02109375 0.0390625
0 0.46875 0.6578125 0.0109375 0.025
0 0.32734375 0.56328125 0.0109375 0.0546875
0 1 0.6515625 0.0125 0.0375
5 0 0 0 0
5 0 0 0 0
5 0 0 0 0
5 0 0 0 0
5 0 0 0 0
5 0 0 0 0
5 0 0 0 0
5 0 0 0 0
5 0 0 0 0
