1 0.990625 0.63984375 0.015625 0.1203125
1 0.703125 0.58515625 0.0234375 0.0671875
4 0.723046875 0.615625 0.00859375 0.06875
1 0.730859375 0.62890625 0.01953125 0.1046875
1 0.705078125 0.63359375 0.02109375 0.1046875
1 0.71875 0.63515625 0.0234375 0.1296875
1 0.670703125 0.6265625 0.03046875 0.146875
1 0.775390625 0.6140625 0.01015625 0.1125
1 0.766796875 0.62734375 0.02109375 0.1359375
3 0.580078125 0.646875 0.02890625 0.10625
3 0.611328125 0.6296875 0.03046875 0.071875
1 0.392578125 0.575 0.01484375 0.059375
1 0.55390625 0.6515625 0.05625 0.26875
1 0.4390625 0.56015625 0.028125 0.1109375
3 0.41484375 0.571875 0.0140625 0.040625
3 0.40234375 0.5765625 0.0109375 0.01875
3 0.4125 0.61796875 0.0125 0.0671875
3 0.35546875 0.584375 0.0109375 0.025
3 0.401953125 0.62890625 0.03828125 0.1046875
3 0.319921875 0.5875 0.02421875 0.0375
1 0.275390625 0.60234375 0.01640625 0.1078125
1 0.287109375 0.621875 0.02109375 0.096875
1 0.896484375 0.64765625 0.03671875 0.2328125
1 0.937890625 0.64921875 0.01953125 0.1765625
1 0.915234375 0.66484375 0.04921875 0.2390625
2 0.67734375 0.61953125 0.0328125 0.1609375
2 0.816015625 0.60703125 0.01171875 0.0890625
2 0.514453125 0.61015625 0.02890625 0.1390625
0 0.156640625 0.55234375 0.01640625 0.0421875
0 0.125 0.5515625 0.0140625 0.040625
5 0 0 0 0
5 0 0 0 0
