1 0.18828125 0.60390625 0.00625 0.0296875
1 0.28046875 0.61015625 0.0125 0.0671875
1 0.47421875 0.61953125 0.0125 0.0546875
1 0.5078125 0.62578125 0.00625 0.0453125
1 0.50078125 0.621875 0.009375 0.05625
1 0.52578125 0.62734375 0.00625 0.0421875
1 0.883984375 0.63203125 0.00859375 0.0265625
1 0.91875 0.65078125 0.0125 0.0671875
1 0.9046875 0.671875 0.0203125 0.1125
1 0.8890625 0.665625 0.021875 0.140625
1 0.0140625 0.6 0.0078125 0.04375
1 1 0.6734375 0.01171875 0.075
1 1 0.68125 0.01484375 0.06875
1 1 0.64375 0.0046875 0.021875
1 1 0.67265625 0.0125 0.0953125
1 1 0.7109375 0.00546875 0.015625
1 1 0.67578125 0.01484375 0.0890625
1 1 0.68203125 0.015625 0.0734375
1 1 0.6875 0.02578125 0.125
2 0.31953125 0.60703125 0.0140625 0.0671875
2 0.48359375 0.6171875 0.0078125 0.0375
0 0.894140625 0.54296875 0.00703125 0.0171875
0 1 0.51171875 0.01953125 0.1015625
0 0.9828125 0.63515625 0.009375 0.0484375
0 1 0.5265625 0.01015625 0.034375
0 0.384375 0.60546875 0.0171875 0.0515625
5 0 0 0 0
