4 0.771875 0.60703125 0.0078125 0.0140625
4 0.7484375 0.65078125 0.0171875 0.0953125
4 1 0.58125 0.00703125 0.009375
1 1 0.596875 0.0171875 0.034375
1 0.141796875 0.67421875 0.01953125 0.0828125
1 1 0.5796875 0.0140625 0.034375
1 0.16875 0.64296875 0.034375 0.1046875
1 0.4328125 0.6671875 0.0203125 0.1125
1 0.33984375 0.66484375 0.0125 0.0765625
1 0.32890625 0.67265625 0.015625 0.0859375
1 0.77265625 0.6125 0.00625 0.0125
1 0.748828125 0.65078125 0.01484375 0.0953125
1 0.96796875 0.67578125 0.0328125 0.1578125
4 0.53203125 0.6328125 0.0109375 0.015625
4 0.562109375 0.65703125 0.01171875 0.0609375
2 0.290625 0.68203125 0.0578125 0.2640625
2 0.530859375 0.6546875 0.01015625 0.046875
2 0.562890625 0.65234375 0.01171875 0.0578125
2 1 0.6625 0.04921875 0.240625
0 0.88828125 0.5984375 0.0109375 0.025
5 0 0 0 0
5 0 0 0 0
5 0 0 0 0
5 0 0 0 0
