1 0.08828125 0.6234375 0.0234375 0.14375
1 0.06640625 0.62421875 0.034375 0.1671875
1 1 0.5109375 0.04921875 0.11875
1 1 0.57578125 0.03359375 0.1546875
1 0.93125 0.57109375 0.015625 0.1078125
1 0.99921875 0.56640625 0.01875 0.1109375
1 0.865234375 0.56875 0.01171875 0.075
1 0.84453125 0.57421875 0.0078125 0.0390625
1 0.826953125 0.578125 0.00703125 0.034375
2 0.8765625 0.5875 0.0265625 0.128125
0 0.623046875 0.56484375 0.00703125 0.0265625
0 0.69453125 0.57421875 0.0109375 0.0390625
0 1 0.53515625 0.02734375 0.1015625
0 1 0.45078125 0.028125 0.3859375
0 1 0.6453125 0.0328125 0.665625
0 0.105859375 0.61015625 0.01640625 0.1046875
0 1 0.540625 0.03671875 0.08125
