1 0.3609375 0.61171875 0.0109375 0.0203125
1 0.115234375 0.67578125 0.03359375 0.2484375
1 0.1515625 0.68359375 0.028125 0.2359375
1 0.438671875 0.6375 0.02109375 0.075
1 0.46015625 0.6890625 0.0328125 0.1875
1 0.166015625 0.74296875 0.02890625 0.1453125
1 0.81796875 0.6984375 0.0234375 0.121875
1 0.79453125 0.69375 0.01875 0.125
0 0.983984375 0.70703125 0.02734375 0.0765625
0 0.405859375 0.6140625 0.01640625 0.034375
0 0.637890625 0.6796875 0.01640625 0.03125
0 0.63671875 0.63046875 0.00625 0.0140625
0 0.611328125 0.63359375 0.01015625 0.0328125
0 0.563671875 0.62109375 0.01015625 0.0234375
0 0.55 0.62890625 0.0078125 0.0515625
0 0.47578125 0.73046875 0.0140625 0.0953125
