1 0.64765625 0.61953125 0.009375 0.0484375
1 0.788671875 0.64453125 0.00546875 0.0359375
1 0.78125 0.63046875 0.0125 0.0640625
1 0.424609375 0.678125 0.02578125 0.09375
1 0.191015625 0.7046875 0.05390625 0.328125
1 0.962890625 0.64140625 0.00859375 0.0859375
1 0.953515625 0.64453125 0.01484375 0.0890625
1 1 0.671875 0.05625 0.275
1 1 0.6765625 0.05 0.246875
2 0.7015625 0.64296875 0.015625 0.0734375
2 0.9125 0.6515625 0.025 0.128125
1 0.96875 0.6484375 0.009375 0.08125
0 0.998046875 0.5546875 0.03203125 0.078125
0 0.9984375 0.44609375 0.025 0.0609375
0 0.747265625 0.63984375 0.00703125 0.0734375
0 0.76171875 0.63515625 0.015625 0.0609375
0 0.684375 0.653125 0.01875 0.1
0 0.8078125 0.634375 0.015625 0.05625
0 0.740625 0.63125 0.0078125 0.065625
0 0.855078125 0.6375 0.00859375 0.046875
0 0.99453125 0.66484375 0.0109375 0.0609375
0 0.830859375 0.52421875 0.00703125 0.0296875
5 0 0 0 0
5 0 0 0 0
5 0 0 0 0
5 0 0 0 0
5 0 0 0 0
