1 0.67734375 0.69453125 0.0125 0.0578125
1 0.73828125 0.6859375 0.0171875 0.09375
1 0.568359375 0.70234375 0.03828125 0.2109375
1 0.518359375 0.7421875 0.02890625 0.140625
1 0.489453125 0.68359375 0.04453125 0.2453125
1 0.444140625 0.7078125 0.05546875 0.284375
1 0.36171875 0.70625 0.0625 0.309375
1 0.069921875 0.7921875 0.12890625 0.65
1 0.9375 0.6703125 0.0078125 0.05
1 0.946484375 0.6671875 0.01015625 0.05625
2 0.924609375 0.6828125 0.01796875 0.0875
0 0.48984375 0.4578125 0.0328125 0.0875
0 0.7 0.6796875 0.01875 0.090625
5 0 0 0 0
