1 1 0.43984375 0.02109375 0.0390625
1 1 0.42109375 0.03359375 0.0421875
1 1 0.48359375 0.02421875 0.1078125
1 0.76953125 0.70078125 0.0109375 0.0578125
1 0.76015625 0.6953125 0.0140625 0.06875
1 0.73984375 0.6984375 0.0140625 0.08125
1 0.725390625 0.6953125 0.01640625 0.08125
1 0.50703125 0.7234375 0.040625 0.2125
1 0.3875 0.70078125 0.0421875 0.1484375
1 0.43046875 0.72109375 0.0453125 0.2578125
0 0.95 0.6890625 0.0078125 0.075
0 1 0.440625 0.00625 0.015625
0 1 0.34453125 0.00859375 0.1328125
0 1 0.3421875 0.01171875 0.128125
0 0.828515625 0.67421875 0.01015625 0.0109375
