1 0.89453125 0.703125 0.00625 0.025
1 0.896484375 0.7265625 0.00703125 0.040625
1 0.733984375 0.7328125 0.00546875 0.065625
1 0.6359375 0.7375 0.00625 0.090625
1 0.459765625 0.746875 0.02890625 0.178125
1 0.48828125 0.7515625 0.034375 0.184375
1 0.421875 0.7546875 0.04375 0.2125
1 0.38984375 0.79453125 0.025 0.1390625
1 0.354296875 0.74765625 0.04609375 0.2328125
1 0.608984375 0.73125 0.01328125 0.125
1 0.62109375 0.73984375 0.021875 0.1296875
1 0.6046875 0.7421875 0.028125 0.15
1 0.586328125 0.74921875 0.02265625 0.1421875
1 0.094921875 0.81015625 0.02890625 0.0828125
1 0.0921875 0.75625 0.0484375 0.25
1 0.1828125 0.70078125 0.021875 0.0984375
1 0.15703125 0.746875 0.05 0.25625
1 0.138671875 0.825 0.01953125 0.059375
1 0.165234375 0.75703125 0.04921875 0.2390625
1 0.252734375 0.746875 0.04765625 0.246875
1 0.88125 0.74921875 0.0203125 0.0984375
1 1.0 0.7375 0.0078125 0.0375
1 1 0.73515625 0.009375 0.0453125
1 1 0.75 0.01484375 0.165625
1 1 0.74765625 0.0265625 0.1671875
1 1 0.78125 0.01953125 0.103125
1 1 0.765625 0.0234375 0.13125
1 1 0.7390625 0.0125 0.165625
1 1 0.746875 0.0171875 0.178125
1 1 0.7484375 0.0203125 0.146875
1 1 0.75390625 0.015625 0.1609375
1 1 0.7484375 0.02421875 0.171875
1 1 0.74921875 0.034375 0.1890625
2 0.326171875 0.7109375 0.03828125 0.08125
2 0.826171875 0.7390625 0.01328125 0.071875
0 0.25 0.48515625 0.015625 0.0578125
0 1 0.72578125 0.0203125 0.0546875
0 0.6203125 0.62421875 0.0125 0.0390625
0 0.7734375 0.6484375 0.0078125 0.015625
5 0 0 0 0
5 0 0 0 0
