1 1 0.6171875 0.0109375 0.05625
1 0.6890625 0.66640625 0.0234375 0.1234375
1 0.791015625 0.60703125 0.02265625 0.0671875
1 0.840234375 0.61171875 0.01640625 0.0421875
1 0.8265625 0.61484375 0.0109375 0.0328125
1 0.05546875 0.80546875 0.0875 0.4328125
1 0.155859375 0.87890625 0.02109375 0.1421875
1 0.145703125 0.80546875 0.07890625 0.4203125
1 1 0.83125 0.14453125 0.815625
1 0.901171875 0.89296875 0.13828125 0.8390625
1 1 0.80703125 0.16484375 0.8015625
1 1 0.83984375 0.18359375 0.8984375
2 1 0.65859375 0.02109375 0.0921875
2 1 0.71953125 0.0890625 0.4359375
0 1 0.6015625 0.01640625 0.04375
5 0 0 0 0
