1 0.9953125 0.61875 0.009375 0.046875
1 0.821484375 0.6390625 0.01015625 0.03125
1 0.859375 0.6953125 0.0203125 0.096875
2 0.74140625 0.6796875 0.0265625 0.128125
2 0.955859375 0.70625 0.05078125 0.25
0 1 0.278125 0.04375 0.109375
0 1 0.4375 0.0171875 0.053125
0 0.2703125 0.071875 0.0171875 0.128125
0 0.238671875 0.0671875 0.01796875 0.134375
0 0.3 0.20078125 0.040625 0.2015625
0 0.284375 0.390625 0.0421875 0.1375
0 0.24765625 0.53984375 0.03125 0.1859375
0 0.303515625 0.57578125 0.05078125 0.1203125
0 0.51171875 0.65234375 0.025 0.0421875
0 0.841796875 0.6625 0.01171875 0.0125
