1 0.464453125 0.6796875 0.01953125 0.096875
1 0.225 0.69140625 0.0171875 0.0859375
1 0.7671875 0.69453125 0.0484375 0.2359375
1 0.821875 0.68046875 0.0203125 0.1109375
1 0.921875 0.67421875 0.0140625 0.1078125
1 0.934375 0.68359375 0.025 0.1328125
1 0.848046875 0.69609375 0.06796875 0.3921875
1 1 0.71796875 0.03203125 0.2453125
1 1 0.753125 0.05234375 0.2875
1 1 0.72890625 0.0640625 0.3359375
1 1 0.7796875 0.0484375 0.265625
3 1 0.7421875 0.11484375 0.303125
4 0.3921875 0.70078125 0.05 0.1640625
0 0.26015625 0.6953125 0.0265625 0.071875
0 0.237109375 0.68828125 0.00703125 0.0609375
0 0.340625 0.684375 0.0125 0.078125
