1 1 0.59140625 0.02421875 0.1359375
1 1 0.7890625 0.08046875 0.35625
1 1 0.76640625 0.090625 0.4453125
1 0.933984375 0.7796875 0.05859375 0.390625
1 0.821484375 0.77109375 0.08515625 0.4140625
1 0.38828125 0.82890625 0.0578125 0.2765625
1 0.344921875 0.7421875 0.08828125 0.471875
0 0.32265625 0.215625 0.05625 0.128125
0 1 0.503125 0.02734375 0.0875
0 0.45625 0.60546875 0.025 0.0453125
0 0.40625 0.59609375 0.0140625 0.0296875
0 0.426953125 0.609375 0.01328125 0.03125
0 1 0.61875 0.00859375 0.053125
5 0 0 0 0
