1 0.599609375 0.66171875 0.02109375 0.1265625
1 0.628125 0.66484375 0.0265625 0.1390625
1 0.6640625 0.64140625 0.0109375 0.0734375
1 0.65390625 0.66171875 0.0203125 0.1296875
1 0.10390625 0.75078125 0.0359375 0.2078125
1 0.065234375 0.7453125 0.04765625 0.23125
1 0.228515625 0.69140625 0.03359375 0.1921875
1 0.27734375 0.696875 0.0359375 0.178125
2 1 0.66953125 0.02109375 0.1015625
0 1 0.4875 0.01171875 0.040625
0 0.381640625 0.66796875 0.17890625 0.0828125
0 0.493359375 0.66015625 0.02578125 0.1359375
0 0.546875 0.65703125 0.0734375 0.1328125
0 0.603125 0.57734375 0.009375 0.0671875
0 1 0.659375 0.009375 0.05
5 0 0 0 0
5 0 0 0 0
