1 0.505859375 0.5515625 0.00859375 0.053125
1 0.67109375 0.5796875 0.0109375 0.053125
1 0.659765625 0.5765625 0.01015625 0.05625
1 0.7546875 0.60625 0.0171875 0.096875
1 0.77578125 0.60078125 0.01875 0.1078125
1 0.8734375 0.6078125 0.0203125 0.115625
1 0.95078125 0.62265625 0.0265625 0.1296875
1 1 0.675 0.03359375 0.2
1 0.449609375 0.60546875 0.03671875 0.1796875
1 0.41640625 0.60234375 0.0359375 0.1734375
0 1 0.39609375 0.04609375 0.1546875
0 0.893359375 0.48359375 0.01015625 0.0390625
5 0 0 0 0
