1 0.77109375 0.59609375 0.0140625 0.0296875
1 0.802734375 0.64765625 0.02734375 0.1328125
1 0.46640625 0.70546875 0.1375 0.6703125
1 0.8296875 0.659375 0.025 0.128125
1 0.86171875 0.6609375 0.025 0.121875
1 0.90703125 0.715625 0.0625 0.36875
1 0.971875 0.7203125 0.0703125 0.34375
0 0.315625 0.62734375 0.05 0.1109375
0 0.303125 0.4125 0.028125 0.1
0 0.269921875 0.6875 0.03671875 0.121875
0 0.358203125 0.46875 0.01484375 0.09375
0 0.269921875 0.46953125 0.01328125 0.0578125
0 0.270703125 0.546875 0.01640625 0.053125
