1 0.705859375 0.60234375 0.00546875 0.0109375
1 0.719921875 0.62578125 0.01328125 0.0578125
1 0.5234375 0.66015625 0.0125 0.0578125
1 0.62734375 0.6625 0.009375 0.06875
1 0.6171875 0.64453125 0.0125 0.0671875
1 0.212109375 0.57421875 0.00703125 0.0984375
1 0.113671875 0.61171875 0.02734375 0.1484375
1 0.404296875 0.6078125 0.01484375 0.021875
1 0.88671875 0.6171875 0.00625 0.03125
1 1 0.640625 0.0125 0.090625
1 1 0.66484375 0.034375 0.1484375
1 1 0.65859375 0.03828125 0.1984375
1 1 0.66796875 0.0390625 0.1890625
3 1 0.7 0.06796875 0.1625
2 0.56328125 0.67734375 0.0359375 0.1609375
2 0.4625 0.6875 0.0390625 0.19375
2 1 0.6609375 0.0265625 0.128125
1 0.24296875 0.66953125 0.0359375 0.1453125
0 1 0.41484375 0.03359375 0.0671875
0 1 0.4796875 0.0171875 0.03125
0 0.6671875 0.61875 0.059375 0.05625
0 0.817578125 0.61875 0.01015625 0.053125
0 0.92734375 0.61484375 0.034375 0.0359375
0 0.98515625 0.6171875 0.0359375 0.0375
0 1 0.62890625 0.00546875 0.0640625
0 1 0.634375 0.01171875 0.071875
5 0 0 0 0
5 0 0 0 0
5 0 0 0 0
5 0 0 0 0
5 0 0 0 0
5 0 0 0 0
5 0 0 0 0
5 0 0 0 0
5 0 0 0 0
