1 0.722265625 0.7609375 0.01796875 0.103125
1 0.705859375 0.7671875 0.01796875 0.09375
1 0.659765625 0.74765625 0.03359375 0.1640625
4 0.03671875 0.94765625 0.0640625 0.5671875
1 0.246875 0.73046875 0.06875 0.3328125
1 0.803515625 0.71171875 0.00859375 0.0390625
1 0.81328125 0.71171875 0.0078125 0.0421875
1 0.8203125 0.71328125 0.00625 0.0421875
1 0.890234375 0.759375 0.02265625 0.109375
1 1 0.7234375 0.053125 0.259375
1 1 0.725 0.04921875 0.240625
2 0.756640625 0.76484375 0.01640625 0.0734375
2 0.4421875 0.7375 0.08125 0.39375
0 0.808203125 0.4359375 0.01953125 0.040625
0 0.79296875 0.69921875 0.00625 0.0328125
