1 0.95 0.67734375 0.0078125 0.0359375
1 0.97421875 0.68046875 0.0109375 0.0484375
1 1 0.6890625 0.01875 0.09375
1 0.387109375 0.70625 0.01796875 0.15
1 0.30703125 0.69140625 0.0203125 0.0859375
1 0.212890625 0.68125 0.03046875 0.1
1 0.173046875 0.6796875 0.03515625 0.1
1 0.496484375 0.7171875 0.02109375 0.165625
2 1 0.68671875 0.01796875 0.0828125
0 0.525 0.7609375 0.00625 0.009375
0 0.51875 0.76171875 0.003125 0.0109375
0 0.246875 0.6828125 0.0203125 0.109375
0 0.27109375 0.70703125 0.021875 0.1171875
0 0.75625 0.68046875 0.00625 0.0328125
0 1 0.67421875 0.00859375 0.0421875
0 1 0.6734375 0.00625 0.040625
0 1 0.675 0.0046875 0.046875
0 1 0.6734375 0.003125 0.046875
0 1 0.67421875 0.00390625 0.0453125
0 1 0.675 0.0125 0.040625
0 1 0.66953125 0.00625 0.0484375
5 0 0 0 0
5 0 0 0 0
5 0 0 0 0
5 0 0 0 0
