1 0.617578125 0.60078125 0.00546875 0.0359375
3 0.608984375 0.596875 0.01015625 0.04375
1 0.59609375 0.59453125 0.0078125 0.0359375
1 0.7171875 0.60625 0.00625 0.040625
1 0.7078125 0.60390625 0.009375 0.0421875
3 0.82265625 0.7859375 0.0171875 0.084375
1 0.960546875 0.79921875 0.08046875 0.4046875
1 0.856640625 0.7984375 0.08046875 0.4625
1 0.532421875 0.6859375 0.01640625 0.115625
1 0.54609375 0.6703125 0.0203125 0.0625
3 0.471875 0.684375 0.0171875 0.059375
1 0.38359375 0.6609375 0.025 0.08125
3 0.346484375 0.66875 0.02265625 0.053125
3 0.321484375 0.66796875 0.02265625 0.0515625
1 0.405078125 0.7140625 0.01640625 0.146875
3 0.3765625 0.72109375 0.053125 0.1328125
1 0.42265625 0.71171875 0.0296875 0.1609375
3 0.3296875 0.725 0.0453125 0.15
2 0.683984375 0.73359375 0.03671875 0.1765625
0 1 0.8671875 0.03515625 0.20625
0 1 0.65703125 0.04296875 0.3734375
0 1 0.59453125 0.0203125 0.0796875
