1 0.561328125 0.67421875 0.03203125 0.1546875
1 0.244140625 0.678125 0.05546875 0.275
1 0.60625 0.69609375 0.0359375 0.2234375
1 0.632421875 0.6953125 0.04453125 0.240625
1 0.94453125 0.6703125 0.0140625 0.1
0 1 0.41796875 0.01953125 0.0828125
0 0.190234375 0.65390625 0.01484375 0.1203125
0 0.453125 0.64921875 0.1546875 0.1640625
0 0.77265625 0.65546875 0.0078125 0.0484375
0 0.759375 0.6546875 0.0078125 0.028125
0 0.665234375 0.628125 0.00703125 0.053125
0 0.64921875 0.63203125 0.0078125 0.0296875
0 0.67734375 0.66875 0.0125 0.028125
0 0.811328125 0.66015625 0.01171875 0.0484375
0 0.823046875 0.65703125 0.00859375 0.0296875
0 0.13203125 0.6328125 0.0078125 0.046875
0 0.118359375 0.63203125 0.01015625 0.0421875
5 0 0 0 0
5 0 0 0 0
5 0 0 0 0
5 0 0 0 0
5 0 0 0 0
