1 0.993359375 0.665625 0.03515625 0.171875
1 1 0.671875 0.04140625 0.21875
1 1 0.6765625 0.03984375 0.2
1 0.8796875 0.64609375 0.015625 0.0484375
1 0.941015625 0.6796875 0.00859375 0.09375
1 0.929296875 0.68203125 0.01953125 0.1328125
1 0.7515625 0.6890625 0.015625 0.075
1 0.65859375 0.69765625 0.025 0.1234375
1 0.64453125 0.66953125 0.0171875 0.0796875
1 0.426171875 0.65546875 0.03203125 0.0984375
0 0.451171875 0.6453125 0.01015625 0.053125
0 0.464453125 0.64921875 0.01171875 0.0578125
0 0.80390625 0.6546875 0.01875 0.025
5 0 0 0 0
