1 0.807421875 0.7 0.01796875 0.096875
1 0.69140625 0.690625 0.009375 0.08125
1 0.67109375 0.73828125 0.046875 0.2265625
1 0.551171875 0.73671875 0.02890625 0.1390625
1 0.25390625 0.72890625 0.025 0.1609375
1 0.100390625 0.7765625 0.05390625 0.296875
1 0.1390625 0.78828125 0.05625 0.2734375
1 1 0.68984375 0.01171875 0.1015625
1 1 0.75546875 0.0765625 0.4109375
1 1 0.80859375 0.0140625 0.1953125
1 1 0.79921875 0.11015625 0.6234375
2 0.14453125 0.75625 0.040625 0.225
0 0.04765625 0.6421875 0.05 0.175
0 0.403515625 0.6328125 0.03046875 0.178125
0 0.442578125 0.6390625 0.01171875 0.16875
0 1 0.53671875 0.00703125 0.0390625
