1 0.76796875 0.62578125 0.00625 0.0296875
1 0.67890625 0.60390625 0.0109375 0.0203125
1 0.599609375 0.6171875 0.01484375 0.046875
1 0.572265625 0.60625 0.01171875 0.03125
1 0.489453125 0.603125 0.01328125 0.05625
1 0.47890625 0.62265625 0.009375 0.0453125
1 0.41171875 0.6171875 0.015625 0.078125
3 0.396484375 0.61875 0.02421875 0.075
3 0.37890625 0.6203125 0.0328125 0.078125
1 0.31484375 0.62421875 0.01875 0.0921875
0 0.541796875 0.41640625 0.00390625 0.0109375
0 0.51953125 0.67265625 0.0125 0.0609375
