1 0.8359375 0.58046875 0.0046875 0.0171875
1 0.837890625 0.6 0.00546875 0.025
1 0.88203125 0.6875 0.009375 0.04375
1 0.9171875 0.703125 0.0078125 0.071875
1 0.887109375 0.75078125 0.01640625 0.0796875
1 1 0.80078125 0.07265625 0.3671875
1 0.791015625 0.6375 0.01015625 0.046875
3 0.744921875 0.728125 0.02421875 0.0625
1 0.66171875 0.771875 0.040625 0.20625
1 0.370703125 0.803125 0.06796875 0.378125
1 0.291796875 0.803125 0.06015625 0.3375
1 0.792578125 0.68671875 0.01171875 0.0609375
1 0.8046875 0.6875 0.0109375 0.059375
1 0.816015625 0.6875 0.01171875 0.059375
2 0.59296875 0.7765625 0.0703125 0.34375
1 0.860546875 0.67265625 0.01015625 0.0515625
0 0.189453125 0.41015625 0.00859375 0.0234375
0 0.8109375 0.0859375 0.075 0.103125
