1 0.5203125 0.70390625 0.0203125 0.1390625
1 0.560546875 0.696875 0.02265625 0.115625
1 0.33828125 0.721875 0.0453125 0.246875
1 1 0.68125 0.034375 0.2
1 1 0.6875 0.03359375 0.2
1 1 0.6640625 0.03359375 0.203125
1 1 0.671875 0.04296875 0.234375
1 1 0.6609375 0.0484375 0.28125
2 0.40625 0.71796875 0.0578125 0.2796875
0 1 0.459375 0.01015625 0.03125
0 1 0.68671875 0.0203125 0.1640625
0 1 0.67890625 0.0203125 0.1671875
0 0.677734375 0.66875 0.01171875 0.059375
0 0.665625 0.67109375 0.00625 0.0546875
0 0.4390625 0.709375 0.0109375 0.19375
0 0.46015625 0.71171875 0.0234375 0.1796875
0 0.13359375 0.81640625 0.0484375 0.2484375
0 0.19296875 0.746875 0.03125 0.29375
0 0.0453125 0.7765625 0.0734375 0.371875
0 1 0.68046875 0.0265625 0.1328125
5 0 0 0 0
