1 0.7515625 0.51484375 0.00625 0.0234375
1 0.719140625 0.5328125 0.01328125 0.071875
1 0.694140625 0.5984375 0.02421875 0.115625
1 0.786328125 0.58203125 0.02109375 0.1078125
1 0.737890625 0.5890625 0.02578125 0.121875
3 0.64140625 0.6015625 0.0171875 0.0375
1 0.5125 0.540625 0.0140625 0.040625
1 0.461328125 0.60546875 0.01796875 0.0921875
1 0.45 0.63125 0.009375 0.046875
3 0.621875 0.60546875 0.025 0.0578125
1 0.580078125 0.6390625 0.03046875 0.175
1 0.51640625 0.6828125 0.0515625 0.265625
1 0.550390625 0.68828125 0.05078125 0.2578125
1 0.425 0.67578125 0.0515625 0.2515625
1 1 0.5390625 0.00859375 0.0625
1 1 0.53671875 0.01328125 0.0609375
1 1 0.62890625 0.03125 0.2328125
1 1 0.64140625 0.03359375 0.2953125
1 1 0.64921875 0.06640625 0.3296875
1 1 0.66484375 0.05546875 0.3015625
0 1 0.421875 0.00703125 0.05625
0 1 0.60859375 0.10234375 0.2640625
0 1 0.50625 0.00703125 0.021875
0 0.9609375 0.515625 0.003125 0.03125
0 0.934375 0.52890625 0.00625 0.0453125
0 0.929296875 0.53359375 0.00859375 0.0484375
0 0.900390625 0.53046875 0.00390625 0.0296875
0 0.830859375 0.54453125 0.07109375 0.0703125
0 0.675390625 0.57890625 0.02265625 0.0609375
0 0.4515625 0.47578125 0.0109375 0.0328125
0 0.4203125 0.478125 0.0125 0.03125
0 0.46484375 0.4734375 0.0046875 0.025
5 0 0 0 0
5 0 0 0 0
5 0 0 0 0
5 0 0 0 0
