1 0.782421875 0.490625 0.00546875 0.028125
1 0.7984375 0.5234375 0.0140625 0.06875
1 0.837890625 0.56015625 0.02421875 0.1171875
3 1 0.6046875 0.0421875 0.109375
3 1 0.65 0.046875 0.19375
3 1 0.59375 0.040625 0.09375
3 1 0.59140625 0.0203125 0.0671875
3 1 0.69296875 0.06484375 0.2390625
3 1 0.690625 0.06640625 0.25625
3 0.515625 0.6375 0.0828125 0.1875
1 0.44375 0.665625 0.0875 0.459375
1 0.52734375 0.6734375 0.0875 0.425
1 0.608984375 0.6828125 0.08046875 0.44375
2 0.70546875 0.58203125 0.021875 0.1609375
2 0.718359375 0.590625 0.03984375 0.19375
1 0.809765625 0.51640625 0.00703125 0.0546875
0 0.8734375 0.3984375 0.028125 0.115625
0 0.65703125 0.56875 0.015625 0.040625
5 0 0 0 0
