1 0.438671875 0.64765625 0.01484375 0.0546875
3 0.4765625 0.64453125 0.0078125 0.0078125
3 0.458203125 0.64609375 0.00859375 0.0234375
3 0.41484375 0.65625 0.0125 0.021875
1 1 0.65703125 0.0421875 0.1671875
0 0.909765625 0.61015625 0.03046875 0.0734375
0 0.839453125 0.64140625 0.04765625 0.0234375
0 0.883203125 0.65625 0.01328125 0.0375
0 0.956640625 0.64140625 0.00859375 0.0203125
0 0.97109375 0.66171875 0.015625 0.0484375
0 0.934375 0.63125 0.009375 0.03125
0 1 0.64296875 0.00625 0.0265625
0 1 0.60390625 0.01953125 0.0578125
0 1 0.603125 0.01953125 0.06875
0 0.566015625 0.640625 0.03359375 0.078125
0 0.734375 0.6234375 0.0125 0.065625
0 0.667578125 0.6484375 0.01328125 0.040625
0 1 0.65078125 0.02265625 0.0203125
0 1 0.6390625 0.00625 0.021875
0 1 0.64765625 0.00625 0.0203125
0 1 0.6453125 0.00625 0.01875
0 1 0.64765625 0.01328125 0.0171875
