1 1 0.59140625 0.009375 0.0296875
1 1 0.5828125 0.01171875 0.021875
1 1 0.61953125 0.009375 0.0609375
3 0.755859375 0.596875 0.01484375 0.04375
3 0.72578125 0.6078125 0.021875 0.0625
1 0.66484375 0.60390625 0.01875 0.1203125
1 0.448828125 0.646875 0.04296875 0.209375
1 0.480078125 0.646875 0.03671875 0.21875
0 0.62109375 0.57578125 0.0140625 0.0703125
0 1 0.553125 0.009375 0.034375
0 0.320703125 0.603125 0.01640625 0.04375
0 1 0.57578125 0.01953125 0.0796875
0 1 0.55234375 0.01328125 0.0296875
0 1 0.55078125 0.0109375 0.0265625
