1 0.51328125 0.715625 0.0234375 0.13125
1 0.66796875 0.7203125 0.0109375 0.084375
1 0.676171875 0.71953125 0.01484375 0.0890625
1 0.6984375 0.72109375 0.009375 0.0859375
1 0.70703125 0.7109375 0.0171875 0.1
3 0.735546875 0.728125 0.02109375 0.05
1 0.75078125 0.71015625 0.0140625 0.0671875
1 0.90078125 0.71328125 0.009375 0.0859375
1 0.89375 0.7046875 0.0109375 0.103125
1 0.859765625 0.70625 0.01796875 0.1
0 0.679296875 0.303125 0.04140625 0.125
0 0.73125 0.3015625 0.04375 0.134375
0 0.733203125 0.48359375 0.05546875 0.1109375
0 0.8140625 0.4921875 0.0546875 0.103125
0 0.88359375 0.48359375 0.0734375 0.1171875
0 1 0.38125 0.0140625 0.059375
0 0.937890625 0.71171875 0.01171875 0.0765625
0 0.955859375 0.7109375 0.01171875 0.0875
0 0.865234375 0.28125 0.03515625 0.140625
0 0.229296875 0.740625 0.00546875 0.03125
0 0.248046875 0.74921875 0.01171875 0.0515625
0 0.680859375 0.4578125 0.04609375 0.146875
0 0.83828125 0.56796875 0.0078125 0.0203125
0 1 0.5203125 0.025 0.159375
0 1 0.59453125 0.01640625 0.1015625
0 1 0.3828125 0.01953125 0.14375
5 0 0 0 0
5 0 0 0 0
