1 0.472265625 0.584375 0.01484375 0.1
4 1 0.57578125 0.01953125 0.0453125
1 0.502734375 0.5796875 0.00859375 0.140625
1 0.509375 0.58515625 0.021875 0.1390625
1 0.45625 0.61328125 0.034375 0.1671875
1 0.601953125 0.60078125 0.02421875 0.1265625
1 1 0.565625 0.01953125 0.096875
0 0.06875 0.559375 0.0125 0.034375
0 0.177734375 0.565625 0.01171875 0.025
0 0.1390625 0.5703125 0.015625 0.025
0 0.20546875 0.559375 0.0125 0.034375
0 0.30390625 0.54921875 0.021875 0.0421875
0 0.55625 0.53671875 0.0203125 0.0484375
0 0.640234375 0.53984375 0.02421875 0.0453125
0 0.674609375 0.540625 0.02734375 0.040625
0 0.71796875 0.53671875 0.0265625 0.0390625
0 0.803515625 0.5296875 0.01484375 0.025
0 1 0.465625 0.00625 0.01875
0 0.848828125 0.58046875 0.01328125 0.0546875
5 0 0 0 0
5 0 0 0 0
