1 0.84609375 0.66875 0.00625 0.0375
1 0.91953125 0.6984375 0.0078125 0.04375
1 0.928515625 0.69296875 0.00703125 0.0390625
3 0.965625 0.7 0.009375 0.021875
1 0.944140625 0.6921875 0.00546875 0.0375
3 0.973046875 0.69609375 0.00703125 0.0140625
1 1 0.67734375 0.01875 0.1203125
1 1 0.6828125 0.01484375 0.1
1 1 0.69765625 0.01484375 0.0796875
1 1 0.6796875 0.02265625 0.115625
1 1 0.675 0.021875 0.115625
1 1 0.671875 0.01015625 0.103125
1 1 0.665625 0.0265625 0.14375
1 1 0.653125 0.00703125 0.084375
1 1 0.67578125 0.01328125 0.1171875
1 1 0.66484375 0.01953125 0.1609375
1 1 0.671875 0.02890625 0.15625
1 1 0.68125 0.0359375 0.209375
1 1 0.675 0.02890625 0.215625
1 1 0.65625 0.03984375 0.15625
1 1 0.7078125 0.04296875 0.209375
1 1 0.75703125 0.040625 0.0890625
1 1 0.68984375 0.05 0.2671875
1 1 0.7078125 0.0453125 0.234375
1 0.730078125 0.6953125 0.01015625 0.0625
1 0.73671875 0.69375 0.009375 0.05625
1 0.712109375 0.69609375 0.00703125 0.0328125
1 0.750390625 0.69296875 0.01328125 0.0734375
1 0.720703125 0.69765625 0.01015625 0.0609375
1 0.705078125 0.68984375 0.01484375 0.0765625
1 0.68359375 0.68984375 0.0140625 0.0734375
1 0.672265625 0.696875 0.01015625 0.053125
1 0.661328125 0.7 0.01015625 0.053125
1 0.510546875 0.6578125 0.07109375 0.359375
1 0.562890625 0.65625 0.05078125 0.40625
1 0.534375 0.6640625 0.0734375 0.446875
3 0.074609375 0.61953125 0.03671875 0.1046875
1 0.35234375 0.68359375 0.1078125 0.5265625
1 1 0.67109375 0.021875 0.1359375
2 1 0.659375 0.03125 0.165625
2 1 0.63671875 0.0296875 0.1515625
2 1 0.63828125 0.0296875 0.1671875
2 1 0.63515625 0.0328125 0.1890625
5 0 0 0 0
5 0 0 0 0
5 0 0 0 0
5 0 0 0 0
5 0 0 0 0
5 0 0 0 0
