1 0.752734375 0.6078125 0.00703125 0.034375
1 0.6890625 0.59375 0.009375 0.01875
1 0.7171875 0.59296875 0.0078125 0.0234375
1 0.66875 0.60234375 0.0109375 0.0234375
1 0.890234375 0.590625 0.01171875 0.028125
1 0.91015625 0.59453125 0.021875 0.0640625
1 0.931640625 0.61015625 0.01796875 0.1046875
1 0.94609375 0.61484375 0.021875 0.1078125
1 0.361328125 0.6578125 0.01796875 0.040625
1 0.5640625 0.65546875 0.0234375 0.1671875
1 0.769921875 0.61328125 0.00703125 0.0484375
0 1 0.61796875 0.00859375 0.0359375
0 1 0.571875 0.00703125 0.05
