1 0.87578125 0.63515625 0.0125 0.1140625
1 0.828125 0.6109375 0.00625 0.015625
1 0.814453125 0.6359375 0.01015625 0.084375
1 0.844140625 0.63984375 0.00703125 0.0515625
1 0.820703125 0.63671875 0.01484375 0.0890625
1 0.894140625 0.63046875 0.03828125 0.2046875
1 0.86328125 0.6484375 0.034375 0.184375
1 0.694140625 0.62578125 0.02421875 0.1171875
1 0.729296875 0.6421875 0.03515625 0.2
1 0.629296875 0.6640625 0.03515625 0.178125
3 0.59375 0.7015625 0.059375 0.2
1 0.533203125 0.63515625 0.02265625 0.1328125
1 0.560546875 0.64765625 0.06640625 0.3296875
1 0.776953125 0.6328125 0.01796875 0.09375
1 0.792578125 0.63359375 0.01640625 0.0921875
1 0.833984375 0.6390625 0.01484375 0.071875
1 0.844921875 0.64921875 0.00859375 0.0453125
0 0.314453125 0.64921875 0.03828125 0.0890625
