1 0.47578125 0.65 0.0125 0.025
1 0.111328125 0.6796875 0.01171875 0.04375
1 0.093359375 0.67578125 0.01171875 0.0546875
1 0.103125 0.6796875 0.0109375 0.04375
1 0.5203125 0.6640625 0.0140625 0.034375
1 0.98046875 0.6515625 0.0109375 0.06875
1 0.991796875 0.65546875 0.01171875 0.0546875
1 0.9 0.66953125 0.01875 0.0921875
1 1 0.66328125 0.0265625 0.2609375
0 0.754296875 0.5828125 0.00859375 0.015625
0 0.75546875 0.6078125 0.00625 0.015625
0 0.791015625 0.49453125 0.01328125 0.0328125
0 0.6328125 0.6125 0.0046875 0.0125
