1 1 0.65859375 0.021875 0.1078125
1 1 0.68515625 0.03828125 0.1859375
1 1 0.68046875 0.03046875 0.1671875
1 1 0.6734375 0.0390625 0.190625
1 1 0.634375 0.00859375 0.05625
1 0.68515625 0.67421875 0.03125 0.1796875
1 0.72421875 0.671875 0.03125 0.190625
1 0.79453125 0.6484375 0.01875 0.071875
1 0.744921875 0.67734375 0.03828125 0.1859375
1 1 0.64140625 0.009375 0.0515625
1 1 0.64375 0.00859375 0.04375
2 1 0.64375 0.0171875 0.08125
0 0.4625 0.25546875 0.00625 0.0265625
0 0.472265625 0.259375 0.00546875 0.028125
0 0.462890625 0.29296875 0.00703125 0.0265625
0 0.473046875 0.29375 0.00546875 0.021875
