1 0.012109375 0.675 0.01328125 0.059375
1 0.253515625 0.73671875 0.06171875 0.3078125
1 0.772265625 0.721875 0.01171875 0.175
1 0.78359375 0.73203125 0.021875 0.1515625
3 1 0.70078125 0.01171875 0.0359375
3 1 0.69609375 0.015625 0.0421875
4 1 0.74296875 0.046875 0.1421875
1 1 0.69453125 0.01328125 0.0828125
1 1 0.69296875 0.01171875 0.0609375
1 1 0.68984375 0.0109375 0.0515625
1 1 0.69765625 0.0765625 0.4921875
1 1 0.725 0.08359375 0.45
1 0.937109375 0.76640625 0.10859375 0.5265625
1 1 0.7953125 0.12109375 0.61875
0 0.5765625 0.7171875 0.025 0.096875
0 0.614453125 0.715625 0.02890625 0.08125
0 0.493359375 0.6546875 0.01953125 0.1
5 0 0 0 0
