1 0.973046875 0.68984375 0.00859375 0.0453125
1 0.984375 0.68515625 0.009375 0.0390625
1 1 0.6671875 0.01328125 0.096875
1 1 0.67890625 0.01953125 0.0921875
1 1 0.6640625 0.028125 0.1375
1 1 0.6609375 0.02890625 0.1375
1 1 0.6484375 0.00703125 0.071875
1 1 0.65546875 0.028125 0.1359375
1 1 0.6609375 0.02578125 0.1625
1 1 0.6578125 0.0328125 0.16875
1 1 0.66171875 0.03046875 0.1609375
1 1 0.659375 0.0421875 0.203125
1 1 0.66328125 0.03984375 0.1921875
1 1 0.68671875 0.0390625 0.2015625
1 1 0.6671875 0.04140625 0.203125
1 1 0.69453125 0.015625 0.2046875
1 0.867578125 0.66484375 0.01953125 0.1140625
1 0.80625 0.6671875 0.0234375 0.1125
1 0.738671875 0.67421875 0.00859375 0.0390625
1 0.7125 0.68125 0.0078125 0.046875
1 0.69140625 0.68125 0.0125 0.059375
1 0.673828125 0.6625 0.03046875 0.16875
1 0.63046875 0.7140625 0.00625 0.053125
1 0.57890625 0.64140625 0.0265625 0.1640625
1 0.610546875 0.66796875 0.05859375 0.3296875
4 0.4296875 0.5125 0.028125 0.075
1 0.463671875 0.64375 0.05234375 0.31875
1 0.453515625 0.765625 0.01015625 0.046875
1 0.165625 0.6484375 0.0671875 0.46875
1 1 0.659375 0.02265625 0.134375
1 0.725 0.68515625 0.0109375 0.0546875
1 0.71953125 0.6875 0.009375 0.05
2 1 0.63203125 0.01875 0.1171875
2 1 0.63203125 0.0140625 0.1234375
2 1 0.6296875 0.021875 0.140625
0 1 0.67734375 0.01328125 0.0828125
5 0 0 0 0
5 0 0 0 0
5 0 0 0 0
5 0 0 0 0
5 0 0 0 0
5 0 0 0 0
5 0 0 0 0
5 0 0 0 0
5 0 0 0 0
5 0 0 0 0
5 0 0 0 0
