1 0.848046875 0.59140625 0.01015625 0.0515625
1 0.87890625 0.590625 0.009375 0.05625
1 0.89453125 0.59296875 0.0078125 0.0734375
1 0.887890625 0.59453125 0.01484375 0.0734375
1 0.908203125 0.596875 0.01328125 0.071875
1 0.92421875 0.596875 0.0125 0.071875
1 1 0.65859375 0.04140625 0.2296875
1 1 0.67109375 0.04453125 0.2203125
1 1 0.6578125 0.046875 0.253125
1 1 0.65859375 0.03359375 0.2453125
1 1 0.66953125 0.0390625 0.2390625
1 1 0.6546875 0.0453125 0.21875
1 1 0.6609375 0.03828125 0.221875
1 1 0.67109375 0.07578125 0.3703125
1 0.05546875 0.7265625 0.0703125 0.340625
1 0.151953125 0.69375 0.07109375 0.365625
2 0.8140625 0.6046875 0.0125 0.06875
0 1 0.28515625 0.0203125 0.0671875
5 0 0 0 0
