1 0.4 0.76796875 0.0125 0.0328125
1 0.3890625 0.7703125 0.0109375 0.025
1 0.709765625 0.81015625 0.00703125 0.0109375
1 0.69609375 0.8109375 0.00625 0.009375
1 0.7703125 0.796875 0.0046875 0.03125
1 0.543359375 0.77109375 0.00703125 0.0390625
1 0.550390625 0.7671875 0.00703125 0.04375
1 0.7640625 0.79921875 0.00625 0.0296875
0 0.1359375 0.696875 0.0265625 0.08125
0 0.09375 0.625 0.0453125 0.128125
0 0.171875 0.49453125 0.015625 0.0359375
0 0.648046875 0.8375 0.01953125 0.04375
0 0.66796875 0.8328125 0.009375 0.04375
0 0.545703125 0.86484375 0.02421875 0.0546875
0 0.317578125 0.91484375 0.01328125 0.0328125
0 0.659375 0.75625 0.0140625 0.03125
0 1 0.68046875 0.00859375 0.0734375
0 1 0.3546875 0.009375 0.040625
