1 0.825390625 0.65390625 0.00546875 0.0609375
1 0.742578125 0.653125 0.01328125 0.0625
1 0.79765625 0.65625 0.0125 0.065625
1 0.835546875 0.6546875 0.00859375 0.046875
1 0.865234375 0.65625 0.01328125 0.078125
1 0.90703125 0.66640625 0.009375 0.0796875
1 0.875 0.659375 0.015625 0.09375
1 0.89609375 0.659375 0.0171875 0.10625
1 0.910546875 0.66015625 0.01171875 0.0953125
1 0.92109375 0.66015625 0.0203125 0.1078125
1 0.999609375 0.65703125 0.01328125 0.1390625
1 1 0.6640625 0.01953125 0.16875
1 1 0.65859375 0.025 0.1953125
1 1 0.65390625 0.04296875 0.2171875
3 1 0.73359375 0.0171875 0.0296875
1 1 0.6546875 0.03515625 0.225
1 1 0.6828125 0.04453125 0.21875
1 1 0.61171875 0.01875 0.1265625
1 1 0.60859375 0.03203125 0.1046875
1 1 0.60234375 0.05 0.1796875
1 1 0.6546875 0.040625 0.25625
1 1 0.6875 0.03046875 0.18125
3 1 0.68515625 0.05625 0.1765625
1 0.710546875 0.6578125 0.01015625 0.05
1 0.701171875 0.65390625 0.00859375 0.0640625
1 0.687890625 0.659375 0.00859375 0.046875
1 0.69296875 0.6515625 0.0125 0.075
1 0.635546875 0.64921875 0.00859375 0.0359375
1 0.629296875 0.65859375 0.00703125 0.0453125
3 0.620703125 0.6609375 0.01484375 0.040625
3 0.577734375 0.6859375 0.04609375 0.10625
3 0.323046875 0.66484375 0.02421875 0.1265625
3 0.33828125 0.703125 0.0203125 0.0625
1 0.40703125 0.60546875 0.009375 0.0234375
3 0.400390625 0.67109375 0.01796875 0.1296875
1 0.3859375 0.65546875 0.025 0.2140625
1 0.415234375 0.69375 0.02265625 0.1875
1 0.359375 0.6578125 0.053125 0.2625
1 0.43671875 0.6640625 0.05625 0.321875
1 0.49140625 0.6734375 0.0609375 0.31875
1 0.9859375 0.65390625 0.034375 0.2046875
1 0.953515625 0.678125 0.02734375 0.2
1 0.954296875 0.66875 0.03828125 0.228125
0 0.733984375 0.57578125 0.00859375 0.0140625
5 0 0 0 0
5 0 0 0 0
