1 0.131640625 0.709375 0.03984375 0.203125
1 0.220703125 0.69765625 0.03828125 0.2046875
1 0.908984375 0.59375 0.00390625 0.01875
1 0.80078125 0.60859375 0.0078125 0.0234375
1 0.8109375 0.60625 0.0078125 0.034375
1 0.6296875 0.64921875 0.015625 0.0734375
1 0.64140625 0.6609375 0.0109375 0.0875
1 0.65 0.659375 0.0171875 0.090625
1 0.604296875 0.62109375 0.01171875 0.0140625
1 0.583984375 0.62421875 0.00859375 0.0109375
1 0.7078125 0.6453125 0.0109375 0.06875
1 0.68984375 0.64140625 0.0140625 0.0546875
1 0.275 0.6390625 0.021875 0.08125
1 0.311328125 0.628125 0.01484375 0.05
1 0.31484375 0.653125 0.0296875 0.071875
1 0.276953125 0.69609375 0.02421875 0.1796875
1 0.29453125 0.67265625 0.0265625 0.1203125
1 0.987890625 0.6078125 0.00703125 0.034375
1 1 0.63984375 0.0203125 0.0984375
1 1 0.659375 0.04609375 0.24375
1 1 0.6671875 0.0453125 0.23125
2 0.8953125 0.58671875 0.00625 0.0203125
4 0.873828125 0.60390625 0.01328125 0.0453125
2 0.700390625 0.67109375 0.01953125 0.0921875
2 0.960546875 0.61640625 0.01484375 0.0234375
