3 0.88984375 0.81953125 0.0078125 0.0296875
3 0.88359375 0.81640625 0.00625 0.0328125
1 0.9421875 0.78984375 0.009375 0.0640625
1 0.9359375 0.78125 0.009375 0.05625
4 0.976953125 0.78515625 0.03671875 0.0703125
1 0.9828125 0.77734375 0.0046875 0.0359375
1 1 0.7734375 0.00390625 0.046875
1 0.987109375 0.775 0.01015625 0.04375
1 1 0.775 0.00859375 0.05625
1 1 0.775 0.00859375 0.05
1 1 0.771875 0.00625 0.05625
1 1 0.775 0.009375 0.053125
1 0.621484375 0.80859375 0.02109375 0.1234375
1 0.609375 0.803125 0.0140625 0.128125
4 0.59296875 0.80625 0.009375 0.1125
1 0.578125 0.82265625 0.0234375 0.1140625
1 0.552734375 0.81640625 0.01953125 0.1234375
1 0.777734375 0.79921875 0.01640625 0.1078125
1 0.767578125 0.82265625 0.01171875 0.0609375
1 0.53671875 0.80859375 0.025 0.1359375
1 1 0.809375 0.09453125 0.51875
1 1 0.81875 0.0796875 0.5125
1 1 0.8390625 0.0796875 0.484375
1 0.952734375 0.79296875 0.01171875 0.0640625
1 1 0.7609375 0.00703125 0.04375
2 1 0.76953125 0.01640625 0.0859375
5 0 0 0 0
5 0 0 0 0
5 0 0 0 0
5 0 0 0 0
5 0 0 0 0
