1 0.772265625 0.7984375 0.01171875 0.078125
1 0.795703125 0.79921875 0.01171875 0.0765625
1 0.78515625 0.809375 0.0171875 0.08125
1 1 0.82890625 0.0203125 0.1234375
1 1 0.8125 0.01484375 0.121875
3 1 0.840625 0.02890625 0.125
1 1 0.8546875 0.090625 0.440625
1 0.94765625 0.85859375 0.0609375 0.4359375
1 0.873828125 0.8828125 0.08203125 0.5125
1 0.727734375 0.8171875 0.05703125 0.3875
1 0.680859375 0.85234375 0.07421875 0.3265625
1 0.66015625 0.86484375 0.0671875 0.5671875
1 0.58515625 0.8375 0.0890625 0.478125
1 0.67265625 0.890625 0.0953125 0.5625
1 0.493359375 0.7984375 0.08203125 0.40625
1 0.49296875 0.83671875 0.0765625 0.3703125
1 0.530078125 0.865625 0.08984375 0.453125
1 1 0.85703125 0.07109375 0.4109375
1 0.4234375 0.8109375 0.05 0.325
1 0.320703125 0.84140625 0.08203125 0.4015625
1 0.1921875 0.86640625 0.0921875 0.4953125
1 0.095703125 0.88046875 0.10859375 0.5296875
1 0.0421875 0.8671875 0.0734375 0.671875
1 1 0.87109375 0.084375 0.5578125
1 1 0.89453125 0.11328125 0.5515625
1 1 0.8640625 0.04609375 0.540625
1 1 0.92421875 0.06484375 0.5453125
1 1 0.8703125 0.09921875 0.6625
0 0.81875 0.62734375 0.015625 0.0859375
