1 0.566796875 0.71796875 0.04609375 0.2234375
1 0.6390625 0.6578125 0.0234375 0.096875
1 0.655859375 0.73125 0.03671875 0.2
1 0.76328125 0.721875 0.0328125 0.159375
1 0.769921875 0.7234375 0.03359375 0.1625
1 0.8390625 0.72578125 0.0328125 0.1609375
1 0.983203125 0.70078125 0.02421875 0.1203125
1 0.95234375 0.70625 0.028125 0.146875
1 1 0.7015625 0.015625 0.075
1 1 0.696875 0.01015625 0.090625
1 1 0.70390625 0.00703125 0.0671875
1 1 0.7265625 0.03359375 0.1625
1 1 0.7171875 0.03515625 0.16875
1 1 0.69140625 0.01875 0.1015625
1 1 0.70234375 0.02109375 0.1203125
1 1 0.709375 0.01953125 0.10625
1 1 0.6703125 0.0078125 0.040625
1 1 0.70078125 0.02109375 0.1046875
1 1 0.73984375 0.0421875 0.2078125
1 1 0.77109375 0.0515625 0.2484375
1 1 0.78203125 0.0484375 0.2359375
1 1 0.71796875 0.02890625 0.1515625
1 1 0.71953125 0.02734375 0.1546875
1 1 0.71171875 0.03515625 0.1859375
1 1 0.71796875 0.03125 0.1703125
0 0.3234375 0.6390625 0.065625 0.084375
0 0.2078125 0.6359375 0.0625 0.09375
0 0.07265625 0.6046875 0.06875 0.075
0 1 0.57578125 0.0078125 0.0265625
0 1 0.71953125 0.02890625 0.0359375
