1 1 0.6796875 0.0109375 0.0875
1 1 0.66796875 0.028125 0.1265625
1 1 0.7 0.021875 0.153125
1 1 0.7 0.05 0.3
1 1 0.72734375 0.0328125 0.3328125
1 1 0.715625 0.06875 0.434375
1 1 0.8109375 0.01484375 0.065625
1 1 0.715625 0.040625 0.3625
1 1 0.73515625 0.0375 0.2578125
1 1 0.725 0.06328125 0.440625
1 0.96796875 0.68671875 0.0515625 0.2953125
4 0.4484375 0.6796875 0.0140625 0.25625
1 0.194140625 0.634375 0.04140625 0.15
1 0.30625 0.66171875 0.046875 0.2171875
1 1 0.9046875 0.02734375 0.075
1 1 0.73125 0.146875 0.709375
