1 1 0.68671875 0.078125 0.4890625
1 1 0.69296875 0.06640625 0.3578125
1 1 0.70234375 0.05078125 0.3703125
1 1 0.7078125 0.0796875 0.40625
1 0.266015625 0.7 0.03828125 0.1875
1 0.841015625 0.67734375 0.02890625 0.1796875
1 0.86796875 0.6796875 0.025 0.1625
1 0.93125 0.67265625 0.0359375 0.1734375
1 1 0.64765625 0.021875 0.1453125
1 0.928125 0.67421875 0.0359375 0.1734375
1 0.278515625 0.69296875 0.04296875 0.2078125
0 0.1234375 0.5046875 0.0078125 0.03125
0 0.540234375 0.70234375 0.01796875 0.0828125
0 1 0.61328125 0.01171875 0.0421875
0 1 0.62734375 0.009375 0.0328125
