1 1 0.6234375 0.01796875 0.046875
1 1 0.59375 0.0109375 0.109375
1 0.987890625 0.590625 0.01171875 0.0875
1 1 0.59453125 0.01953125 0.1078125
1 1 0.5875 0.01640625 0.121875
1 0.99765625 0.58984375 0.025 0.1203125
1 1 0.5796875 0.0171875 0.14375
1 1 0.58515625 0.01015625 0.1109375
1 1 0.553125 0.00546875 0.065625
1 1 0.575 0.02421875 0.153125
1 1 0.57265625 0.02421875 0.1578125
1 1 0.584375 0.0109375 0.10625
1 1 0.5765625 0.021875 0.10625
1 0.972265625 0.6 0.01796875 0.10625
1 0.9421875 0.59921875 0.015625 0.1078125
1 0.954296875 0.5953125 0.01796875 0.115625
1 0.92109375 0.60078125 0.0109375 0.1078125
1 0.9296875 0.60078125 0.0203125 0.1015625
1 0.88828125 0.62734375 0.0140625 0.0609375
1 0.909765625 0.59375 0.01953125 0.121875
1 0.89453125 0.59453125 0.0234375 0.1265625
1 0.85625 0.60234375 0.021875 0.1140625
1 0.86015625 0.596875 0.015625 0.128125
1 0.87421875 0.59375 0.0265625 0.140625
1 0.8296875 0.59921875 0.025 0.1296875
1 0.37265625 0.59296875 0.01875 0.0484375
1 0.647265625 0.62734375 0.02421875 0.1421875
1 0.6875 0.61953125 0.03125 0.1484375
2 0.39765625 0.62734375 0.03125 0.1234375
