1 1 0.55 0.00703125 0.046875
1 1 0.53671875 0.0078125 0.0296875
1 1 0.553125 0.009375 0.0625
1 1 0.57578125 0.0125 0.1203125
1 1 0.5484375 0.0078125 0.05625
1 1 0.58046875 0.02421875 0.1328125
1 1 0.54921875 0.0203125 0.0609375
1 1 0.5578125 0.01015625 0.090625
1 1 0.5796875 0.01953125 0.128125
1 1 0.58203125 0.04765625 0.2921875
1 1 0.58203125 0.03671875 0.1859375
1 1 0.5828125 0.03046875 0.165625
1 1 0.57421875 0.059375 0.3109375
1 0.748046875 0.57421875 0.04296875 0.2828125
1 0.761328125 0.59296875 0.04921875 0.2703125
1 0.55625 0.65390625 0.090625 0.4390625
1 0.4484375 0.6453125 0.090625 0.440625
0 0.905859375 0.10859375 0.02109375 0.0640625
0 0.925 0.0875 0.01875 0.03125
5 0 0 0 0
