1 0.977734375 0.528125 0.01015625 0.034375
1 0.554296875 0.5578125 0.01484375 0.05625
1 0.49140625 0.5671875 0.0234375 0.053125
1 0.5921875 0.565625 0.0140625 0.046875
1 0.54296875 0.56015625 0.0140625 0.0453125
1 0.473046875 0.57578125 0.01796875 0.0703125
1 0.4578125 0.5890625 0.0203125 0.075
4 0.577734375 0.55078125 0.01328125 0.0671875
1 0.169921875 0.6953125 0.03984375 0.321875
3 0.045703125 0.62421875 0.02421875 0.0609375
3 0.028125 0.6390625 0.015625 0.084375
1 0.0171875 0.70234375 0.0234375 0.2453125
1 0.08203125 0.66015625 0.0515625 0.2828125
1 0.141015625 0.7015625 0.06328125 0.35
1 0.284375 0.75390625 0.0921875 0.4484375
1 0.384375 0.73203125 0.084375 0.5453125
1 0.921875 0.5390625 0.0109375 0.05625
1 0.903125 0.54453125 0.009375 0.0484375
1 0.937890625 0.57578125 0.01171875 0.1140625
1 0.970703125 0.53671875 0.01015625 0.0359375
1 0.979296875 0.5640625 0.01015625 0.05
1 0.967578125 0.56171875 0.01640625 0.0890625
1 0.99453125 0.56875 0.0203125 0.103125
1 1 0.571875 0.00703125 0.06875
1 1 0.58515625 0.0203125 0.1328125
1 1 0.6265625 0.04296875 0.234375
1 0.946875 0.60390625 0.0296875 0.1859375
2 0.870703125 0.53203125 0.00546875 0.0296875
0 1 0.61484375 0.04609375 0.2765625
0 1 0.5734375 0.01875 0.178125
0 0.81640625 0.5265625 0.015625 0.028125
0 0.835546875 0.53203125 0.00859375 0.0234375
0 0.794921875 0.5328125 0.02109375 0.025
0 1 0.50234375 0.01796875 0.0453125
0 0.62578125 0.54765625 0.0453125 0.0359375
5 0 0 0 0
5 0 0 0 0
5 0 0 0 0
