1 0.29453125 0.60546875 0.0046875 0.0265625
3 1 0.575 0.01796875 0.040625
1 0.208984375 0.5828125 0.00703125 0.05625
1 0.03203125 0.578125 0.0296875 0.0875
4 0.0109375 0.58203125 0.0125 0.0734375
1 0.13359375 0.58671875 0.021875 0.1015625
1 0.19296875 0.58828125 0.0109375 0.0640625
1 0.202734375 0.5875 0.01171875 0.06875
1 0.21640625 0.5875 0.0109375 0.0625
1 0.225390625 0.59296875 0.00859375 0.0484375
1 0.2328125 0.58046875 0.0109375 0.0484375
1 0.240625 0.57265625 0.00625 0.0359375
1 0.246484375 0.6171875 0.04296875 0.115625
1 0.386328125 0.5875 0.01953125 0.1125
1 0.418359375 0.58984375 0.01953125 0.1140625
1 0.578125 0.65234375 0.0515625 0.2515625
1 0.56015625 0.6515625 0.040625 0.275
1 0.584765625 0.69609375 0.02578125 0.2046875
1 1 0.6484375 0.05 0.246875
1 1 0.6875 0.07109375 0.425
1 1 0.7 0.08046875 0.39375
1 1 0.70859375 0.07109375 0.3640625
1 1 0.5875 0.01328125 0.084375
1 1 0.584375 0.01640625 0.09375
1 0.316015625 0.609375 0.00234375 0.01875
