1 0.280078125 0.68359375 0.03203125 0.2203125
1 0.298046875 0.71484375 0.04140625 0.1640625
1 0.773828125 0.63515625 0.01171875 0.0390625
1 0.4078125 0.68046875 0.04375 0.2296875
1 0.47421875 0.6890625 0.034375 0.2
1 0.9546875 0.6296875 0.01875 0.1
1 0.9265625 0.5984375 0.0109375 0.025
1 1 0.6140625 0.025 0.2
2 0.83515625 0.64296875 0.021875 0.1015625
0 0.496875 0.4546875 0.0203125 0.0375
0 0.498046875 0.51328125 0.01640625 0.0359375
0 0.60625 0.27109375 0.028125 0.0609375
0 0.096484375 0.52578125 0.01015625 0.0296875
