1 0.700390625 0.68828125 0.00859375 0.0484375
1 0.692578125 0.690625 0.00390625 0.040625
1 0.715625 0.6921875 0.009375 0.046875
1 0.630078125 0.69453125 0.01015625 0.0609375
1 0.774609375 0.68984375 0.00703125 0.0390625
1 0.763671875 0.68671875 0.01484375 0.0703125
1 0.634765625 0.671875 0.02109375 0.15
1 0.646484375 0.68359375 0.02890625 0.1921875
1 0.523828125 0.740625 0.01328125 0.05625
1 0.50078125 0.67890625 0.034375 0.1921875
1 0.91171875 0.64921875 0.0359375 0.1890625
1 0.8453125 0.67734375 0.0421875 0.2046875
1 0.794140625 0.66796875 0.03984375 0.1921875
1 1 0.5765625 0.0203125 0.2625
1 1 0.58203125 0.05078125 0.2609375
1 1 0.63359375 0.03515625 0.1734375
1 1 0.62265625 0.03828125 0.2109375
1 0.6765625 0.68046875 0.04375 0.2140625
1 0.33828125 0.6890625 0.028125 0.19375
1 0.42578125 0.69453125 0.0578125 0.3203125
1 0.388671875 0.71015625 0.05078125 0.2734375
1 0.359375 0.728125 0.0671875 0.328125
1 0.294140625 0.71796875 0.06640625 0.3328125
1 0.098828125 0.67734375 0.02578125 0.1328125
2 0.54140625 0.68125 0.0484375 0.2375
0 0.721484375 0.45390625 0.01640625 0.0328125
0 1 0.5296875 0.025 0.128125
0 1 0.46953125 0.0328125 0.0828125
0 0.881640625 0.26640625 0.03203125 0.1453125
0 0.172265625 0.625 0.01640625 0.053125
0 0.465234375 0.71171875 0.02109375 0.0796875
