1 0.7375 0.64140625 0.00625 0.0296875
1 0.753515625 0.64375 0.00546875 0.028125
1 0.93984375 0.63359375 0.0109375 0.0578125
1 1 0.675 0.0453125 0.25
1 1 0.671875 0.046875 0.284375
1 1 0.63203125 0.0546875 0.2265625
3 0.225390625 0.5921875 0.01015625 0.0125
3 0.2390625 0.590625 0.0125 0.01875
3 0.255859375 0.590625 0.01328125 0.01875
3 0.265625 0.59375 0.00625 0.0125
1 0.280859375 0.590625 0.01171875 0.025
1 0.29296875 0.59140625 0.009375 0.0203125
1 0.29921875 0.59140625 0.00625 0.0203125
1 0.32421875 0.5953125 0.009375 0.0125
1 0.346484375 0.59375 0.00703125 0.01875
1 0.408984375 0.596875 0.01015625 0.021875
1 0.47890625 0.596875 0.0109375 0.021875
1 0.491796875 0.59375 0.01015625 0.03125
1 0.5046875 0.5890625 0.0140625 0.0375
1 0.529296875 0.59453125 0.00859375 0.0265625
4 0.59765625 0.5921875 0.009375 0.028125
1 0.5984375 0.5984375 0.009375 0.025
1 0.64375 0.60625 0.0078125 0.025
1 0.6625 0.62109375 0.0125 0.0640625
1 0.697265625 0.6265625 0.00859375 0.053125
