1 1 0.68828125 0.00625 0.0609375
1 1 0.6875 0.00859375 0.059375
1 1 0.67578125 0.0078125 0.0796875
1 1 0.68828125 0.01484375 0.0828125
1 1 0.66875 0.02265625 0.08125
1 1 0.6890625 0.0234375 0.16875
1 1 0.6890625 0.03203125 0.175
1 0.9765625 0.68515625 0.0453125 0.2703125
1 0.938671875 0.69296875 0.04921875 0.2484375
1 0.1375 0.75703125 0.1765625 0.8578125
1 0.3015625 0.771875 0.15 0.903125
1 1 0.62265625 0.02265625 0.3296875
1 1 0.6890625 0.08125 0.4625
0 0.52578125 0.49765625 0.0328125 0.4046875
0 1 0.63359375 0.00703125 0.0078125
0 1 0.6296875 0.00625 0.009375
0 1 0.64609375 0.003125 0.0078125
