1 0.77734375 0.665625 0.009375 0.084375
1 0.762109375 0.671875 0.00703125 0.05625
1 0.745703125 0.66328125 0.00859375 0.0671875
1 0.73671875 0.66484375 0.0140625 0.0921875
1 0.753125 0.67265625 0.015625 0.0796875
1 0.720703125 0.675 0.02265625 0.128125
1 0.690625 0.6671875 0.025 0.140625
1 0.656640625 0.6296875 0.02109375 0.034375
1 0.59140625 0.6390625 0.0265625 0.10625
1 0.550390625 0.5984375 0.01484375 0.053125
1 0.533984375 0.6609375 0.03515625 0.16875
1 0.565625 0.6390625 0.0359375 0.14375
1 0.18125 0.68671875 0.04375 0.3328125
1 0.221875 0.68515625 0.0796875 0.3859375
1 0.802734375 0.671875 0.00703125 0.03125
1 0.812109375 0.6734375 0.00546875 0.03125
1 0.858984375 0.67109375 0.00703125 0.0453125
1 0.8671875 0.6703125 0.00625 0.040625
1 0.88046875 0.6703125 0.0078125 0.046875
1 0.88515625 0.6734375 0.0078125 0.04375
1 0.89140625 0.67109375 0.009375 0.0515625
1 0.91484375 0.6640625 0.015625 0.084375
1 0.9234375 0.6609375 0.0109375 0.065625
1 0.936328125 0.66328125 0.01171875 0.0734375
1 0.946875 0.6609375 0.009375 0.046875
1 0.956640625 0.64453125 0.01171875 0.0265625
1 1 0.6640625 0.009375 0.090625
1 0.995703125 0.659375 0.01171875 0.10625
1 1 0.66328125 0.0109375 0.0953125
1 0.987109375 0.66328125 0.01640625 0.1453125
1 0.975390625 0.66953125 0.02578125 0.1359375
1 1 0.67578125 0.02265625 0.1296875
1 1 0.71171875 0.06015625 0.3578125
1 1 0.60546875 0.01015625 0.0328125
1 1 0.675 0.0234375 0.159375
1 1 0.6890625 0.02890625 0.165625
1 1 0.69765625 0.040625 0.2390625
1 1 0.721875 0.06796875 0.403125
1 1 0.7265625 0.07734375 0.390625
1 1 0.7375 0.08046875 0.428125
1 0.124609375 0.690625 0.06328125 0.31875
1 0.78515625 0.665625 0.0171875 0.084375
3 1 0.7921875 0.059375 0.14375
0 0.6453125 0.52421875 0.003125 0.0234375
0 0.36328125 0.6484375 0.021875 0.1125
0 0.32109375 0.64921875 0.015625 0.0890625
5 0 0 0 0
5 0 0 0 0
