1 0.678125 0.671875 0.0171875 0.1125
1 0.501171875 0.659375 0.02890625 0.146875
1 0.633984375 0.646875 0.02578125 0.08125
1 0.451171875 0.68515625 0.04296875 0.2078125
1 0.694140625 0.67109375 0.02109375 0.1203125
2 1 0.6984375 0.090625 0.44375
0 1 0.6046875 0.00390625 0.015625
0 0.263671875 0.640625 0.00703125 0.021875
0 0.274609375 0.64296875 0.00703125 0.0171875
0 0.225 0.6421875 0.009375 0.021875
0 0.134375 0.646875 0.0109375 0.021875
0 0.096875 0.64609375 0.009375 0.0265625
0 0.0734375 0.64609375 0.009375 0.0203125
0 1 0.7734375 0.05078125 0.13125
5 0 0 0 0
