1 0.474609375 0.69375 0.01796875 0.096875
1 0.546484375 0.69375 0.01328125 0.0875
1 0.617578125 0.6984375 0.01953125 0.1
1 0.840234375 0.67890625 0.00546875 0.0703125
1 0.834375 0.66171875 0.0109375 0.0390625
1 0.844921875 0.678125 0.01328125 0.090625
1 0.819140625 0.68828125 0.01015625 0.0703125
1 0.80390625 0.6671875 0.015625 0.05
1 1 0.67109375 0.03046875 0.1203125
1 1 0.65 0.034375 0.165625
1 1 0.696875 0.09296875 0.453125
1 1 0.68203125 0.03203125 0.3265625
1 1 0.671875 0.0671875 0.375
1 0.680859375 0.66875 0.06640625 0.325
2 0.098046875 0.66953125 0.03515625 0.1796875
0 0.03203125 0.484375 0.0109375 0.034375
1 0.601171875 0.69609375 0.01953125 0.1015625
5 0 0 0 0
