1 1 0.665625 0.02265625 0.115625
1 1 0.64453125 0.02265625 0.0796875
1 1 0.6078125 0.025 0.10625
1 1 0.66328125 0.03203125 0.2359375
1 0.978515625 0.66171875 0.01328125 0.0828125
1 0.96953125 0.66171875 0.0140625 0.0859375
1 0.1453125 0.68203125 0.0296875 0.2078125
1 0.778515625 0.69609375 0.03359375 0.2015625
1 0.75859375 0.6921875 0.034375 0.2125
1 0.515234375 0.68984375 0.04921875 0.2828125
1 0.443359375 0.68203125 0.04765625 0.3359375
2 0.078125 0.6265625 0.0453125 0.196875
4 0.01015625 0.634375 0.0109375 0.109375
