1 0.530859375 0.6515625 0.02265625 0.0375
1 0.5625 0.64609375 0.0171875 0.0453125
4 0.6296875 0.71875 0.0265625 0.075
1 0.961328125 0.7109375 0.01640625 0.075
1 0.94609375 0.70859375 0.0140625 0.0765625
1 0.826171875 0.7125 0.01015625 0.053125
1 0.8578125 0.70859375 0.0140625 0.0671875
1 0.8375 0.71015625 0.0140625 0.0671875
1 0.7875 0.71796875 0.0109375 0.0515625
1 0.68671875 0.69609375 0.0265625 0.1421875
3 1 0.7109375 0.03359375 0.084375
1 0.387890625 0.68515625 0.07265625 0.4109375
1 1 0.69296875 0.0265625 0.1390625
1 1 0.6953125 0.028125 0.134375
1 1 0.68203125 0.03046875 0.1515625
1 1 0.67109375 0.0359375 0.2265625
1 1 0.678125 0.03203125 0.31875
1 1 0.6796875 0.0375 0.334375
1 1 0.68125 0.03515625 0.35
1 1 0.7015625 0.0703125 0.34375
1 1 0.68359375 0.078125 0.3828125
2 0.9296875 0.69375 0.0171875 0.078125
0 1 0.70859375 0.02265625 0.0765625
5 0 0 0 0
5 0 0 0 0
5 0 0 0 0
5 0 0 0 0
5 0 0 0 0
5 0 0 0 0
5 0 0 0 0
5 0 0 0 0
5 0 0 0 0
5 0 0 0 0
5 0 0 0 0
5 0 0 0 0
5 0 0 0 0
