1 0.8078125 0.64921875 0.00625 0.0390625
1 0.81640625 0.65234375 0.009375 0.0453125
1 0.894140625 0.6484375 0.00390625 0.053125
1 0.90625 0.64765625 0.0078125 0.0609375
1 0.9515625 0.65546875 0.015625 0.0828125
1 0.986328125 0.6265625 0.01171875 0.040625
1 1 0.5828125 0.01484375 0.034375
1 1 0.64140625 0.04140625 0.2015625
1 0.608203125 0.6640625 0.00859375 0.05625
3 0.473828125 0.6953125 0.02109375 0.046875
1 0.4453125 0.69609375 0.01875 0.1015625
1 0.425390625 0.69921875 0.01484375 0.1046875
2 0.7765625 0.64921875 0.0078125 0.0359375
2 0.753515625 0.646875 0.00703125 0.034375
5 0 0 0 0
