3 0.05703125 0.6953125 0.03125 0.071875
3 0.0859375 0.721875 0.0359375 0.128125
1 0.10859375 0.678125 0.0375 0.146875
3 0.03515625 0.73671875 0.034375 0.1671875
3 0.035546875 0.740625 0.06171875 0.15625
3 0.238671875 0.7328125 0.02109375 0.165625
3 0.280859375 0.7390625 0.04921875 0.190625
1 0.2078125 0.7234375 0.0578125 0.3375
1 0.175390625 0.73359375 0.06796875 0.3296875
1 0.9 0.60390625 0.00625 0.0328125
1 0.885546875 0.60703125 0.00390625 0.0265625
1 0.890625 0.6421875 0.009375 0.0625
1 0.89609375 0.64453125 0.0140625 0.0671875
1 0.92890625 0.65234375 0.0125 0.0953125
1 0.94765625 0.6234375 0.00625 0.021875
1 0.969140625 0.64140625 0.01953125 0.0984375
1 0.9546875 0.66640625 0.01875 0.0953125
1 0.939453125 0.66015625 0.02265625 0.1078125
1 0.912109375 0.65390625 0.02421875 0.1265625
1 0.875 0.6796875 0.0296875 0.175
1 0.990234375 0.6421875 0.01015625 0.071875
1 0.9984375 0.6515625 0.015625 0.115625
1 1 0.67734375 0.02734375 0.1390625
3 1 0.703125 0.07265625 0.19375
0 0.309375 0.38359375 0.0203125 0.0453125
0 0.645703125 0.640625 0.01796875 0.0625
0 0.725 0.63515625 0.0140625 0.0484375
0 0.822265625 0.6125 0.00703125 0.0375
5 0 0 0 0
5 0 0 0 0
5 0 0 0 0
