1 0.730078125 0.5546875 0.00859375 0.05
1 0.83671875 0.5578125 0.0125 0.075
1 0.844921875 0.55546875 0.00859375 0.0796875
1 0.8609375 0.5546875 0.0109375 0.065625
1 0.851953125 0.55859375 0.01171875 0.0734375
1 0.953515625 0.55703125 0.01484375 0.0890625
1 0.97109375 0.61484375 0.04375 0.2734375
1 1 0.63125 0.0453125 0.2625
1 1 0.63671875 0.03046875 0.2421875
1 1 0.6203125 0.05859375 0.3
1 1 0.6234375 0.021875 0.24375
1 1 0.6296875 0.0484375 0.28125
1 1 0.62265625 0.05234375 0.2921875
1 1 0.61875 0.04296875 0.265625
1 1 0.6265625 0.0421875 0.25625
1 1 0.6234375 0.09140625 0.44375
2 0.755859375 0.55546875 0.01171875 0.0671875
5 0 0 0 0
