1 1 0.60078125 0.0125 0.0984375
1 0.447265625 0.6234375 0.01640625 0.10625
1 0.4203125 0.58046875 0.0125 0.0296875
1 0.5109375 0.60390625 0.0171875 0.0765625
1 0.476171875 0.62734375 0.02109375 0.1015625
1 0.418359375 0.628125 0.01953125 0.096875
1 0.615625 0.58984375 0.0078125 0.0484375
1 0.43359375 0.62421875 0.0203125 0.1015625
4 0.39609375 0.584375 0.021875 0.05625
1 0.64765625 0.64453125 0.0171875 0.1390625
1 0.3765625 0.70859375 0.0625 0.3453125
1 0.244921875 0.684375 0.06484375 0.31875
1 0.57109375 0.64375 0.0234375 0.1875
1 0.604296875 0.63359375 0.02265625 0.1640625
1 0.5953125 0.6421875 0.0265625 0.146875
3 1 0.5828125 0.009375 0.046875
1 0.5578125 0.653125 0.028125 0.165625
1 0.878515625 0.63984375 0.01328125 0.0703125
1 0.881640625 0.653125 0.01015625 0.0625
1 0.8984375 0.64375 0.015625 0.071875
1 0.8890625 0.64375 0.0125 0.071875
1 0.9421875 0.65 0.0234375 0.171875
1 0.92421875 0.6609375 0.0359375 0.20625
1 0.96875 0.66015625 0.0390625 0.2015625
1 1 0.64453125 0.0203125 0.1953125
1 1 0.65234375 0.040625 0.2140625
1 1 0.65 0.0328125 0.19375
1 1 0.5953125 0.02578125 0.084375
1 1 0.584375 0.04140625 0.09375
1 1 0.5609375 0.01640625 0.0875
1 1 0.6234375 0.0296875 0.09375
1 1 0.584375 0.02109375 0.06875
1 1 0.60390625 0.0171875 0.0859375
1 1 0.5921875 0.03203125 0.09375
1 0.664453125 0.64453125 0.02578125 0.1453125
2 0.62734375 0.64296875 0.0375 0.1828125
0 1 0.6453125 0.028125 0.23125
0 1 0.63359375 0.0171875 0.2265625
0 0.070703125 0.65078125 0.02890625 0.1953125
0 0.135546875 0.61640625 0.02890625 0.1234375
0 0.698046875 0.571875 0.00859375 0.0125
5 0 0 0 0
5 0 0 0 0
