1 0.64921875 0.65859375 0.0125 0.0828125
1 0.662109375 0.659375 0.01640625 0.0875
1 0.721875 0.62265625 0.0078125 0.0171875
1 0.71640625 0.6609375 0.009375 0.078125
1 0.729296875 0.62890625 0.00546875 0.0140625
1 0.73515625 0.65546875 0.0125 0.0828125
1 0.744140625 0.653125 0.01328125 0.08125
1 0.750390625 0.6546875 0.01640625 0.084375
1 1 0.6875 0.01484375 0.228125
1 0.725390625 0.6640625 0.01640625 0.09375
1 1 0.6015625 0.02421875 0.059375
1 1 0.759375 0.01015625 0.0625
1 0.896484375 0.66171875 0.01171875 0.0640625
1 0.91015625 0.66328125 0.015625 0.0921875
1 0.928515625 0.65703125 0.01328125 0.0703125
1 0.941015625 0.6375 0.00859375 0.025
1 1 0.68203125 0.01953125 0.2328125
1 0.949609375 0.63203125 0.01328125 0.0390625
1 0.96328125 0.6609375 0.015625 0.09375
1 0.987109375 0.67421875 0.02890625 0.1484375
1 1 0.6921875 0.02890625 0.228125
1 1 0.69765625 0.05390625 0.2609375
1 1 0.68984375 0.028125 0.2421875
1 1 0.6859375 0.0234375 0.259375
1 1 0.6765625 0.04921875 0.2875
1 1 0.69296875 0.025 0.2296875
1 1 0.696875 0.03828125 0.246875
1 1 0.68203125 0.0546875 0.2640625
1 1 0.68359375 0.0546875 0.2828125
1 0.502734375 0.62734375 0.02578125 0.1046875
1 0.549609375 0.63359375 0.02421875 0.0890625
1 0.6546875 0.65703125 0.00625 0.0796875
0 0.137109375 0.64765625 0.03515625 0.1859375
0 0.27578125 0.6515625 0.015625 0.15625
0 0.4109375 0.6359375 0.03125 0.184375
0 0.44453125 0.596875 0.0328125 0.115625
0 0.504296875 0.459375 0.00859375 0.04375
0 1 0.68125 0.0125 0.23125
0 1 0.6859375 0.01640625 0.215625
5 0 0 0 0
