1 0.72265625 0.6796875 0.009375 0.04375
1 0.69140625 0.67578125 0.0109375 0.0546875
1 0.483984375 0.6984375 0.01484375 0.0875
1 0.328515625 0.7109375 0.02578125 0.125
1 0.873828125 0.67578125 0.01015625 0.0453125
1 1 0.65859375 0.015625 0.0671875
1 1 0.67265625 0.021875 0.1265625
1 1 0.6671875 0.0203125 0.128125
1 1 0.678125 0.028125 0.153125
1 1 0.69296875 0.04296875 0.2078125
1 1 0.68828125 0.0671875 0.3921875
1 1 0.7328125 0.0859375 0.4375
0 0.3609375 0.678125 0.0109375 0.071875
0 0.7484375 0.61640625 0.0140625 0.0203125
5 0 0 0 0
5 0 0 0 0
5 0 0 0 0
5 0 0 0 0
