3 0.98125 0.7125 0.0109375 0.021875
1 0.84921875 0.66640625 0.0046875 0.0203125
1 0.853125 0.66953125 0.0046875 0.0234375
1 0.872265625 0.6828125 0.00546875 0.021875
1 0.87890625 0.6828125 0.00625 0.025
1 0.88515625 0.7109375 0.0078125 0.05
1 0.893359375 0.68046875 0.00546875 0.0296875
1 0.8984375 0.71328125 0.0109375 0.0640625
1 0.912890625 0.69765625 0.00703125 0.0296875
1 0.916796875 0.7234375 0.00859375 0.046875
1 0.9640625 0.71875 0.0125 0.059375
1 0.999609375 0.70859375 0.01171875 0.0828125
1 1 0.7125 0.0140625 0.09375
1 1 0.7109375 0.01015625 0.08125
1 1 0.709375 0.0171875 0.096875
1 1 0.70859375 0.0203125 0.1046875
1 1 0.72265625 0.01015625 0.0703125
1 1 0.71171875 0.01640625 0.0921875
1 1 0.7171875 0.00703125 0.0875
1 1 0.68203125 0.0375 0.1921875
1 1 0.69140625 0.02578125 0.1734375
1 1 0.6921875 0.03671875 0.178125
1 1 0.68125 0.0359375 0.240625
1 1 0.684375 0.04296875 0.225
1 1 0.678125 0.0375 0.23125
1 1 0.70546875 0.053125 0.2703125
1 0.809375 0.6734375 0.0046875 0.025
1 0.763671875 0.70234375 0.00859375 0.0453125
1 0.69296875 0.71484375 0.00625 0.0484375
1 0.66953125 0.70859375 0.0109375 0.0734375
1 0.678515625 0.70703125 0.01484375 0.0859375
1 0.6609375 0.7046875 0.015625 0.08125
1 0.653125 0.7 0.015625 0.1
1 0.63125 0.703125 0.015625 0.090625
1 0.603515625 0.7046875 0.01171875 0.08125
1 0.38515625 0.69609375 0.03125 0.1953125
1 0.28828125 0.7046875 0.0265625 0.190625
1 0.36015625 0.67890625 0.0484375 0.2546875
1 0.312890625 0.671875 0.03828125 0.25
1 0.277734375 0.60078125 0.02109375 0.0859375
1 0.260546875 0.70234375 0.06171875 0.3671875
1 0.1875 0.68359375 0.0640625 0.3796875
1 0.124609375 0.6859375 0.05703125 0.3625
1 0.06328125 0.78671875 0.115625 0.5828125
1 1 0.68984375 0.059375 0.3109375
1 0.326171875 0.66875 0.06171875 0.3
1 0.610546875 0.70859375 0.01171875 0.0734375
1 0.909765625 0.72578125 0.00703125 0.0453125
2 0.947265625 0.6828125 0.02421875 0.096875
0 1 0.70859375 0.0203125 0.0359375
