1 0.99453125 0.65703125 0.0421875 0.2734375
1 1 0.6578125 0.040625 0.275
1 0.793359375 0.63984375 0.01015625 0.0671875
1 0.82421875 0.6390625 0.0125 0.109375
1 0.810546875 0.63828125 0.02578125 0.1265625
1 0.77734375 0.64453125 0.025 0.1203125
1 0.83828125 0.63359375 0.0203125 0.1296875
1 0.8546875 0.6390625 0.0265625 0.14375
1 0.8828125 0.64140625 0.028125 0.1578125
1 0.74296875 0.63671875 0.0140625 0.0859375
1 0.669140625 0.628125 0.01328125 0.078125
1 0.666015625 0.640625 0.01484375 0.09375
1 0.653515625 0.63828125 0.01640625 0.1015625
1 0.64140625 0.61328125 0.0140625 0.0515625
1 0.559765625 0.65625 0.01484375 0.121875
1 0.633984375 0.6125 0.00859375 0.04375
1 0.57421875 0.64140625 0.01875 0.1796875
1 0.619921875 0.640625 0.02890625 0.1875
1 0.5953125 0.6578125 0.0515625 0.25625
1 0.546484375 0.65 0.02578125 0.234375
1 0.497265625 0.6359375 0.03046875 0.2625
1 0.524609375 0.640625 0.05234375 0.26875
0 1 0.6140625 0.0609375 0.1625
0 1 0.6359375 0.06796875 0.121875
0 0.429296875 0.60234375 0.03046875 0.2015625
0 0.384765625 0.63046875 0.04296875 0.1859375
0 0.61640625 0.4984375 0.0046875 0.021875
