1 0.675390625 0.61953125 0.01171875 0.0546875
1 0.66171875 0.621875 0.009375 0.05
1 0.6984375 0.63203125 0.0046875 0.0296875
1 0.739453125 0.61875 0.00859375 0.04375
1 0.819921875 0.61171875 0.01484375 0.0515625
1 0.840625 0.615625 0.0078125 0.040625
4 0.851171875 0.63203125 0.00078125 0.0015625
1 0.863671875 0.61328125 0.01640625 0.0484375
1 0.99375 0.6015625 0.0078125 0.04375
1 1 0.58125 0.01171875 0.021875
1 1 0.59453125 0.0140625 0.0640625
1 1 0.634375 0.0359375 0.171875
1 1 0.63671875 0.0390625 0.1890625
3 1 0.59921875 0.0125 0.0515625
1 0.9296875 0.6421875 0.0171875 0.1125
1 0.758984375 0.65859375 0.01640625 0.1078125
1 0.723828125 0.65625 0.01796875 0.11875
1 0.709375 0.66484375 0.021875 0.1078125
3 0.525390625 0.6484375 0.02109375 0.065625
1 0.619921875 0.6375 0.01328125 0.075
1 0.433203125 0.63984375 0.01640625 0.0578125
1 0.3953125 0.66796875 0.0234375 0.1546875
1 0.20625 0.696875 0.028125 0.19375
1 0.2328125 0.69453125 0.040625 0.1984375
1 0.9640625 0.63359375 0.0125 0.0828125
0 0.63828125 0.6296875 0.009375 0.0625
5 0 0 0 0
5 0 0 0 0
5 0 0 0 0
5 0 0 0 0
