4 0.56015625 0.621875 0.0109375 0.021875
1 0.080078125 0.63203125 0.01015625 0.0390625
1 0.088671875 0.63046875 0.01171875 0.0421875
1 0.112109375 0.6234375 0.01015625 0.05625
1 0.150390625 0.62421875 0.01484375 0.0515625
1 0.233203125 0.61875 0.01484375 0.059375
3 0.38671875 0.62421875 0.00625 0.0296875
1 0.407421875 0.61875 0.00859375 0.0375
1 0.41796875 0.6203125 0.009375 0.034375
1 0.45078125 0.62265625 0.009375 0.0296875
1 0.578515625 0.60546875 0.01484375 0.0609375
3 0.533984375 0.6234375 0.01328125 0.021875
3 0.54921875 0.6265625 0.009375 0.015625
1 0.59453125 0.5984375 0.015625 0.053125
1 0.628515625 0.60703125 0.01484375 0.0671875
1 0.67734375 0.59140625 0.009375 0.0265625
4 0.68515625 0.58828125 0.015625 0.0265625
1 1 0.53828125 0.0140625 0.0234375
1 1 0.546875 0.01484375 0.040625
1 1 0.5203125 0.03203125 0.059375
1 0.43984375 0.6234375 0.021875 0.125
1 0.468359375 0.62265625 0.02265625 0.1234375
1 0.2703125 0.64296875 0.05 0.2421875
1 0.6734375 0.621875 0.0109375 0.071875
0 0.92578125 0.59140625 0.0296875 0.0484375
0 0.80859375 0.57890625 0.0375 0.0515625
5 0 0 0 0
5 0 0 0 0
