1 0.880859375 0.609375 0.01015625 0.071875
1 0.89765625 0.603125 0.01875 0.115625
1 0.95078125 0.5984375 0.0140625 0.071875
1 0.978515625 0.60234375 0.01171875 0.0890625
1 0.966015625 0.6109375 0.02265625 0.115625
1 0.990625 0.609375 0.0234375 0.1125
1 1 0.6234375 0.0171875 0.14375
1 1 0.62578125 0.0359375 0.2390625
1 1 0.63203125 0.02734375 0.1609375
1 1 0.63984375 0.0390625 0.2078125
1 1 0.603125 0.02421875 0.203125
1 1 0.61328125 0.03984375 0.1984375
1 1 0.634375 0.0609375 0.321875
1 1 0.6265625 0.04140625 0.29375
1 1 0.63046875 0.0578125 0.3109375
0 0.683984375 0.5625 0.03046875 0.025
0 0.76875 0.6 0.0109375 0.04375
0 0.750390625 0.5984375 0.01328125 0.0375
5 0 0 0 0
