1 1 0.5921875 0.0078125 0.021875
1 1 0.6125 0.0109375 0.046875
1 1 0.634375 0.015625 0.09375
1 0.98515625 0.63125 0.0109375 0.1
1 0.97734375 0.634375 0.01875 0.1125
1 0.997265625 0.63359375 0.01953125 0.1109375
1 1 0.6265625 0.009375 0.096875
1 1 0.62421875 0.01171875 0.1109375
1 1 0.62734375 0.02421875 0.1296875
1 1 0.6390625 0.01484375 0.090625
1 1 0.63671875 0.02109375 0.1109375
1 0.940625 0.6328125 0.0140625 0.096875
1 0.587109375 0.696875 0.13984375 0.771875
1 0.899609375 0.76328125 0.12734375 0.6421875
1 1 0.7109375 0.11953125 0.60625
1 0.59296875 0.75546875 0.115625 0.6984375
2 0.96171875 0.63125 0.0203125 0.09375
2 1 0.60859375 0.0328125 0.2015625
0 0.68671875 0.3296875 0.0203125 0.046875
0 1 0.4484375 0.01171875 0.028125
