1 0.236328125 0.628125 0.01328125 0.071875
1 0.45 0.6234375 0.0125 0.13125
1 0.395703125 0.6484375 0.01640625 0.103125
1 0.37421875 0.66875 0.0484375 0.234375
1 0.53828125 0.61171875 0.03125 0.1328125
1 0.512109375 0.69921875 0.06328125 0.3328125
1 0.7640625 0.67734375 0.0390625 0.2296875
1 0.7890625 0.68671875 0.046875 0.2546875
1 0.869921875 0.66640625 0.04140625 0.2015625
1 0.83828125 0.66328125 0.04375 0.2140625
1 1 0.67265625 0.03828125 0.2046875
1 0.936328125 0.7 0.03671875 0.178125
1 1 0.65859375 0.05390625 0.2640625
1 1 0.66015625 0.05234375 0.4234375
1 1 0.65703125 0.08515625 0.4171875
1 1 0.71796875 0.05546875 0.8328125
2 0.20078125 0.68671875 0.05625 0.2734375
0 0.313671875 0.6453125 0.01328125 0.028125
