1 0.687890625 0.625 0.00546875 0.01875
1 1 0.684375 0.0109375 0.06875
1 1 0.68515625 0.0125 0.0609375
1 0.1 0.6203125 0.028125 0.11875
1 0.142578125 0.6 0.01484375 0.053125
1 0.3265625 0.6921875 0.0375 0.19375
1 0.348828125 0.69765625 0.04140625 0.1984375
1 0.680078125 0.65234375 0.01328125 0.0859375
1 0.305078125 0.7203125 0.03046875 0.146875
1 0.7796875 0.68125 0.0203125 0.1125
1 0.76171875 0.67109375 0.015625 0.1109375
1 0.757421875 0.6703125 0.00546875 0.06875
1 1 0.68203125 0.015625 0.1015625
1 1 0.67890625 0.02265625 0.1109375
1 1 0.67890625 0.0171875 0.1171875
1 1 0.675 0.0171875 0.128125
1 1 0.67890625 0.0203125 0.0671875
1 1 0.6484375 0.00546875 0.046875
1 1 0.6515625 0.01171875 0.0625
1 1 0.69453125 0.01484375 0.1015625
1 1 0.6921875 0.01640625 0.1
1 1 0.70234375 0.07734375 0.4109375
1 0.9015625 0.678125 0.025 0.121875
1 0.518359375 0.6703125 0.02734375 0.240625
1 0.49375 0.66640625 0.0375 0.2671875
1 0.69140625 0.67734375 0.021875 0.1234375
2 0.96640625 0.6734375 0.0171875 0.084375
