1 0.275 0.678125 0.01875 0.14375
1 0.29921875 0.67421875 0.03125 0.1703125
1 0.3375 0.67734375 0.021875 0.1640625
1 0.35234375 0.66953125 0.0328125 0.1796875
1 0.403515625 0.69375 0.05546875 0.36875
1 0.44296875 0.66875 0.0234375 0.146875
1 0.463671875 0.67265625 0.01953125 0.1359375
1 0.4890625 0.70703125 0.0625 0.3046875
1 0.7984375 0.69921875 0.0265625 0.2390625
1 0.766796875 0.6890625 0.05234375 0.309375
1 0.8203125 0.6609375 0.040625 0.325
1 0.812890625 0.72578125 0.03984375 0.2359375
1 0.849609375 0.7 0.06328125 0.346875
1 0.916796875 0.69140625 0.06796875 0.3546875
1 1 0.7671875 0.08359375 1
0 1 0.5984375 0.0453125 0.11875
0 1 0.653125 0.059375 0.296875
0 1 0.6359375 0.0515625 0.378125
0 0.210546875 0.64765625 0.02421875 0.1109375
