3 0.86953125 0.69765625 0.0109375 0.0390625
1 0.887890625 0.68671875 0.01640625 0.0921875
1 0.834375 0.68984375 0.0078125 0.0515625
1 0.915625 0.6796875 0.0125 0.090625
1 0.906640625 0.68203125 0.01953125 0.1015625
3 0.5734375 0.6515625 0.0140625 0.040625
1 0.58359375 0.65625 0.0125 0.05
1 0.619140625 0.6546875 0.01171875 0.05625
1 0.63984375 0.665625 0.009375 0.04375
1 0.7234375 0.66953125 0.0125 0.0828125
1 1 0.71171875 0.0234375 0.2203125
3 1 0.74375 0.0515625 0.178125
1 0.204296875 0.67421875 0.05546875 0.4859375
1 0.09453125 0.86640625 0.0203125 0.0921875
1 0.17734375 0.78203125 0.06875 0.6796875
1 0.3421875 0.70625 0.059375 0.453125
1 0.39765625 0.703125 0.1078125 0.525
1 0.2828125 0.73203125 0.096875 0.4984375
1 0.138671875 0.78984375 0.09296875 0.9578125
0 0.85546875 0.57265625 0.0109375 0.0171875
0 0.736328125 0.64453125 0.01328125 0.0453125
0 0.6578125 0.64765625 0.0171875 0.0703125
0 1 0.72421875 0.01640625 0.1921875
0 1 0.6859375 0.02578125 0.115625
0 0.939453125 0.4703125 0.01796875 0.08125
