1 0.028515625 0.59375 0.01640625 0.078125
1 0.012109375 0.59140625 0.01328125 0.0859375
1 0.780859375 0.5984375 0.01640625 0.059375
1 0.762109375 0.5984375 0.02578125 0.084375
1 0.849609375 0.6 0.03046875 0.09375
1 0.8859375 0.59453125 0.021875 0.0765625
1 0.928515625 0.59296875 0.01796875 0.0609375
1 0.915234375 0.5890625 0.03515625 0.0875
1 0.951953125 0.59765625 0.01640625 0.0546875
1 0.9640625 0.6046875 0.0171875 0.075
1 1 0.63046875 0.04296875 0.1390625
1 1 0.68046875 0.03515625 0.1765625
1 0.080859375 0.6421875 0.07265625 0.403125
1 0.14375 0.63046875 0.0765625 0.4109375
2 1 0.61796875 0.0328125 0.2328125
