1 1 0.559375 0.00859375 0.015625
1 1 0.60078125 0.0125 0.1140625
1 1 0.61015625 0.0203125 0.1140625
1 1 0.58125 0.0046875 0.0125
1 1 0.6140625 0.01953125 0.096875
1 1 0.60703125 0.0125 0.1109375
1 1 0.61328125 0.01875 0.1078125
1 1 0.61015625 0.01640625 0.1171875
1 1 0.60546875 0.02734375 0.1296875
1 1 0.6140625 0.0109375 0.09375
1 1 0.61640625 0.0171875 0.0984375
1 1 0.6171875 0.0203125 0.1
1 1 0.61015625 0.01640625 0.0859375
1 1 0.609375 0.02109375 0.071875
1 1 0.6078125 0.02109375 0.05
1 1 0.62109375 0.01953125 0.1078125
1 1 0.6234375 0.02109375 0.10625
1 0.87265625 0.671875 0.053125 0.275
1 0.779296875 0.6640625 0.04453125 0.275
1 0.758203125 0.6671875 0.04765625 0.303125
1 0.594140625 0.6609375 0.06640625 0.325
1 0.3265625 0.67890625 0.0453125 0.2234375
1 0.21328125 0.6546875 0.03125 0.165625
1 0.18671875 0.6671875 0.0296875 0.15
1 0.14921875 0.6640625 0.0203125 0.153125
1 0.137109375 0.66796875 0.03046875 0.1484375
2 1 0.63046875 0.06171875 0.3015625
0 0.630078125 0.34453125 0.01328125 0.0546875
0 0.668359375 0.59765625 0.03984375 0.0640625
0 1 0.515625 0.00703125 0.021875
5 0 0 0 0
5 0 0 0 0
