4 1 0.696875 0.01640625 0.08125
1 1 0.67734375 0.015625 0.0890625
1 1 0.74140625 0.02109375 0.0671875
1 1 0.678125 0.02578125 0.209375
1 1 0.6625 0.0203125 0.228125
1 1 0.675 0.03671875 0.209375
1 1 0.67421875 0.021875 0.1953125
1 1 0.71328125 0.01953125 0.1203125
1 1 0.66015625 0.0453125 0.2890625
1 1 0.665625 0.03828125 0.171875
1 1 0.646875 0.046875 0.30625
1 1 0.6390625 0.06875 0.334375
1 1 0.71796875 0.02890625 0.1234375
1 1 0.678125 0.03671875 0.221875
1 1 0.6859375 0.034375 0.19375
1 1 0.68125 0.03359375 0.21875
1 0.943359375 0.70234375 0.01015625 0.1609375
1 0.92890625 0.68125 0.028125 0.209375
1 0.955078125 0.68828125 0.02421875 0.2203125
1 0.87734375 0.70390625 0.0234375 0.1734375
1 0.894140625 0.68984375 0.04140625 0.2109375
1 0.8640625 0.69296875 0.025 0.2078125
1 0.8453125 0.70390625 0.0234375 0.2203125
1 0.811328125 0.68984375 0.02734375 0.2359375
1 0.8359375 0.68203125 0.05625 0.2734375
1 0.442578125 0.74296875 0.06484375 0.3140625
1 0.473828125 0.7328125 0.07265625 0.353125
1 0.5140625 0.7203125 0.08125 0.396875
1 0.97265625 0.675 0.040625 0.246875
2 1 0.63984375 0.0421875 0.2140625
0 1 0.70625 0.02421875 0.1125
