3 0.291796875 0.68359375 0.01171875 0.0234375
3 0.25625 0.68046875 0.009375 0.0296875
1 0.658203125 0.6703125 0.01171875 0.08125
1 0.503515625 0.6703125 0.00859375 0.071875
1 0.58828125 0.6703125 0.015625 0.084375
1 0.58671875 0.66484375 0.0109375 0.0421875
1 0.578515625 0.67734375 0.01171875 0.0890625
1 0.56640625 0.67109375 0.01875 0.0953125
1 0.513671875 0.68125 0.01640625 0.0875
1 0.49609375 0.67421875 0.015625 0.0828125
1 0.483984375 0.68203125 0.01328125 0.0984375
1 0.42578125 0.6984375 0.015625 0.109375
1 0.397265625 0.68671875 0.01015625 0.1296875
1 0.405078125 0.68359375 0.02734375 0.1359375
1 0.38125 0.69140625 0.01875 0.1265625
1 0.337890625 0.69921875 0.02109375 0.1171875
1 0.312109375 0.690625 0.02109375 0.134375
1 0.70078125 0.6390625 0.0078125 0.03125
1 0.712109375 0.63046875 0.01796875 0.0453125
1 0.801953125 0.659375 0.03671875 0.18125
1 0.851171875 0.65546875 0.02265625 0.1140625
1 0.984375 0.6328125 0.0171875 0.05
1 1 0.59296875 0.0078125 0.0140625
1 0.746875 0.6609375 0.0234375 0.121875
1 0.640625 0.68046875 0.0140625 0.0796875
1 0.63125 0.68828125 0.009375 0.0640625
1 0.648828125 0.68671875 0.00859375 0.0640625
0 0.133984375 0.33203125 0.03046875 0.0734375
5 0 0 0 0
