1 0.28203125 0.67890625 0.015625 0.0890625
1 0.1078125 0.68125 0.03125 0.153125
1 0.09921875 0.678125 0.028125 0.175
1 0.13046875 0.68671875 0.0328125 0.1609375
1 0.061328125 0.66640625 0.03828125 0.1953125
1 0.555859375 0.66484375 0.01015625 0.0796875
1 0.666796875 0.64375 0.02578125 0.1375
1 0.6 0.6515625 0.0484375 0.2375
1 0.80703125 0.65 0.01875 0.109375
1 0.798828125 0.63046875 0.02734375 0.1515625
2 0.4140625 0.62734375 0.0390625 0.1890625
0 1 0.6046875 0.04765625 0.1875
0 1 0.5828125 0.0203125 0.1625
5 0 0 0 0
