1 0.126171875 0.6859375 0.01328125 0.040625
1 0.165234375 0.68828125 0.01171875 0.0484375
1 0.151953125 0.71640625 0.01640625 0.0921875
1 0.358984375 0.75 0.03828125 0.190625
1 0.337109375 0.75390625 0.03984375 0.1921875
1 0.14453125 0.70859375 0.0140625 0.0796875
1 0.13203125 0.7078125 0.0203125 0.071875
1 0.111328125 0.69140625 0.02734375 0.0578125
1 0.0453125 0.71484375 0.0125 0.1109375
1 0.06640625 0.7078125 0.015625 0.075
1 0.021875 0.72109375 0.0234375 0.1484375
1 0.818359375 0.74453125 0.03203125 0.1796875
1 0.877734375 0.7390625 0.03515625 0.184375
1 0.9171875 0.74296875 0.0390625 0.1921875
1 0.951171875 0.746875 0.02265625 0.140625
