1 0.79453125 0.6796875 0.0109375 0.06875
1 0.7828125 0.67578125 0.015625 0.0765625
1 0.746875 0.65859375 0.021875 0.1203125
1 0.719140625 0.69609375 0.00703125 0.0421875
1 0.727734375 0.70234375 0.00703125 0.0296875
1 0.7125 0.6921875 0.0109375 0.05625
1 0.702734375 0.696875 0.00703125 0.04375
1 0.6609375 0.6703125 0.0109375 0.1125
1 0.651171875 0.71796875 0.00703125 0.0203125
1 0.670703125 0.66796875 0.01796875 0.0921875
1 0.648828125 0.66875 0.01953125 0.128125
1 0.60703125 0.67734375 0.0171875 0.1140625
1 0.5890625 0.68515625 0.01875 0.0890625
1 0.572265625 0.6875 0.01640625 0.084375
1 0.559765625 0.6765625 0.02265625 0.109375
1 0.548046875 0.69375 0.01171875 0.075
1 0.51875 0.68046875 0.0203125 0.1046875
1 0.50234375 0.67265625 0.0203125 0.1203125
1 0.30078125 0.6375 0.0171875 0.0375
1 0.2 0.64609375 0.009375 0.0171875
1 0.234765625 0.6359375 0.02109375 0.0375
1 0.917578125 0.6515625 0.00703125 0.10625
1 0.99921875 0.6328125 0.0109375 0.078125
1 0.998828125 0.65703125 0.01640625 0.1046875
1 0.970703125 0.621875 0.01328125 0.06875
1 0.967578125 0.72109375 0.01015625 0.0296875
1 0.958984375 0.66328125 0.03046875 0.1578125
1 0.98203125 0.66328125 0.028125 0.1359375
1 1 0.6625 0.01796875 0.153125
1 1 0.66640625 0.02734375 0.1609375
1 1 0.66015625 0.0265625 0.1671875
1 1 0.65078125 0.00859375 0.1015625
1 1 0.64765625 0.02109375 0.1359375
1 1 0.6515625 0.028125 0.134375
1 1 0.69296875 0.05078125 0.3109375
1 1 0.846875 0.05859375 0.33125
1 1 0.70625 0.04375 0.365625
1 1 0.70078125 0.06171875 0.4296875
1 1 0.696875 0.0796875 0.3875
1 1 0.71484375 0.10859375 0.6484375
1 1 0.71796875 0.12265625 0.7109375
1 0.53671875 0.69375 0.015625 0.078125
2 0.626171875 0.66796875 0.03671875 0.1765625
2 0.6875 0.671875 0.0359375 0.18125
0 0.75234375 0.52578125 0.0109375 0.0265625
5 0 0 0 0
5 0 0 0 0
5 0 0 0 0
