1 0.3203125 0.5625 0.0140625 0.05
1 0.446875 0.64609375 0.0375 0.2359375
1 0.4390625 0.646875 0.0515625 0.3
1 0.395703125 0.659375 0.05390625 0.26875
1 0.473828125 0.63125 0.03515625 0.271875
1 0.4921875 0.6546875 0.034375 0.253125
1 0.524609375 0.6328125 0.03515625 0.240625
1 0.545703125 0.65078125 0.04765625 0.2421875
1 0.585546875 0.65234375 0.03828125 0.2484375
1 0.88359375 0.6484375 0.0125 0.071875
1 0.887890625 0.65625 0.01328125 0.084375
1 0.899609375 0.646875 0.01953125 0.10625
1 0.93984375 0.66796875 0.05625 0.3390625
1 0.984375 0.66484375 0.03125 0.2828125
1 0.994140625 0.68671875 0.05859375 0.3296875
1 0.671484375 0.6703125 0.05546875 0.35625
1 0.6125 0.6828125 0.075 0.36875
1 0.7375 0.6703125 0.084375 0.409375
1 0.2234375 0.54453125 0.0109375 0.0296875
1 0.237109375 0.58046875 0.01328125 0.0609375
1 0.278515625 0.6140625 0.02265625 0.153125
1 0.2515625 0.603125 0.0203125 0.134375
1 0.2125 0.61640625 0.0171875 0.1296875
1 0.306640625 0.590625 0.02890625 0.103125
1 0.341796875 0.66484375 0.06796875 0.3296875
3 0.09609375 0.61953125 0.0359375 0.1453125
1 0.059765625 0.65703125 0.05703125 0.3015625
1 0.02890625 0.65234375 0.046875 0.3203125
1 1 0.65625 0.046875 0.321875
1 1 0.68671875 0.065625 0.3171875
1 1 0.65546875 0.05859375 0.3296875
1 1 0.66171875 0.0515625 0.3265625
1 1 0.67265625 0.0625 0.3234375
1 1 0.65390625 0.03984375 0.3515625
1 1 0.51015625 0.034375 0.1296875
1 1 0.63203125 0.03984375 0.2546875
1 1 0.66640625 0.06171875 0.4953125
1 1 0.7484375 0.0640625 0.3625
1 1 0.6875 0.0921875 0.509375
1 1 0.71015625 0.075 0.4390625
2 0.1484375 0.67421875 0.14375 0.6296875
