1 1 0.63359375 0.0109375 0.0484375
3 1 0.62734375 0.0125 0.0359375
1 1 0.64140625 0.00625 0.0484375
1 1 0.64765625 0.02265625 0.1359375
1 1 0.64765625 0.01484375 0.1359375
1 0.996875 0.62890625 0.0078125 0.0453125
1 1 0.65546875 0.03125 0.1765625
1 0.95546875 0.646875 0.0203125 0.1125
1 0.9359375 0.65078125 0.021875 0.1328125
1 0.91171875 0.63984375 0.0203125 0.1203125
1 0.66015625 0.678125 0.0453125 0.275
1 0.68828125 0.70546875 0.040625 0.3203125
1 0.73515625 0.77578125 0.1546875 0.7515625
1 0.893359375 0.91171875 0.11640625 0.5640625
1 0.561328125 0.6671875 0.05234375 0.296875
1 0.468359375 0.67421875 0.05078125 0.3015625
0 1 0.44609375 0.00546875 0.0296875
0 1 0.528125 0.01484375 0.05625
0 1 0.5296875 0.0171875 0.03125
0 1 0.6609375 0.03359375 0.1375
0 0.65546875 0.3203125 0.0125 0.040625
0 0.668359375 0.30625 0.01328125 0.021875
