3 1 0.50859375 0.02734375 0.0640625
3 0.5609375 0.5875 0.0109375 0.034375
3 0.55 0.5859375 0.0125 0.0375
1 0.588671875 0.590625 0.01015625 0.034375
1 0.629296875 0.62734375 0.01796875 0.1015625
1 0.61796875 0.62421875 0.021875 0.1109375
1 0.694140625 0.65390625 0.02109375 0.0578125
1 0.694921875 0.628125 0.01796875 0.115625
1 0.962890625 0.6046875 0.01328125 0.065625
1 0.95703125 0.58828125 0.0109375 0.0390625
1 0.95703125 0.6015625 0.0109375 0.05
3 1 0.5609375 0.01953125 0.05625
3 1 0.50625 0.0203125 0.053125
3 1 0.50703125 0.02734375 0.0484375
3 1 0.51328125 0.01796875 0.0828125
5 0 0 0 0
