1 0.92578125 0.5828125 0.0125 0.03125
1 1 0.60859375 0.0171875 0.0859375
1 1 0.625 0.01015625 0.05
1 1 0.603125 0.0140625 0.13125
1 1 0.60078125 0.021875 0.1390625
1 1 0.60390625 0.01484375 0.1296875
1 1 0.60390625 0.03203125 0.1578125
1 1 0.61328125 0.0296875 0.1421875
1 1 0.6265625 0.0078125 0.053125
1 1 0.65859375 0.053125 0.3109375
1 1 0.65859375 0.0671875 0.3234375
1 0.835546875 0.66640625 0.06484375 0.3328125
1 1 0.63984375 0.06953125 0.3859375
1 0.7671875 0.65390625 0.071875 0.3515625
1 1 0.6578125 0.06796875 0.36875
1 0.6796875 0.634375 0.05 0.246875
1 0.570703125 0.6296875 0.05546875 0.275
3 0.980859375 0.625 0.02734375 0.053125
1 0.03359375 0.70625 0.05625 0.41875
1 0.877734375 0.596875 0.02734375 0.140625
1 0.96484375 0.6046875 0.0171875 0.1
1 0.93671875 0.61484375 0.0109375 0.0734375
1 1 0.6328125 0.00859375 0.040625
0 0.7046875 0.43125 0.0171875 0.034375
0 1 0.3515625 0.0265625 0.05
