1 0.02109375 0.60234375 0.03125 0.2546875
1 0.38203125 0.59765625 0.0171875 0.0609375
1 0.6015625 0.6328125 0.0203125 0.05
1 0.3953125 0.61953125 0.0234375 0.0421875
1 0.723046875 0.66484375 0.01015625 0.0578125
1 0.519140625 0.6796875 0.03828125 0.2
1 1 0.696875 0.02578125 0.134375
1 0.88359375 0.66171875 0.0109375 0.0546875
1 0.9296875 0.6546875 0.015625 0.109375
1 0.98046875 0.659375 0.0140625 0.10625
1 0.94296875 0.66015625 0.009375 0.0953125
1 0.951953125 0.659375 0.01484375 0.096875
1 0.963671875 0.6625 0.02890625 0.1375
1 0.99296875 0.66328125 0.0171875 0.1296875
1 1 0.6703125 0.078125 0.390625
1 1 0.6546875 0.03125 0.234375
1 1 0.67578125 0.05625 0.2859375
1 1 0.66875 0.05859375 0.29375
1 1 0.63046875 0.05546875 0.2734375
1 1 0.66953125 0.0625 0.3046875
1 1 0.6546875 0.04140625 0.240625
2 0.66875 0.64375 0.0234375 0.059375
0 1 0.646875 0.02109375 0.275
0 0.421484375 0.6390625 0.01640625 0.040625
0 0.210546875 0.41328125 0.00859375 0.0296875
0 0.706640625 0.65625 0.00859375 0.040625
5 0 0 0 0
5 0 0 0 0
