1 0.45703125 0.57578125 0.03125 0.1578125
1 0.41640625 0.59140625 0.05 0.2390625
1 0.5296875 0.59375 0.015625 0.13125
1 0.548828125 0.53671875 0.00859375 0.0203125
1 0.51796875 0.58125 0.0328125 0.15625
1 0.58359375 0.57265625 0.0234375 0.1109375
1 0.55625 0.625 0.0453125 0.221875
1 0.940234375 0.6 0.03046875 0.159375
1 1 0.6296875 0.0515625 0.253125
1 1 0.64296875 0.06015625 0.2921875
3 1 0.6359375 0.021875 0.071875
3 1 0.61640625 0.02734375 0.0515625
3 1 0.603125 0.01328125 0.03125
3 1 0.69140625 0.0453125 0.1578125
3 1 0.68125 0.071875 0.171875
2 0.265234375 0.53359375 0.01953125 0.1109375
2 0.594140625 0.5609375 0.01171875 0.075
2 0.623046875 0.565625 0.01796875 0.096875
0 0.862109375 0.56640625 0.01953125 0.0484375
0 0.749609375 0.5578125 0.01796875 0.040625
