1 0.719140625 0.4609375 0.01328125 0.065625
4 0.748828125 0.421875 0.01640625 0.03125
1 0.830859375 0.45859375 0.01484375 0.0828125
1 0.978125 0.46484375 0.015625 0.0765625
1 0.9921875 0.45859375 0.0171875 0.0828125
1 0.505078125 0.49609375 0.03203125 0.1171875
1 0.385546875 0.60390625 0.04609375 0.3203125
1 0.351953125 0.6265625 0.05859375 0.3
1 0.22421875 0.66484375 0.0734375 0.3578125
4 0.576953125 0.5390625 0.03203125 0.171875
2 1 0.52578125 0.03203125 0.0984375
0 0.730859375 0.4140625 0.00703125 0.01875
0 0.949609375 0.4171875 0.00703125 0.0375
5 0 0 0 0
5 0 0 0 0
5 0 0 0 0
5 0 0 0 0
5 0 0 0 0
