1 1 0.7328125 0.05625 0.359375
1 0.416796875 0.6640625 0.00703125 0.04375
1 0.398046875 0.6671875 0.00859375 0.04375
1 0.330859375 0.81796875 0.11015625 0.6015625
1 0.3109375 0.82578125 0.1328125 0.6484375
1 0.66796875 0.78359375 0.121875 0.6046875
1 0.654296875 0.7828125 0.14296875 0.696875
0 0.90859375 0.63828125 0.0296875 0.0734375
0 0.425390625 0.66171875 0.00390625 0.0390625
0 0.609375 0.6515625 0.0046875 0.028125
0 0.519140625 0.63671875 0.00703125 0.0234375
0 0.25625 0.58828125 0.00625 0.0140625
