1 0.791796875 0.64296875 0.01015625 0.0234375
1 0.812890625 0.63828125 0.00859375 0.0171875
1 1 0.67578125 0.00703125 0.0828125
1 1 0.69765625 0.04140625 0.2015625
1 0.34140625 0.67421875 0.0140625 0.0703125
1 0.2078125 0.7 0.0484375 0.325
1 0.160546875 0.71328125 0.04296875 0.3328125
1 0.123046875 0.709375 0.05390625 0.346875
0 1 0.5796875 0.05390625 0.19375
0 1 0.609375 0.01328125 0.084375
0 1 0.66328125 0.021875 0.1265625
0 1 0.5734375 0.01640625 0.04375
0 0.458203125 0.5875 0.00703125 0.01875
0 1 0.65703125 0.03515625 0.1265625
0 0.429296875 0.64609375 0.01015625 0.0359375
0 0.644921875 0.62421875 0.01015625 0.0234375
0 0.44921875 0.6421875 0.0078125 0.03125
0 0.4671875 0.63125 0.0046875 0.009375
0 1 0.540625 0.01640625 0.059375
5 0 0 0 0
5 0 0 0 0
