1 0.26953125 0.725 0.0078125 0.034375
1 0.280859375 0.72890625 0.00703125 0.0359375
3 0.342578125 0.72578125 0.00859375 0.0359375
1 0.366015625 0.7046875 0.00859375 0.028125
1 0.533984375 0.71171875 0.01640625 0.0828125
1 0.589453125 0.72109375 0.01171875 0.0703125
1 0.618359375 0.70546875 0.01328125 0.0984375
1 0.875 0.715625 0.025 0.121875
1 0.9640625 0.7109375 0.0234375 0.134375
1 0.396875 0.74765625 0.1 0.4890625
1 0.489453125 0.82734375 0.12734375 0.6171875
1 0.456640625 0.80234375 0.14609375 0.7140625
1 1 0.72265625 0.0203125 0.1390625
1 1 0.7203125 0.02421875 0.14375
1 1 0.7234375 0.028125 0.134375
1 1 0.728125 0.02109375 0.1125
1 0.998828125 0.71875 0.02421875 0.13125
1 0.644921875 0.7 0.02109375 0.103125
0 0.68359375 0.68515625 0.0203125 0.0859375
0 0.733984375 0.653125 0.05078125 0.146875
0 0.563671875 0.70078125 0.02265625 0.0671875
0 0.8546875 0.59765625 0.0515625 0.1015625
0 0.93984375 0.63125 0.0171875 0.165625
0 1 0.6015625 0.065625 0.084375
0 1 0.58125 0.065625 0.1625
0 1 0.59765625 0.01328125 0.0234375
5 0 0 0 0
