4 0.762890625 0.66796875 0.00703125 0.0328125
1 0.77109375 0.67109375 0.00625 0.0328125
1 0.77578125 0.6671875 0.0078125 0.040625
3 0.79765625 0.66328125 0.00625 0.0328125
1 0.78828125 0.6671875 0.00625 0.034375
1 0.7828125 0.66796875 0.0046875 0.0296875
1 0.84140625 0.6421875 0.0046875 0.00625
1 0.861328125 0.68046875 0.01953125 0.1234375
1 0.8828125 0.68125 0.0234375 0.121875
3 1 0.71640625 0.04453125 0.1921875
1 1 0.61015625 0.02578125 0.1390625
3 0.553515625 0.684375 0.00390625 0.059375
3 0.514453125 0.65859375 0.00859375 0.0203125
1 0.471875 0.68515625 0.0171875 0.0765625
4 0.22109375 0.71171875 0.040625 0.1921875
1 0.178515625 0.72109375 0.02578125 0.1828125
1 0.492578125 0.68984375 0.00859375 0.0671875
0 0.94375 0.63515625 0.034375 0.0828125
0 0.532421875 0.69453125 0.01640625 0.0484375
5 0 0 0 0
