1 0.872265625 0.725 0.01796875 0.1
1 1 0.771875 0.040625 0.2375
2 0.784375 0.71015625 0.0109375 0.0546875
0 0.570703125 0.709375 0.01171875 0.021875
0 1 0.66796875 0.00625 0.0171875
0 1 0.72890625 0.00546875 0.0203125
0 1 0.6671875 0.00859375 0.015625
0 1 0.7515625 0.00703125 0.015625
0 1 0.70859375 0.00703125 0.0171875
0 1 0.68671875 0.00546875 0.0171875
0 1 0.8046875 0.02265625 0.05
0 1 0.51875 0.00703125 0.021875
0 0.044140625 0.7171875 0.03984375 0.1125
0 0.2875 0.73984375 0.009375 0.0234375
0 0.493359375 0.728125 0.01640625 0.028125
5 0 0 0 0
