1 0.898828125 0.62578125 0.01015625 0.0609375
1 1 0.60390625 0.0109375 0.0640625
1 1 0.60625 0.01171875 0.046875
1 1 0.60625 0.0140625 0.06875
1 1 0.59140625 0.00859375 0.0421875
1 1 0.609375 0.0171875 0.05625
1 1 0.69921875 0.01953125 0.2078125
1 1 0.71953125 0.0515625 0.2953125
1 1 0.603125 0.02265625 0.05625
1 1 0.67578125 0.03046875 0.1765625
1 1 0.690625 0.02265625 0.240625
1 0.8296875 0.59296875 0.009375 0.0140625
1 0.673046875 0.6140625 0.00703125 0.059375
1 0.67890625 0.625 0.0140625 0.05625
1 0.659765625 0.6203125 0.01015625 0.065625
1 0.651953125 0.62421875 0.01328125 0.0671875
4 0.629296875 0.6203125 0.02890625 0.071875
1 0.602734375 0.6265625 0.01015625 0.090625
1 0.609375 0.6265625 0.0171875 0.08125
1 0.624609375 0.62421875 0.02265625 0.0640625
4 1 0.84921875 0.0109375 0.0203125
4 0.590625 0.6234375 0.015625 0.075
1 0.565234375 0.62890625 0.01484375 0.0796875
1 0.578515625 0.62890625 0.01953125 0.1109375
1 0.5609375 0.65078125 0.0140625 0.0796875
3 0.516796875 0.62890625 0.01328125 0.0515625
1 0.5015625 0.5625 0.0078125 0.01875
1 0.464453125 0.59765625 0.00546875 0.0265625
1 0.449609375 0.5765625 0.00859375 0.0375
3 0.43515625 0.6125 0.01875 0.071875
1 0.446484375 0.690625 0.02890625 0.20625
1 0.401953125 0.690625 0.03359375 0.209375
3 0.3640625 0.65859375 0.0359375 0.1234375
1 0.330859375 0.5890625 0.02578125 0.08125
3 0.348828125 0.66328125 0.03515625 0.1203125
3 0.328515625 0.659375 0.04453125 0.121875
3 0.2546875 0.57109375 0.0125 0.0234375
3 0.26875 0.60078125 0.009375 0.0265625
1 0.2671875 0.68125 0.0421875 0.196875
3 0.20234375 0.62265625 0.0359375 0.1078125
3 0.133984375 0.67890625 0.05234375 0.1328125
3 0.04609375 0.67265625 0.04375 0.1578125
3 0.077734375 0.67109375 0.04765625 0.1515625
3 0.005078125 0.62734375 0.00078125 0.0046875
4 0.0140625 0.98203125 0.01875 0.1171875
1 0.2328125 0.784375 0.1046875 0.509375
1 0.3671875 0.86328125 0.0421875 0.2421875
4 0.55078125 0.8515625 0.0125 0.01875
1 0.548046875 0.75234375 0.09140625 0.4421875
1 0.475390625 0.753125 0.10859375 0.525
1 0.829296875 0.69609375 0.04140625 0.2046875
1 0.840234375 0.69609375 0.03203125 0.2703125
1 0.878515625 0.7140625 0.07890625 0.38125
3 0.8640625 0.51640625 0.0453125 0.1296875
1 0.8796875 0.73984375 0.071875 0.3515625
1 1 0.89609375 0.16171875 0.9203125
1 1 0.7515625 0.1515625 0.7375
1 1 0.76171875 0.16484375 0.8046875
0 0.495703125 0.1546875 0.03671875 0.21875
0 1 0.4390625 0.01875 0.01875
0 1 0.43359375 0.01484375 0.0140625
0 1 0.36171875 0.015625 0.0703125
0 1 0.63359375 0.01015625 0.0921875
0 1 0.590625 0.01328125 0.021875
0 0.784375 0.59140625 0.0046875 0.0265625
0 0.7953125 0.603125 0.0109375 0.040625
0 0.8078125 0.590625 0.00625 0.028125
0 0.99921875 0.596875 0.0046875 0.04375
0 1 0.6015625 0.00703125 0.034375
0 1 0.6359375 0.01640625 0.034375
5 0 0 0 0
