1 1 0.7390625 0.06328125 0.334375
1 0.273828125 0.684375 0.01171875 0.05625
1 0.23359375 0.77265625 0.121875 0.6109375
1 0.15546875 0.7796875 0.14375 0.696875
2 1 0.76328125 0.14921875 0.6890625
1 1 0.71015625 0.07265625 0.3796875
0 0.909765625 0.64375 0.02890625 0.08125
0 0.430859375 0.66953125 0.01171875 0.0484375
0 0.612109375 0.66328125 0.01171875 0.0265625
0 0.52109375 0.64921875 0.009375 0.0265625
0 0.576171875 0.65390625 0.00859375 0.0203125
0 0.50234375 0.659375 0.00625 0.03125
0 1 0.84765625 0.021875 0.0796875
