1 1 0.5984375 0.01328125 0.065625
1 1 0.59765625 0.0140625 0.0640625
1 1 0.609375 0.0171875 0.08125
1 1 0.621875 0.028125 0.090625
1 1 0.60390625 0.01953125 0.0859375
1 1 0.68671875 0.01953125 0.1953125
1 1 0.68359375 0.040625 0.2078125
1 1 0.69453125 0.021875 0.2265625
1 1 0.69453125 0.04453125 0.2671875
1 1 0.64296875 0.0234375 0.1328125
1 1 0.6953125 0.05859375 0.4
3 1 0.50546875 0.046875 0.1515625
1 1 0.72109375 0.03359375 0.3609375
1 1 0.7875 0.103125 0.496875
1 1 0.7296875 0.09765625 0.49375
1 0.682421875 0.60546875 0.01015625 0.0703125
1 0.669921875 0.61171875 0.00703125 0.0640625
1 0.636328125 0.5890625 0.01015625 0.040625
1 0.6546875 0.609375 0.0171875 0.075
1 0.639453125 0.6296875 0.01640625 0.08125
1 0.619140625 0.61484375 0.01484375 0.0671875
1 0.79609375 0.68203125 0.0515625 0.3046875
1 0.80234375 0.70546875 0.05625 0.3109375
1 0.835546875 0.6703125 0.07734375 0.375
1 0.916015625 1 0.05546875 0.1390625
1 0.9171875 0.79609375 0.1296875 0.6296875
1 0.46328125 0.5921875 0.009375 0.03125
3 0.4453125 0.59453125 0.0234375 0.0578125
3 0.434375 0.6 0.034375 0.075
4 0.30546875 0.5578125 0.0296875 0.065625
3 0.34453125 0.65390625 0.0203125 0.1015625
3 0.333984375 0.6453125 0.03359375 0.134375
3 0.319921875 0.64765625 0.04140625 0.1328125
3 0.299609375 0.64921875 0.05078125 0.1328125
3 0.23046875 0.5921875 0.0421875 0.10625
3 0.182421875 0.58125 0.01640625 0.06875
3 0.165625 0.60390625 0.0265625 0.1078125
3 0.228515625 0.62578125 0.04765625 0.1203125
3 0.2171875 0.64375 0.0828125 0.1625
3 0.09921875 0.6390625 0.0328125 0.175
3 0.0140625 0.65625 0.0171875 0.159375
1 0.0375 0.70859375 0.046875 0.2984375
4 0.016015625 0.7421875 0.02265625 0.421875
1 0.142578125 0.709375 0.05234375 0.278125
1 0.3609375 0.75 0.028125 0.146875
1 0.406640625 0.65078125 0.04453125 0.1421875
1 0.39609375 0.7578125 0.0265625 0.159375
1 0.5828125 0.8109375 0.15625 0.859375
1 0.501953125 0.8734375 0.17890625 0.871875
0 1 0.41328125 0.01953125 0.0296875
0 1 0.4125 0.0203125 0.028125
0 1 0.5421875 0.03125 0.065625
0 1 0.64921875 0.025 0.0828125
0 1 0.3328125 0.0421875 0.08125
0 0.49609375 0.171875 0.0359375 0.228125
0 0.064453125 0.58046875 0.00859375 0.0546875
0 1 0.584375 0.00703125 0.0875
0 1 0.5609375 0.00625 0.078125
0 1 0.6 0.00625 0.028125
5 0 0 0 0
5 0 0 0 0
5 0 0 0 0
