1 0.722265625 0.63984375 0.01015625 0.0234375
1 0.735546875 0.646875 0.00859375 0.0375
1 0.789453125 0.66796875 0.01484375 0.1109375
1 0.81171875 0.66875 0.0140625 0.103125
1 0.936328125 0.6453125 0.01015625 0.053125
1 0.949609375 0.65234375 0.01328125 0.0828125
1 1 0.7640625 0.06328125 0.325
1 1 0.6859375 0.04453125 0.21875
1 1 0.753125 0.09453125 0.4625
4 1 0.73359375 0.03125 0.3328125
1 0.496875 0.61875 0.009375 0.015625
1 0.450390625 0.60703125 0.03359375 0.0578125
0 1 0.55546875 0.01328125 0.1390625
0 0.91484375 0.58203125 0.0046875 0.0171875
0 0.74140625 0.5765625 0.0046875 0.015625
0 0.8875 0.596875 0.003125 0.0125
