1 0.84375 0.6265625 0.0109375 0.028125
1 0.858203125 0.6265625 0.01484375 0.040625
1 0.935546875 0.671875 0.02265625 0.10625
1 0.932421875 0.67734375 0.02890625 0.1390625
1 0.95 0.68515625 0.0203125 0.1328125
1 1 0.67265625 0.0140625 0.1390625
1 0.991015625 0.6796875 0.01953125 0.13125
3 1 0.68515625 0.0203125 0.0796875
3 1 0.66875 0.00859375 0.034375
1 1 0.69296875 0.0328125 0.2234375
1 0.8734375 0.65546875 0.00625 0.0328125
1 0.10234375 0.62265625 0.0125 0.0546875
1 1 0.68046875 0.02421875 0.1328125
0 0.539453125 0.59296875 0.06484375 0.1046875
0 0.27578125 0.63046875 0.0109375 0.0484375
0 0.291015625 0.6296875 0.00859375 0.034375
0 0.316015625 0.62421875 0.00859375 0.0234375
0 0.15703125 0.615625 0.0078125 0.01875
0 0.4671875 0.6234375 0.0046875 0.034375
0 0.49765625 0.6375 0.00625 0.01875
0 0.503125 0.63359375 0.003125 0.0203125
0 1 0.62890625 0.02734375 0.0140625
0 1 0.6515625 0.015625 0.046875
