1 0.765625 0.6953125 0.00625 0.028125
4 0.757421875 0.69765625 0.00546875 0.0328125
1 0.55703125 0.70703125 0.03125 0.1734375
1 0.5203125 0.7171875 0.0265625 0.14375
1 0.477734375 0.72734375 0.03828125 0.2078125
1 0.42578125 0.7234375 0.040625 0.21875
1 0.366796875 0.73828125 0.04453125 0.2703125
1 0.305859375 0.7484375 0.04921875 0.25
1 0.240234375 0.73515625 0.05546875 0.2765625
1 0.886328125 0.6953125 0.00859375 0.040625
1 0.8953125 0.696875 0.0078125 0.0375
1 0.653515625 0.7125 0.01484375 0.0875
1 0.635546875 0.709375 0.01953125 0.096875
2 0.705078125 0.690625 0.01796875 0.05
0 0.547265625 0.56796875 0.00546875 0.0203125
0 0.55390625 0.571875 0.0046875 0.0125
