1 0.848046875 0.6890625 0.01328125 0.065625
1 0.742578125 0.68203125 0.00703125 0.0484375
1 0.734765625 0.6890625 0.01015625 0.065625
1 0.726953125 0.68671875 0.00859375 0.0515625
4 0.707421875 0.66796875 0.00703125 0.0328125
1 0.714453125 0.68671875 0.00859375 0.0515625
1 0.637109375 0.690625 0.01171875 0.103125
1 0.62734375 0.6953125 0.01875 0.09375
1 0.606640625 0.69140625 0.01484375 0.0859375
1 0.58203125 0.646875 0.00625 0.0125
1 0.5921875 0.68828125 0.0203125 0.1078125
1 0.580859375 0.69765625 0.01328125 0.1140625
1 0.56171875 0.70859375 0.04375 0.2140625
1 0.3140625 0.66640625 0.0203125 0.1265625
1 0.3 0.665625 0.028125 0.121875
1 0.040234375 0.6234375 0.04921875 0.1875
3 0.969921875 0.68828125 0.01640625 0.0328125
1 1 0.671875 0.00859375 0.059375
1 1 0.6765625 0.015625 0.065625
3 1 0.6875 0.0171875 0.034375
1 1 0.7 0.0109375 0.1625
1 1 0.7125 0.03671875 0.178125
1 1 0.6484375 0.0078125 0.040625
1 1 0.6390625 0.0359375 0.11875
1 1 0.71015625 0.0375 0.2296875
1 1 0.640625 0.01796875 0.10625
4 1 0.64375 0.00703125 0.08125
1 0.51953125 0.74453125 0.04375 0.2890625
1 0.53046875 0.73828125 0.05 0.3203125
1 0.684375 0.73828125 0.0515625 0.3109375
1 0.755078125 0.7390625 0.06484375 0.3125
0 1 0.60625 0.0953125 0.284375
0 0.88203125 0.61171875 0.0046875 0.0140625
1 0.331640625 0.64296875 0.01640625 0.0921875
5 0 0 0 0
5 0 0 0 0
5 0 0 0 0
5 0 0 0 0
5 0 0 0 0
