1 0.605859375 0.67265625 0.00546875 0.0140625
1 0.599609375 0.678125 0.00859375 0.025
1 0.563671875 0.684375 0.00703125 0.040625
1 0.585546875 0.6921875 0.00390625 0.04375
1 0.582421875 0.68828125 0.00703125 0.0484375
1 0.576171875 0.69140625 0.00859375 0.0453125
1 0.20625 0.70625 0.009375 0.071875
1 0.21171875 0.71015625 0.009375 0.0671875
0 1 0.64453125 0.00546875 0.0546875
0 1 0.6578125 0.00859375 0.06875
0 0.81875 0.63359375 0.0140625 0.0421875
0 0.443359375 0.675 0.00859375 0.0375
0 0.454296875 0.625 0.00390625 0.0125
0 0.462109375 0.6265625 0.00390625 0.009375
0 0.01015625 0.67109375 0.0171875 0.0421875
