1 0.823046875 0.6140625 0.00546875 0.03125
1 0.812109375 0.61171875 0.00703125 0.0390625
1 0.785546875 0.6078125 0.00546875 0.021875
1 0.79375 0.6234375 0.0078125 0.05
1 0.672265625 0.61953125 0.01015625 0.0609375
1 0.6453125 0.60390625 0.009375 0.0296875
1 0.653125 0.61875 0.0140625 0.0625
1 0.499609375 0.60078125 0.01015625 0.0515625
1 0.537890625 0.64296875 0.00859375 0.0921875
1 0.540234375 0.640625 0.01484375 0.109375
1 0.508203125 0.6453125 0.02109375 0.1125
1 0.490625 0.63671875 0.0203125 0.1203125
1 0.378125 0.5484375 0.0234375 0.053125
1 0.442578125 0.6328125 0.03046875 0.146875
1 0.37890625 0.59765625 0.0171875 0.0984375
3 0.296484375 0.57890625 0.01484375 0.0578125
1 0.339453125 0.70859375 0.04609375 0.2765625
1 0.36171875 0.703125 0.05625 0.303125
1 0.31328125 0.71015625 0.0375 0.2921875
1 0.10625 0.70546875 0.09375 0.4578125
1 0.171484375 0.71953125 0.04921875 0.3578125
3 0.2484375 0.60625 0.015625 0.053125
1 0.278125 0.8 0.115625 0.63125
1 0.21796875 0.83828125 0.1234375 0.5984375
3 0.021484375 0.54765625 0.03359375 0.1328125
3 0.018359375 0.68984375 0.02734375 0.1734375
1 0.9015625 0.6296875 0.0125 0.065625
1 0.894140625 0.62890625 0.01328125 0.0703125
1 1 0.60234375 0.0109375 0.0546875
1 1 0.61171875 0.03125 0.0984375
1 1 0.61484375 0.01640625 0.1296875
1 1 0.6046875 0.04453125 0.16875
1 1 0.79375 0.12265625 0.59375
1 1 0.80703125 0.1734375 0.8640625
1 1 0.82890625 0.1515625 0.7828125
1 0.8640625 0.7140625 0.0484375 0.296875
1 0.630859375 0.834375 0.12578125 0.60625
1 0.70546875 0.80703125 0.1203125 0.7015625
1 0.61015625 0.8453125 0.15625 0.81875
1 0.75078125 0.86328125 0.1453125 0.7421875
1 0.407421875 0.7171875 0.04609375 0.2875
0 1 0.24140625 0.05625 0.0515625
0 1 0.2328125 0.05234375 0.065625
0 1 0.478125 0.05859375 0.11875
0 1 0.68984375 0.04765625 0.1578125
0 0.427734375 0.15078125 0.04609375 0.3015625
5 0 0 0 0
5 0 0 0 0
