1 0.651171875 0.640625 0.02109375 0.103125
1 0.598828125 0.63515625 0.02421875 0.1171875
1 0.564453125 0.67890625 0.03046875 0.1515625
1 0.625390625 0.68515625 0.03359375 0.1640625
1 1 0.61484375 0.02578125 0.1234375
1 1 0.721875 0.06484375 0.315625
1 0.36328125 0.7453125 0.071875 0.4
1 0.459765625 0.74296875 0.07109375 0.3859375
1 1 0.87265625 0.178125 0.8640625
2 0.7828125 0.728125 0.1078125 0.525
0 0.86328125 0.48203125 0.0453125 0.1265625
0 1 0.62421875 0.028125 0.1046875
0 0.61640625 0.50234375 0.0234375 0.0828125
5 0 0 0 0
5 0 0 0 0
