1 0.88359375 0.671875 0.0046875 0.025
1 0.85859375 0.67109375 0.0046875 0.0265625
1 0.84375 0.66796875 0.0078125 0.0328125
4 0.83828125 0.6671875 0.0046875 0.028125
4 0.821875 0.671875 0.003125 0.01875
1 0.412109375 0.6546875 0.01015625 0.05625
1 0.38125 0.653125 0.0109375 0.05625
1 1 0.71171875 0.0140625 0.1265625
1 1 0.71328125 0.01484375 0.1234375
1 1 0.70390625 0.01953125 0.1421875
1 0.71640625 0.8515625 0.15 0.73125
0 1 0.58828125 0.00703125 0.0171875
0 1 0.5296875 0.00625 0.01875
0 0.79375 0.603125 0.003125 0.015625
0 0.626171875 0.65 0.00546875 0.015625
0 0.53046875 0.65625 0.0046875 0.059375
0 0.83046875 0.65625 0.0078125 0.025
0 1 0.63203125 0.00390625 0.0140625
0 1 0.66171875 0.01015625 0.0140625
