1 0.496875 0.7328125 0.0078125 0.04375
3 0.775 0.70234375 0.021875 0.0546875
3 0.7625 0.71796875 0.0171875 0.0484375
1 0.74609375 0.71015625 0.0234375 0.1390625
1 1 0.71328125 0.0421875 0.2640625
1 0.964453125 0.7203125 0.05078125 0.24375
1 1 0.7078125 0.0609375 0.353125
1 1 0.70546875 0.06953125 0.3609375
1 1 0.71171875 0.1234375 0.6484375
1 1 0.6953125 0.13125 0.646875
4 1 0.6609375 0.015625 0.1625
0 1 0.36328125 0.01796875 0.0828125
0 1 0.346875 0.0203125 0.05
0 0.30625 0.65703125 0.04375 0.0703125
0 0.1609375 0.80078125 0.0078125 0.0171875
0 1 0.62265625 0.0140625 0.0890625
0 1 0.57109375 0.01796875 0.0453125
