1 0.13046875 0.64296875 0.0171875 0.0859375
1 0.215234375 0.64296875 0.01640625 0.0640625
1 0.82109375 0.68515625 0.0265625 0.1296875
1 0.72265625 0.66640625 0.01875 0.0796875
1 0.48046875 0.8296875 0.14375 0.696875
1 1 0.7046875 0.0265625 0.128125
2 0.751171875 0.68046875 0.02265625 0.1078125
0 1 0.5875 0.00703125 0.01875
0 1 0.528125 0.00625 0.01875
0 1 0.56796875 0.00625 0.0140625
0 0.794140625 0.60078125 0.00390625 0.0140625
0 0.030859375 0.6296875 0.01015625 0.096875
0 0.87578125 0.6609375 0.0078125 0.01875
0 1 0.6546875 0.01953125 0.040625
0 1 0.5328125 0.0078125 0.01875
