1 1 0.68125 0.04921875 0.246875
1 1 0.68203125 0.028125 0.2171875
1 0.584765625 0.6609375 0.01015625 0.021875
1 0.56953125 0.66171875 0.00625 0.0140625
1 0.51484375 0.6828125 0.021875 0.059375
3 0.434765625 0.69609375 0.01015625 0.0421875
3 0.428515625 0.69765625 0.01328125 0.0453125
3 0.419921875 0.7125 0.02109375 0.084375
3 0.395703125 0.68984375 0.00859375 0.0296875
3 0.387890625 0.69921875 0.02578125 0.0453125
1 0.355078125 0.7125 0.03359375 0.159375
1 0.473046875 0.71328125 0.02578125 0.1265625
1 0.45078125 0.709375 0.0265625 0.153125
1 0.12890625 0.73046875 0.021875 0.1859375
1 0.182421875 0.74375 0.03984375 0.203125
1 0.0890625 0.7546875 0.0609375 0.29375
0 0.291796875 0.67578125 0.00703125 0.0640625
0 0.64609375 0.66953125 0.0078125 0.0265625
