1 0.77265625 0.63046875 0.0484375 0.2609375
1 0.74453125 0.61328125 0.03125 0.2953125
1 0.86015625 0.62109375 0.0421875 0.2046875
1 1 0.7734375 0.04453125 0.221875
1 0.183203125 0.6921875 0.04609375 0.2375
1 0.0140625 0.66953125 0.0171875 0.1890625
1 0.30703125 0.76484375 0.0390625 0.4265625
1 0.346875 0.74921875 0.1046875 0.5140625
2 1 0.7375 0.0609375 0.315625
0 1 0.78125 0.0265625 0.1875
0 1 0.7328125 0.02578125 0.103125
0 0.533203125 0.65390625 0.03203125 0.1703125
0 0.2828125 0.60625 0.0234375 0.13125
