1 0.471484375 0.6828125 0.02421875 0.09375
1 1 0.6265625 0.00390625 0.025
1 1 0.63671875 0.00859375 0.0328125
1 1 0.6640625 0.015625 0.084375
1 1 0.66953125 0.01640625 0.0796875
1 1 0.665625 0.01484375 0.121875
1 1 0.67578125 0.0171875 0.1390625
1 1 0.690625 0.02578125 0.1375
1 1 0.690625 0.02734375 0.1625
1 1 0.69375 0.04140625 0.23125
1 1 0.6796875 0.0125 0.15625
3 1 0.67265625 0.01796875 0.0765625
3 1 0.72890625 0.07890625 0.1921875
1 1 0.6859375 0.0640625 0.315625
1 1 0.7046875 0.059375 0.290625
2 0.637109375 0.7421875 0.06640625 0.31875
0 0.059765625 0.509375 0.02265625 0.078125
0 0.023046875 0.6734375 0.01640625 0.03125
0 0.558984375 0.6546875 0.02734375 0.084375
0 1 0.62265625 0.00546875 0.0203125
