1 0.792578125 0.625 0.00859375 0.040625
1 0.8390625 0.63125 0.009375 0.04375
1 0.829296875 0.63828125 0.01015625 0.0484375
1 0.856640625 0.6390625 0.01015625 0.053125
1 0.865625 0.64296875 0.0125 0.0703125
1 0.87578125 0.659375 0.0125 0.065625
1 0.9 0.65703125 0.0109375 0.0796875
1 0.890625 0.6625 0.0171875 0.08125
1 0.912109375 0.659375 0.01484375 0.084375
1 0.9296875 0.65 0.0171875 0.084375
1 0.9375 0.67421875 0.0234375 0.1171875
1 0.96171875 0.6734375 0.021875 0.11875
1 0.984765625 0.6625 0.02109375 0.11875
1 1 0.65703125 0.0234375 0.1234375
1 1 0.6671875 0.03125 0.15625
1 1 0.68359375 0.02578125 0.1328125
1 1 0.68828125 0.0359375 0.2578125
1 1 0.73984375 0.0453125 0.2109375
1 1 0.68046875 0.0609375 0.3484375
1 1 0.815625 0.03125 0.065625
1 1 0.68359375 0.065625 0.3578125
3 1 0.75078125 0.065625 0.1671875
1 1 0.67734375 0.05078125 0.3390625
1 0.494140625 0.65859375 0.01484375 0.1078125
1 0.5109375 0.65859375 0.0203125 0.1109375
1 0.591015625 0.6359375 0.01171875 0.04375
1 0.403125 0.59609375 0.0109375 0.0265625
1 0.026953125 0.66640625 0.04296875 0.2984375
2 1 0.7078125 0.065625 0.296875
0 0.641796875 0.6140625 0.00859375 0.021875
