1 1 0.75859375 0.059375 0.5015625
1 0.22578125 0.74453125 0.0359375 0.1296875
1 0.206640625 0.75859375 0.04609375 0.1328125
1 0.552734375 0.75546875 0.03984375 0.3265625
1 0.346875 0.78515625 0.05625 0.3421875
1 0.11875 0.79453125 0.0703125 0.3609375
1 0.690625 0.7609375 0.05 0.24375
1 0.725390625 0.77265625 0.04765625 0.2296875
1 1 0.7546875 0.03359375 0.196875
1 1 0.740625 0.04140625 0.25
1 1 0.971875 0.05625 0.16875
1 1 0.78984375 0.12265625 0.5953125
1 1 0.784375 0.1515625 0.740625
1 0.91484375 0.7421875 0.084375 0.5875
1 0.8875 0.80234375 0.115625 0.5609375
0 0.98125 0.6734375 0.028125 0.059375
0 0.29140625 0.5171875 0.009375 0.03125
0 0.414453125 0.65546875 0.00703125 0.0515625
