4 0.76328125 0.575 0.009375 0.021875
1 0.78203125 0.61015625 0.0125 0.0703125
1 0.794140625 0.6109375 0.01171875 0.065625
1 0.745703125 0.6109375 0.01171875 0.071875
1 0.705078125 0.6 0.00859375 0.03125
1 0.714453125 0.61484375 0.01328125 0.0703125
1 0.726953125 0.61171875 0.01328125 0.0640625
1 0.731640625 0.67421875 0.02109375 0.0890625
1 0.696484375 0.66796875 0.03359375 0.1796875
1 0.633984375 0.64921875 0.02265625 0.1140625
1 0.88046875 0.6671875 0.0234375 0.1625
1 0.901171875 0.6578125 0.03046875 0.209375
1 1 0.7046875 0.06875 0.45625
1 0.969140625 0.74140625 0.06796875 0.4109375
1 1 0.725 0.071875 0.490625
1 1 0.6734375 0.10390625 0.509375
1 1 0.7140625 0.0609375 0.44375
2 0.8046875 0.640625 0.021875 0.10625
2 0.822265625 0.64765625 0.02265625 0.1171875
0 1.0 1 0.0859375 0.06875
