1 0.978515625 0.671875 0.01328125 0.040625
4 0.989453125 0.69453125 0.01484375 0.0484375
3 0.974609375 0.7453125 0.03203125 0.109375
1 1 0.7421875 0.04765625 0.23125
1 0.916796875 0.71015625 0.01953125 0.0984375
1 0.80234375 0.70390625 0.0109375 0.0734375
1 0.82109375 0.7265625 0.0265625 0.14375
1 0.86484375 0.71640625 0.015625 0.1140625
1 0.765234375 0.725 0.01328125 0.165625
1 0.780859375 0.7421875 0.04296875 0.21875
1 0.7328125 0.7328125 0.0375 0.19375
1 0.681640625 0.7296875 0.03203125 0.2
1 0.48984375 0.74765625 0.0734375 0.3828125
1 0.0890625 0.8578125 0.1671875 1
1 1 0.89609375 0.1578125 0.7671875
2 0.93515625 0.709375 0.0234375 0.115625
2 0.846875 0.72265625 0.0296875 0.1484375
0 0.8859375 0.67109375 0.009375 0.0359375
0 0.975 1 0.11875 0.05
0 1 1 0.05078125 0.025
