1 1 0.6734375 0.0453125 0.15
1 0.265234375 0.6140625 0.04453125 0.190625
3 0.26796875 0.75 0.0375 0.23125
1 0.17109375 0.7171875 0.065625 0.3625
1 0.18359375 0.709375 0.078125 0.38125
1 1 0.5796875 0.06328125 0.1
1 1 0.59375 0.04375 0.078125
1 1 0.6 0.0296875 0.0625
1 1 0.61875 0.0484375 0.14375
1 1 0.74765625 0.0765625 0.4578125
1 0.68828125 0.70859375 0.046875 0.2265625
0 1 0.609375 0.03125 0.078125
0 1 0.821875 0.01328125 0.053125
0 0.87890625 0.6390625 0.0078125 0.021875
0 0.748828125 0.36328125 0.02421875 0.0609375
0 0.475 0.73671875 0.0140625 0.0828125
0 0.466796875 0.5375 0.01953125 0.05625
