1 0.82578125 0.665625 0.028125 0.165625
1 0.863671875 0.65234375 0.02734375 0.1609375
1 0.38203125 0.7078125 0.0359375 0.403125
1 0.410546875 0.7171875 0.07890625 0.409375
1 0.8984375 0.64765625 0.01875 0.0984375
1 0.91640625 0.646875 0.01875 0.096875
1 0.9484375 0.6125 0.0125 0.04375
1 0.930078125 0.65546875 0.01640625 0.1328125
1 0.94296875 0.6609375 0.015625 0.11875
1 0.991015625 0.61171875 0.01796875 0.0734375
1 1 0.6453125 0.01171875 0.13125
1 1 0.6546875 0.01953125 0.14375
1 1 0.7484375 0.07890625 0.396875
1 0.97109375 0.7453125 0.0953125 0.465625
1 1 0.66484375 0.04765625 0.2453125
1 1 0.71015625 0.06171875 0.2984375
2 0.741015625 0.675 0.07890625 0.384375
0 1 0.4265625 0.0140625 0.0375
0 1 0.41328125 0.01796875 0.0703125
0 0.811328125 0.646875 0.00859375 0.084375
0 0.32578125 0.04765625 0.0171875 0.0484375
0 0.46328125 0.46640625 0.009375 0.0796875
0 0.01015625 0.64296875 0.0171875 0.1859375
0 0.28125 0.040625 0.0265625 0.06875
