3 0.790625 0.56484375 0.009375 0.0234375
3 0.80625 0.57890625 0.0171875 0.0578125
1 0.859765625 0.609375 0.02421875 0.14375
1 0.8765625 0.6546875 0.0359375 0.19375
3 0.658203125 0.559375 0.00859375 0.04375
3 0.66953125 0.56171875 0.0140625 0.0484375
3 0.6828125 0.5703125 0.0125 0.040625
3 0.694140625 0.565625 0.01171875 0.040625
3 0.708203125 0.56015625 0.01015625 0.0328125
3 0.7171875 0.5625 0.0109375 0.028125
3 0.634765625 0.584375 0.01484375 0.075
3 0.595703125 0.559375 0.01484375 0.046875
3 0.599609375 0.575 0.01953125 0.046875
1 0.5609375 0.64375 0.04375 0.23125
1 0.5453125 0.64375 0.0203125 0.2375
1 0.619140625 0.65 0.03203125 0.221875
1 0.65234375 0.66171875 0.040625 0.2046875
1 0.825 0.6515625 0.0375 0.209375
1 0.725 0.68203125 0.0453125 0.2484375
1 1 0.67109375 0.05703125 0.3453125
1 0.9984375 0.6953125 0.0640625 0.309375
1 1 0.74375 0.10234375 0.528125
1 1 0.73671875 0.13515625 0.7484375
0 0.197265625 0.58359375 0.03359375 0.1171875
0 0.560546875 0.45703125 0.00703125 0.0296875
