1 1 0.69609375 0.01171875 0.0578125
1 1 0.69453125 0.00859375 0.0578125
1 1 0.7109375 0.0265625 0.14375
1 1 0.7828125 0.15625 0.7625
1 0.4078125 0.67578125 0.00625 0.0421875
1 0.380859375 0.67265625 0.00703125 0.0390625
1 0.2796875 0.67109375 0.009375 0.0578125
1 0.219140625 0.66171875 0.01171875 0.0671875
1 0.053515625 0.665625 0.01328125 0.084375
1 0.11484375 0.675 0.009375 0.059375
1 0.079296875 0.684375 0.02265625 0.11875
1 0.162109375 0.69140625 0.02890625 0.1390625
1 0.17421875 0.72109375 0.015625 0.0828125
1 0.526953125 0.69765625 0.02734375 0.1421875
1 0.834375 0.70625 0.0265625 0.15
1 0.796875 0.7109375 0.021875 0.14375
1 0.773828125 0.70546875 0.03359375 0.1609375
1 0.733203125 0.70234375 0.01640625 0.1359375
1 0.74296875 0.71875 0.028125 0.134375
1 0.61953125 0.82421875 0.11875 0.7046875
2 0.41875 0.66640625 0.009375 0.0328125
0 1 0.6921875 0.02890625 0.053125
