1 0.76015625 0.75234375 0.053125 0.2671875
1 0.80234375 0.76171875 0.03125 0.2671875
1 0.83046875 0.76328125 0.053125 0.2765625
1 0.89296875 0.76953125 0.0359375 0.2578125
1 0.9359375 0.7734375 0.059375 0.390625
3 0.97109375 0.81875 0.0140625 0.06875
1 0.95 0.76171875 0.0890625 0.4328125
1 1 0.7578125 0.03984375 0.19375
1 0.9953125 0.78515625 0.040625 0.2265625
0 1 0.8234375 0.10859375 0.45625
0 1 0.8203125 0.07734375 0.278125
0 1 0.734375 0.01796875 0.059375
0 1 0.815625 0.04609375 0.16875
0 1 0.8109375 0.040625 0.26875
0 0.025390625 0.57421875 0.04765625 0.1671875
0 0.4984375 0.60859375 0.021875 0.1640625
0 0.8671875 0.71015625 0.0125 0.0328125
0 0.805078125 1 0.10859375 0.053125
0 0.969140625 1 0.16171875 0.075
