1 0.943359375 0.63828125 0.01015625 0.0546875
1 0.49453125 0.66640625 0.00625 0.0359375
1 0.50859375 0.67578125 0.0125 0.0640625
1 0.64921875 0.65859375 0.0140625 0.0546875
1 0.598828125 0.67265625 0.00859375 0.0734375
1 0.609375 0.68515625 0.01875 0.1109375
1 0.444140625 0.71640625 0.03359375 0.1890625
1 0.2390625 0.69140625 0.025 0.1546875
1 0.280078125 0.73125 0.04609375 0.278125
1 0.25703125 0.75 0.05 0.246875
1 0.204296875 0.7390625 0.04609375 0.359375
1 0.062109375 0.75546875 0.05390625 0.3609375
1 0.0265625 0.8 0.0421875 0.321875
1 0.09453125 0.77109375 0.0859375 0.4171875
2 0.809375 0.64609375 0.0109375 0.0296875
0 1 0.17421875 0.0453125 0.0921875
