1 0.02421875 0.68125 0.01875 0.05625
1 0.15 0.72265625 0.0234375 0.1546875
3 0.85390625 0.703125 0.0140625 0.05625
3 0.690625 0.69921875 0.028125 0.0640625
3 0.57578125 0.70859375 0.0203125 0.0515625
1 1 0.70703125 0.0125 0.0765625
1 1 0.6828125 0.01953125 0.059375
0 1 0.45078125 0.0171875 0.0515625
0 1 0.5984375 0.01015625 0.034375
0 0.51640625 0.5640625 0.015625 0.040625
0 0.42265625 0.64296875 0.00625 0.0265625
0 0.748046875 0.73203125 0.03828125 0.0796875
0 0.65390625 0.68125 0.0078125 0.05625
