1 0.6515625 0.6796875 0.0046875 0.025
1 0.6578125 0.678125 0.0046875 0.028125
1 0.628515625 0.6765625 0.00546875 0.025
1 0.605078125 0.67578125 0.00546875 0.0265625
1 0.66875 0.6734375 0.00625 0.028125
1 0.69296875 0.6796875 0.00625 0.0375
1 0.7015625 0.67578125 0.00625 0.0328125
1 0.5875 0.68984375 0.0078125 0.0390625
1 0.5640625 0.69609375 0.015625 0.0796875
1 0.548046875 0.6890625 0.01953125 0.09375
1 0.273828125 0.7203125 0.06953125 0.403125
2 0.713671875 0.69765625 0.01171875 0.0578125
2 0.735546875 0.70390625 0.01171875 0.0546875
2 0.753515625 0.70078125 0.01953125 0.0984375
2 0.798828125 0.71171875 0.01796875 0.0859375
2 1 0.7859375 0.1046875 0.509375
