1 0.19609375 0.6796875 0.0609375 0.296875
1 0.260546875 0.67265625 0.05859375 0.2859375
1 0.624609375 0.65703125 0.04765625 0.2953125
1 0.598046875 0.63828125 0.07578125 0.3671875
1 0.757421875 0.60078125 0.03828125 0.2390625
1 0.681640625 0.61328125 0.03984375 0.2046875
1 0.828125 0.58828125 0.0390625 0.2484375
1 0.873828125 0.64921875 0.06796875 0.3328125
1 1 0.6375 0.06328125 0.309375
1 1 0.62734375 0.0734375 0.3578125
1 1 0.640625 0.075 0.3625
1 1 0.7375 0.11640625 0.634375
0 0.01796875 0.58984375 0.01875 0.1203125
0 0.45546875 0.6046875 0.0078125 0.015625
5 0 0 0 0
