1 0.860546875 0.6421875 0.02578125 0.065625
1 0.85390625 0.715625 0.028125 0.1375
1 0.925390625 0.6984375 0.03515625 0.225
1 0.88125 0.68046875 0.0484375 0.2515625
1 1 0.6984375 0.01171875 0.065625
1 1 0.68671875 0.0171875 0.0828125
1 1 0.69453125 0.0203125 0.0984375
1 1 0.68046875 0.0265625 0.1296875
1 1 0.69375 0.02109375 0.109375
2 0.70390625 0.75234375 0.0921875 0.4484375
3 0.756640625 0.7515625 0.05390625 0.4375
0 1 0.68359375 0.01484375 0.0296875
0 1 0.64921875 0.0140625 0.0953125
0 1 0.62109375 0.0140625 0.0578125
