3 0.540234375 0.72109375 0.03828125 0.1140625
3 0.370703125 0.72109375 0.03984375 0.1390625
3 0.485546875 0.721875 0.03515625 0.125
3 0.457421875 0.71953125 0.05546875 0.1296875
1 1 0.703125 0.015625 0.096875
1 1 0.69296875 0.01328125 0.0546875
1 1 0.71171875 0.015625 0.0765625
1 1 0.71171875 0.0171875 0.0859375
1 1 0.7078125 0.01796875 0.0875
3 0.66875 0.70859375 0.0125 0.0328125
1 0.691015625 0.70234375 0.02421875 0.1359375
1 0.734375 0.67421875 0.0140625 0.0671875
1 0.725 0.7125 0.025 0.1375
1 0.78046875 0.7046875 0.0234375 0.13125
1 0.7578125 0.703125 0.025 0.15
1 0.975 0.7296875 0.04375 0.221875
3 1 0.68671875 0.0109375 0.0296875
3 1 0.67890625 0.0140625 0.0265625
3 1 0.70859375 0.0171875 0.0765625
3 1 0.7046875 0.021875 0.071875
1 1 0.73515625 0.03515625 0.1703125
0 1 0.6921875 0.02890625 0.053125
0 1 0.7171875 0.01171875 0.05
0 1 0.69296875 0.01640625 0.0546875
0 1 0.70234375 0.0140625 0.0453125
0 1 0.67890625 0.025 0.0359375
0 1 0.6765625 0.01328125 0.025
5 0 0 0 0
5 0 0 0 0
5 0 0 0 0
