1 0.5640625 0.70546875 0.0125 0.0734375
1 0.54609375 0.703125 0.015625 0.075
3 0.276171875 0.703125 0.02890625 0.08125
3 0.305859375 0.68828125 0.03046875 0.0515625
1 0.621484375 0.70859375 0.00859375 0.0703125
1 0.60703125 0.7140625 0.0390625 0.19375
1 1 0.67421875 0.025 0.1421875
1 0.956640625 0.6875 0.01328125 0.075
1 0.787109375 0.6984375 0.01640625 0.084375
2 0.685546875 0.709375 0.01015625 0.05
2 1 0.67734375 0.01328125 0.0671875
0 0.76484375 0.72890625 0.009375 0.0203125
0 0.462890625 0.66640625 0.01328125 0.0234375
0 0.723828125 0.72109375 0.00703125 0.0171875
0 1 0.68203125 0.0109375 0.0765625
0 1 0.665625 0.0296875 0.0875
0 1 0.62734375 0.0109375 0.0515625
0 1 0.63984375 0.01171875 0.0609375
0 1 0.65546875 0.0171875 0.1203125
0 1 0.68984375 0.009375 0.0515625
5 0 0 0 0
