1 0.278515625 0.66953125 0.05546875 0.2046875
1 0.357421875 0.6671875 0.05390625 0.134375
1 0.31171875 0.78671875 0.053125 0.2640625
1 0.35703125 0.765625 0.0578125 0.284375
1 0.19140625 0.7546875 0.0703125 0.346875
4 0.02265625 0.8078125 0.0359375 0.584375
2 0.738671875 0.78984375 0.01953125 0.0953125
2 0.833984375 0.76796875 0.02421875 0.1234375
2 0.66015625 0.7640625 0.0234375 0.1125
0 0.08515625 0.515625 0.0125 0.025
0 0.092578125 0.61328125 0.01171875 0.0171875
0 0.233984375 0.61796875 0.01328125 0.0609375
0 0.619921875 0.72109375 0.00546875 0.0203125
0 0.70078125 0.79296875 0.0046875 0.0390625
0 1 0.63671875 0.01796875 0.1203125
