1 0.022265625 0.72578125 0.03359375 0.1859375
1 0.074609375 0.68515625 0.05234375 0.2546875
1 0.758203125 0.6828125 0.01484375 0.090625
1 0.748828125 0.6796875 0.01484375 0.1
1 0.8359375 0.66015625 0.0078125 0.0390625
1 0.9609375 0.67265625 0.009375 0.0671875
1 0.98828125 0.6703125 0.00625 0.078125
1 1 0.6921875 0.0140625 0.071875
1 1 0.678125 0.01328125 0.096875
1 1 0.68671875 0.01796875 0.0859375
1 1 0.68359375 0.0296875 0.2046875
1 1 0.69375 0.05 0.2875
1 1 0.690625 0.0234375 0.175
1 1 0.6953125 0.0171875 0.165625
1 1 0.68828125 0.03359375 0.2046875
1 1 0.68828125 0.03984375 0.1984375
1 1 0.71328125 0.04375 0.2421875
1 1 0.70546875 0.04765625 0.2671875
0 0.105859375 0.65625 0.01015625 0.040625
0 0.721484375 0.66171875 0.00859375 0.0328125
