1 0.1515625 0.6921875 0.040625 0.196875
1 0.282421875 0.68828125 0.01953125 0.1265625
1 0.3546875 0.6515625 0.0078125 0.040625
1 0.338671875 0.6953125 0.01796875 0.134375
1 0.56328125 0.67109375 0.009375 0.0734375
1 0.591015625 0.68046875 0.01484375 0.0703125
1 0.62734375 0.67734375 0.0140625 0.0671875
1 0.7546875 0.66328125 0.009375 0.0578125
1 0.74453125 0.6640625 0.00625 0.053125
1 0.82734375 0.66640625 0.0109375 0.0703125
1 0.916796875 0.659375 0.01640625 0.096875
1 0.88671875 0.67578125 0.0203125 0.1515625
1 0.902734375 0.67578125 0.01640625 0.1453125
1 1 0.675 0.0234375 0.178125
1 1 0.67109375 0.025 0.1859375
1 1 0.6703125 0.0203125 0.1875
1 1 0.6640625 0.025 0.165625
1 1 0.67265625 0.03203125 0.1546875
1 1 0.66328125 0.03359375 0.1828125
1 1 0.6734375 0.034375 0.1625
1 1 0.66796875 0.01484375 0.1359375
1 1 0.6625 0.03203125 0.153125
1 1 0.60859375 0.01015625 0.0265625
1 1 0.63828125 0.009375 0.0703125
1 1 0.66640625 0.02109375 0.1328125
1 1 0.66484375 0.025 0.1484375
1 1 0.66640625 0.02109375 0.1421875
1 1 0.6671875 0.03203125 0.153125
1 0.983203125 0.67109375 0.02265625 0.1421875
1 1 0.66796875 0.02265625 0.1453125
1 1 0.64375 0.01953125 0.075
1 0.958203125 0.67265625 0.02578125 0.1484375
1 0.987109375 0.70390625 0.01484375 0.0484375
0 1 0.20546875 0.009375 0.0203125
0 0.441015625 0.68828125 0.02109375 0.1390625
0 0.533984375 0.63359375 0.01328125 0.0265625
0 0.653515625 0.6546875 0.00390625 0.015625
0 0.790234375 0.6375 0.00390625 0.03125
0 0.767578125 0.6515625 0.00703125 0.053125
5 0 0 0 0
5 0 0 0 0
5 0 0 0 0
5 0 0 0 0
5 0 0 0 0
