1 0.828515625 0.68359375 0.00546875 0.0265625
1 0.852734375 0.690625 0.00546875 0.025
4 0.864453125 0.69453125 0.00703125 0.0171875
1 0.94375 0.69140625 0.0140625 0.1171875
1 0.9328125 0.67890625 0.01875 0.0890625
1 0.93359375 0.715625 0.01875 0.10625
1 0.9125 0.6828125 0.0296875 0.15625
1 0.965625 0.7109375 0.01875 0.1
1 0.877734375 0.67421875 0.03203125 0.1734375
4 0.810546875 0.66875 0.01015625 0.034375
2 0.840234375 0.6921875 0.00703125 0.0375
0 0.558984375 0.65859375 0.01640625 0.0390625
0 0.606640625 0.67734375 0.01640625 0.0234375
0 0.644140625 0.66875 0.01796875 0.025
0 0.679296875 0.68125 0.00703125 0.0125
0 0.697265625 0.6765625 0.00703125 0.0125
