1 1 0.76875 0.0703125 0.41875
1 1 0.75234375 0.08984375 0.4390625
1 0.828515625 0.7140625 0.02109375 0.121875
1 0.85 0.7140625 0.0234375 0.128125
1 0.90625 0.70546875 0.0125 0.0796875
1 0.8921875 0.7109375 0.0171875 0.08125
1 0.941796875 0.69921875 0.01171875 0.0828125
1 0.927734375 0.7234375 0.02265625 0.121875
1 0.970703125 0.7203125 0.01640625 0.096875
1 0.983203125 0.7140625 0.01484375 0.08125
0 0.8765625 0.63046875 0.0046875 0.0140625
0 0.89609375 0.64609375 0.0109375 0.0359375
0 0.38984375 0.6046875 0.034375 0.059375
0 0.95703125 0.69609375 0.009375 0.0546875
0 1 0.70390625 0.00390625 0.0640625
5 0 0 0 0
