1 0.961328125 0.6734375 0.00703125 0.053125
1 0.98828125 0.6859375 0.0078125 0.04375
1 0.969140625 0.6703125 0.01171875 0.071875
1 0.977734375 0.6765625 0.01171875 0.065625
1 1 0.603125 0.01171875 0.053125
1 1 0.5890625 0.01875 0.065625
1 1 0.6359375 0.01640625 0.09375
1 1 0.63203125 0.01328125 0.0515625
1 0.941015625 0.68125 0.03984375 0.221875
1 1 0.55625 0.08515625 0.2125
3 0.408984375 0.6671875 0.01796875 0.053125
3 0.394921875 0.66640625 0.01328125 0.0421875
3 0.415234375 0.65390625 0.01171875 0.0328125
3 0.423046875 0.66328125 0.01796875 0.0703125
3 0.43203125 0.6484375 0.0109375 0.021875
3 0.492578125 0.66796875 0.02109375 0.0484375
3 0.53125 0.66875 0.0265625 0.05625
3 0.440234375 0.66328125 0.02734375 0.0703125
3 0.44609375 0.66953125 0.0328125 0.0734375
3 0.468359375 0.66875 0.03671875 0.046875
3 0.58359375 0.671875 0.009375 0.065625
3 0.53671875 0.6734375 0.01875 0.046875
3 0.591015625 0.68203125 0.01328125 0.0765625
3 0.641796875 0.678125 0.01796875 0.065625
1 0.560546875 0.70390625 0.04140625 0.2453125
1 0.617578125 0.70078125 0.04296875 0.2734375
0 0.01953125 0.66875 0.0328125 0.253125
0 0.674609375 0.6328125 0.02109375 0.059375
0 0.743359375 0.6953125 0.01171875 0.040625
