1 0.802734375 0.621875 0.00859375 0.04375
1 0.8125 0.62890625 0.00625 0.0328125
1 0.810546875 0.6671875 0.01328125 0.065625
1 0.384765625 0.76328125 0.08046875 0.4515625
1 1 0.81328125 0.109375 0.5859375
1 1 0.7421875 0.0484375 0.534375
1 1 0.7359375 0.12265625 0.665625
1 0.84140625 0.66640625 0.0234375 0.1140625
1 0.90078125 0.69765625 0.0453125 0.2265625
0 1 0.66015625 0.08046875 0.5671875
0 1 0.58671875 0.04453125 0.2765625
0 0.789453125 0.60625 0.00703125 0.01875
0 1 0.3125 0.025 0.059375
0 1 0.63515625 0.06953125 0.2984375
0 0.87265625 0.65703125 0.0109375 0.0578125
0 0.86015625 0.66328125 0.0109375 0.0453125
0 0.823046875 0.66875 0.01015625 0.040625
0 0.75390625 0.6109375 0.0125 0.025
