1 0.587109375 0.79453125 0.02109375 0.1109375
1 0.492578125 0.78828125 0.02421875 0.1171875
1 0.13515625 0.80625 0.0671875 0.275
1 0.87421875 0.79296875 0.0109375 0.0890625
1 0.862890625 0.7921875 0.01640625 0.09375
1 0.84765625 0.8 0.01875 0.09375
1 1 0.83203125 0.02421875 0.1203125
2 0.3046875 0.8421875 0.065625 0.31875
2 1 0.80859375 0.02890625 0.1453125
2 0.76171875 0.7984375 0.0265625 0.128125
2 0.190234375 0.82578125 0.09609375 0.4953125
0 1 0.86015625 0.0171875 0.0703125
0 0.712890625 0.78203125 0.01015625 0.0453125
0 1 0.83828125 0.02578125 0.1078125
0 1 0.8671875 0.02109375 0.04375
5 0 0 0 0
5 0 0 0 0
5 0 0 0 0
5 0 0 0 0
