1 0.697265625 0.6953125 0.01953125 0.09375
1 0.81015625 0.6828125 0.0171875 0.13125
1 0.80625 0.69140625 0.009375 0.1171875
1 0.86796875 0.6921875 0.025 0.121875
1 0.9328125 0.69140625 0.021875 0.1140625
1 0.953515625 0.67109375 0.01640625 0.1109375
1 0.957421875 0.6875 0.02421875 0.115625
1 1 0.7 0.0484375 0.24375
1 1 0.7171875 0.03125 0.303125
1 0.990625 0.721875 0.04375 0.3125
1 1 0.5609375 0.01875 0.084375
1 1 0.5625 0.02890625 0.05
1 1 0.55234375 0.0421875 0.1171875
0 0.773828125 0.6109375 0.03359375 0.084375
0 0.90078125 0.6453125 0.025 0.021875
0 0.198828125 0.35859375 0.00859375 0.0234375
0 0.975390625 0.47265625 0.00546875 0.0203125
0 1 0.4734375 0.01640625 0.025
