1 0.76328125 0.671875 0.0046875 0.021875
1 0.6421875 0.6984375 0.0171875 0.08125
1 0.628125 0.6953125 0.015625 0.0875
1 0.60390625 0.7 0.01875 0.09375
1 0.61015625 0.7015625 0.01875 0.09375
1 0.671875 0.690625 0.0171875 0.090625
1 0.66171875 0.68828125 0.0171875 0.0953125
1 0.74453125 0.68671875 0.0203125 0.1046875
1 0.7453125 0.69453125 0.009375 0.0890625
1 0.736328125 0.69296875 0.01953125 0.0921875
1 0.82265625 0.68828125 0.015625 0.0953125
1 0.8140625 0.6890625 0.015625 0.096875
1 0.800390625 0.69296875 0.01953125 0.0953125
1 0.786328125 0.6953125 0.01796875 0.090625
1 0.840625 0.68984375 0.0140625 0.0921875
1 0.85078125 0.6890625 0.0203125 0.096875
1 0.863671875 0.68515625 0.02265625 0.1078125
1 0.96171875 0.68828125 0.01875 0.1078125
1 0.975390625 0.69375 0.01953125 0.09375
4 0.79609375 0.6890625 0.015625 0.10625
4 0.816796875 0.6859375 0.00859375 0.115625
