1 0.5796875 0.76796875 0.0078125 0.0265625
1 0.58984375 0.76953125 0.009375 0.0296875
1 0.59765625 0.77421875 0.00625 0.0140625
1 0.60625 0.765625 0.0109375 0.034375
1 0.620703125 0.76953125 0.00859375 0.0296875
1 0.63046875 0.7703125 0.009375 0.03125
1 0.640234375 0.771875 0.00859375 0.03125
1 0.658984375 0.7765625 0.00703125 0.028125
1 0.692578125 0.775 0.00546875 0.028125
1 0.72265625 0.775 0.009375 0.025
1 0.744140625 0.77421875 0.00859375 0.0296875
1 0.5640625 0.76328125 0.00625 0.0359375
1 0.534375 0.76171875 0.00625 0.0390625
1 0.61796875 0.89296875 0.0109375 0.0328125
1 0.5546875 0.846875 0.015625 0.115625
1 0.571875 0.85546875 0.0203125 0.1109375
4 0.515625 0.78203125 0.009375 0.0546875
1 0.48046875 0.8140625 0.0140625 0.109375
1 0.46953125 0.8265625 0.0171875 0.146875
1 0.455078125 0.83125 0.02265625 0.140625
1 0.43515625 0.82265625 0.0296875 0.1484375
1 0.5234375 0.8421875 0.0203125 0.121875
1 0.541796875 0.84140625 0.02578125 0.1265625
1 0.50703125 0.82265625 0.0234375 0.1515625
1 0.493359375 0.82265625 0.02734375 0.1578125
1 0.207421875 0.7390625 0.04609375 0.35
1 0.20390625 0.78203125 0.025 0.3171875
1 0.17421875 0.7671875 0.0890625 0.44375
1 0.094140625 0.7171875 0.07890625 0.403125
1 0.033203125 0.7609375 0.05546875 0.45
1 0.753125 0.87109375 0.0125 0.0796875
1 0.762109375 0.86484375 0.01015625 0.0890625
1 0.741015625 0.8640625 0.01953125 0.096875
1 0.709765625 0.83515625 0.03203125 0.1546875
1 0.774609375 0.85546875 0.01796875 0.1015625
1 0.78984375 0.8515625 0.01875 0.103125
1 0.771875 0.85078125 0.015625 0.1203125
1 0.8171875 0.83984375 0.028125 0.1359375
1 0.822265625 0.83828125 0.01796875 0.1421875
1 0.8796875 0.82890625 0.0125 0.1609375
1 0.8640625 0.7984375 0.0265625 0.23125
1 0.844921875 0.80390625 0.04140625 0.2296875
1 0.940625 0.790625 0.0421875 0.25
1 1 0.80078125 0.0578125 0.3578125
3 1 0.86015625 0.08671875 0.2640625
1 1 0.796875 0.1109375 0.56875
0 0.305078125 0.71953125 0.04921875 0.0328125
