1 0.39609375 0.734375 0.015625 0.090625
1 0.408203125 0.73515625 0.01484375 0.0890625
1 0.369921875 0.73984375 0.01640625 0.0984375
1 1 0.70625 0.03515625 0.21875
1 1 0.69375 0.0375 0.196875
1 1 0.69140625 0.03828125 0.1890625
1 0.560546875 0.734375 0.01015625 0.05625
1 0.5765625 0.734375 0.009375 0.053125
1 0.94765625 0.67578125 0.00625 0.0078125
1 0.9578125 0.6703125 0.0078125 0.0125
1 1 0.6796875 0.02109375 0.08125
1 1 0.6875 0.0140625 0.046875
1 1 0.703125 0.0125 0.08125
1 1 0.7 0.0203125 0.096875
1 1 0.6546875 0.015625 0.034375
1 1 0.69609375 0.02578125 0.1046875
4 1 0.646875 0.0078125 0.025
2 0.61171875 0.73359375 0.009375 0.0453125
2 0.527734375 0.72265625 0.01484375 0.0671875
0 1 0.68828125 0.01171875 0.0359375
0 0.862890625 0.6890625 0.01171875 0.01875
0 1 0.58125 0.00546875 0.015625
0 1 0.61328125 0.0046875 0.0140625
0 0.43671875 0.64609375 0.0078125 0.0265625
0 0.4359375 0.6078125 0.0046875 0.015625
