1 0.357421875 0.71171875 0.01484375 0.0859375
1 0.5453125 0.70859375 0.0125 0.0609375
1 0.533203125 0.70625 0.01171875 0.06875
1 0.599609375 0.70703125 0.01171875 0.0609375
1 0.59609375 0.70859375 0.0125 0.0609375
1 0.9046875 0.6953125 0.00625 0.05625
1 1 0.68359375 0.01328125 0.0640625
1 1 0.6953125 0.0109375 0.05625
1 1 0.68046875 0.003125 0.0421875
1 1 0.6625 0.0078125 0.0125
2 0.51953125 0.69453125 0.0140625 0.0640625
2 0.50390625 0.6984375 0.015625 0.075
0 1 0.68984375 0.01015625 0.0328125
0 0.63828125 0.65 0.003125 0.009375
0 0.6171875 0.684375 0.01875 0.034375
