1 0.315234375 0.5453125 0.00859375 0.021875
1 0.339453125 0.55234375 0.00859375 0.0359375
1 0.456640625 0.55625 0.00859375 0.021875
1 0.466796875 0.5640625 0.00546875 0.021875
1 0.427734375 0.53984375 0.01484375 0.0359375
1 0.422265625 0.571875 0.02265625 0.11875
1 0.400390625 0.57109375 0.02109375 0.1109375
1 0.441015625 0.60859375 0.03828125 0.1890625
1 0.140625 0.7296875 0.0828125 0.4
1 0.47578125 0.58359375 0.00625 0.0328125
4 0.535546875 0.6078125 0.02265625 0.05625
1 0.62109375 0.5703125 0.0109375 0.034375
1 0.659765625 0.55703125 0.01953125 0.0546875
1 0.6890625 0.546875 0.0203125 0.06875
1 0.68671875 0.55390625 0.021875 0.0578125
1 0.70859375 0.54921875 0.0171875 0.0734375
1 0.728125 0.56015625 0.025 0.1109375
1 0.8671875 0.57890625 0.025 0.1234375
3 0.885546875 0.59765625 0.02890625 0.0953125
1 1 0.59921875 0.0296875 0.1453125
1 1 0.603125 0.0296875 0.14375
1 1 0.571875 0.02578125 0.08125
1 1 0.66796875 0.05625 0.2765625
1 1 0.65 0.059375 0.3125
4 1 0.815625 0.1453125 0.275
1 1 0.7640625 0.1421875 0.846875
1 1 0.771875 0.1203125 0.765625
1 0.32734375 0.65390625 0.0375 0.2140625
2 0.485546875 0.56796875 0.02265625 0.1046875
0 0.9546875 0.1734375 0.0484375 0.15625
0 1 0.58984375 0.040625 0.1046875
5 0 0 0 0
