1 0.630859375 0.6625 0.00859375 0.015625
4 0.646875 0.65703125 0.0125 0.0234375
3 0.58984375 0.7046875 0.0265625 0.096875
1 1 0.68515625 0.01875 0.1046875
1 1 0.6875 0.01953125 0.096875
1 1 0.69453125 0.0390625 0.2140625
1 1 0.684375 0.04609375 0.2375
1 1 0.67578125 0.03984375 0.2421875
2 0.90546875 0.6859375 0.021875 0.10625
0 1 0.43984375 0.01171875 0.0296875
0 0.67265625 0.425 0.0171875 0.1125
0 0.54609375 0.68125 0.0171875 0.028125
0 0.609765625 0.68203125 0.01171875 0.0296875
0 0.662890625 0.66171875 0.00703125 0.0109375
0 0.691015625 0.671875 0.00390625 0.009375
0 0.719140625 0.665625 0.00546875 0.0125
0 0.837109375 0.62734375 0.01171875 0.0234375
0 0.12421875 0.6859375 0.028125 0.065625
