1 0.354296875 0.70625 0.01796875 0.046875
1 0.339453125 0.67578125 0.01484375 0.0296875
1 0.3265625 0.7734375 0.0234375 0.178125
1 0.337890625 0.7890625 0.02109375 0.153125
1 0.401171875 0.678125 0.01328125 0.028125
1 0.44453125 0.66796875 0.015625 0.0359375
1 0.45859375 0.66328125 0.0078125 0.0203125
1 0.47890625 0.70546875 0.0125 0.1015625
1 0.493359375 0.70859375 0.01796875 0.0859375
1 0.50078125 0.7234375 0.025 0.078125
1 0.597265625 0.7859375 0.09296875 0.453125
1 0.573828125 0.81875 0.07265625 0.425
1 0.6828125 0.8046875 0.0734375 0.403125
1 0.875 0.73984375 0.065625 0.4234375
1 0.7953125 0.7640625 0.046875 0.4625
1 0.821875 0.84921875 0.053125 0.2734375
1 0.950390625 0.7421875 0.05703125 0.403125
1 0.91640625 0.75625 0.075 0.421875
1 0.84921875 0.73125 0.09375 0.55
1 1 0.765625 0.04453125 0.29375
1 1 0.74453125 0.078125 0.3953125
1 0.4703125 0.7203125 0.040625 0.175
1 0.426953125 0.784375 0.06640625 0.321875
2 1 0.65234375 0.03203125 0.1140625
2 0.387109375 0.7578125 0.04765625 0.25
2 0.05546875 0.7546875 0.01875 0.090625
0 1 0.528125 0.01953125 0.05
0 1 0.571875 0.01796875 0.0875
0 1 0.55390625 0.01796875 0.0921875
0 0.1921875 0.6453125 0.0078125 0.021875
