1 0.270703125 0.746875 0.00703125 0.028125
1 0.28125 0.740625 0.0078125 0.034375
1 0.973046875 0.6984375 0.02421875 0.13125
1 0.95078125 0.665625 0.0296875 0.0875
1 0.463671875 0.7609375 0.03984375 0.2125
1 0.7046875 0.74765625 0.04375 0.2140625
1 0.839453125 0.734375 0.04453125 0.23125
2 1 0.65546875 0.0328125 0.0984375
2 1 0.665625 0.028125 0.140625
2 0.1296875 0.771875 0.0140625 0.059375
0 1 0.603125 0.015625 0.028125
0 0.991796875 0.64921875 0.00859375 0.0734375
0 0.242578125 0.75 0.00859375 0.0375
0 1 0.66171875 0.01328125 0.0234375
