1 0.153125 0.76171875 0.0359375 0.1859375
1 0.20546875 0.76796875 0.0359375 0.1890625
1 0.326953125 0.7578125 0.03828125 0.18125
1 0.2953125 0.765625 0.0359375 0.178125
1 0.269921875 0.77109375 0.03046875 0.1703125
1 0.241015625 0.76015625 0.03984375 0.1921875
1 1 0.6671875 0.0203125 0.059375
1 1 0.77421875 0.08828125 0.4265625
1 1 0.7609375 0.084375 0.484375
1 1 0.72265625 0.0359375 0.3578125
1 1 0.6796875 0.02421875 0.146875
2 1 0.6890625 0.02890625 0.14375
2 0.9484375 0.70859375 0.0734375 0.3546875
2 0.56171875 0.7328125 0.071875 0.35
0 1 0.55 0.00859375 0.01875
0 0.63046875 0.70859375 0.021875 0.0859375
5 0 0 0 0
5 0 0 0 0
