1 1 0.75625 0.07421875 0.3625
1 1 0.75390625 0.0609375 0.3515625
1 0.715234375 0.740625 0.01171875 0.0625
1 0.653125 0.76953125 0.0171875 0.0984375
1 0.212890625 0.80234375 0.00859375 0.0890625
1 0.20078125 0.77578125 0.01875 0.1765625
1 0.189453125 0.77734375 0.02734375 0.1828125
1 0.1546875 0.78203125 0.0375 0.1859375
3 0.370703125 0.78359375 0.03203125 0.0828125
1 0.376171875 0.7703125 0.01953125 0.121875
2 0.990625 0.72734375 0.0375 0.1859375
2 0.926171875 0.75703125 0.08671875 0.4265625
2 0.91640625 0.8 0.096875 0.509375
0 1 0.60234375 0.03515625 0.1421875
0 1 0.45859375 0.0078125 0.0234375
0 0.5328125 0.55703125 0.04375 0.1359375
0 0.4953125 0.51796875 0.0640625 0.1671875
0 0.2578125 0.77578125 0.0140625 0.0578125
