1 0.924609375 0.7453125 0.03671875 0.18125
1 0.904296875 0.7484375 0.03203125 0.18125
1 0.854296875 0.75 0.02421875 0.184375
4 1 0.72734375 0.0421875 0.2078125
1 1 0.74609375 0.02890625 0.1484375
1 1 0.74453125 0.034375 0.1671875
1 1 0.73203125 0.04453125 0.2140625
4 0.746484375 0.728125 0.01953125 0.1625
1 1 0.71328125 0.01796875 0.1640625
1 1 0.721875 0.01328125 0.159375
4 1 0.7171875 0.02578125 0.175
4 1 0.74296875 0.0171875 0.1234375
1 1 0.71640625 0.02890625 0.1578125
1 1 0.73515625 0.04296875 0.2109375
1 1 0.72265625 0.03046875 0.1578125
1 1 0.7140625 0.0109375 0.15
1 1 0.73828125 0.0234375 0.1671875
1 0.815625 0.73828125 0.0328125 0.1796875
1 0.82578125 0.7515625 0.0375 0.18125
1 0.591796875 0.72109375 0.01640625 0.1296875
1 0.61015625 0.715625 0.025 0.14375
1 0.617578125 0.72578125 0.02578125 0.1390625
1 0.579296875 0.725 0.02578125 0.11875
1 0.541015625 0.71015625 0.03359375 0.1359375
4 0.6734375 0.72421875 0.028125 0.1765625
1 0.69453125 0.7375 0.0328125 0.190625
0 0.476953125 0.35234375 0.04765625 0.2265625
0 0.326171875 0.35390625 0.05390625 0.2484375
0 0.15859375 0.63828125 0.025 0.0859375
0 0.017578125 0.66484375 0.01640625 0.0359375
0 0.066015625 0.66953125 0.01015625 0.0234375
0 0.723046875 0.6765625 0.01484375 0.05
5 0 0 0 0
