1 0.928125 0.678125 0.009375 0.065625
1 0.9421875 0.6828125 0.009375 0.05625
1 0.958984375 0.678125 0.01328125 0.059375
1 0.984765625 0.6765625 0.01953125 0.103125
1 1 0.678125 0.00703125 0.09375
3 1 0.6890625 0.028125 0.0625
3 1 0.6796875 0.0171875 0.04375
3 1 0.68671875 0.01875 0.0390625
3 1 0.6875 0.0296875 0.040625
1 1 0.72578125 0.04765625 0.3609375
1 0.556640625 0.68125 0.01171875 0.040625
1 0.203515625 0.6890625 0.02109375 0.078125
1 0.17734375 0.67890625 0.0234375 0.0484375
1 0.130078125 0.68359375 0.01796875 0.0421875
1 0.541796875 0.70859375 0.01328125 0.0921875
1 0.48671875 0.684375 0.01875 0.046875
2 0.901171875 0.6984375 0.02109375 0.103125
0 1 0.665625 0.01015625 0.084375
0 1 0.6546875 0.00625 0.015625
0 0.70625 0.66640625 0.00625 0.0109375
0 0.696875 0.66640625 0.009375 0.0234375
0 0.67578125 0.6796875 0.0296875 0.015625
0 0.821484375 0.634375 0.00859375 0.01875
0 0.71015625 0.5171875 0.0125 0.065625
0 0.03046875 0.68984375 0.0109375 0.0265625
0 0.005078125 0.6953125 0.00703125 0.03125
0 0.041015625 0.66015625 0.01328125 0.0484375
0 0.741796875 0.675 0.00546875 0.015625
