3 0.98984375 0.6921875 0.0234375 0.08125
1 0.753515625 0.67734375 0.00703125 0.0453125
1 0.74609375 0.6734375 0.0109375 0.053125
1 0.76484375 0.69375 0.0140625 0.071875
1 0.733984375 0.6890625 0.02109375 0.103125
1 1 0.69609375 0.028125 0.1671875
1 1 0.69609375 0.0234375 0.1484375
1 1 0.6859375 0.03671875 0.178125
3 1 0.6765625 0.025 0.1375
2 0.378125 0.69296875 0.03125 0.1265625
0 0.972265625 0.6796875 0.00546875 0.025
0 0.838671875 0.6890625 0.01015625 0.025
0 0.5796875 0.66015625 0.0046875 0.0109375
0 0.546484375 0.66171875 0.00546875 0.0109375
0 0.34609375 0.646875 0.0125 0.05
