1 1 0.75546875 0.021875 0.1265625
1 1 0.75234375 0.028125 0.1328125
1 0.553125 0.715625 0.00625 0.0375
1 0.488671875 0.7375 0.01171875 0.071875
1 0.476171875 0.734375 0.01328125 0.071875
1 0.43359375 0.7328125 0.01875 0.09375
1 0.415625 0.73515625 0.0171875 0.0859375
2 0.337109375 0.740625 0.02265625 0.10625
2 0.5953125 0.7421875 0.03125 0.153125
2 1 0.778125 0.0671875 0.328125
0 1 0.70703125 0.02890625 0.1015625
0 1 0.71796875 0.0125 0.1234375
0 1 0.7234375 0.0140625 0.11875
0 0.99375 0.71796875 0.015625 0.1046875
0 0.97421875 0.73203125 0.0109375 0.1234375
0 0.687109375 0.68984375 0.01328125 0.0265625
0 0.662109375 0.69765625 0.00546875 0.0359375
0 0.705859375 0.6890625 0.00703125 0.021875
0 0.023046875 0.7671875 0.01484375 0.0375
0 0.512109375 0.725 0.00859375 0.071875
0 0.529296875 0.69140625 0.01015625 0.0265625
0 0.130078125 0.59765625 0.00546875 0.0203125
5 0 0 0 0
