1 0.818359375 0.57890625 0.00390625 0.0265625
1 0.80859375 0.58125 0.0046875 0.028125
1 0.813671875 0.59296875 0.00390625 0.0234375
1 0.5546875 0.73046875 0.05 0.3609375
0 0.15703125 0.7171875 0.025 0.04375
0 0.359765625 0.69921875 0.01015625 0.0234375
0 0.4734375 0.70625 0.0046875 0.01875
0 0.448828125 0.7078125 0.00859375 0.021875
0 0.477734375 0.68046875 0.00390625 0.0109375
0 0.141015625 0.67265625 0.01171875 0.0796875
0 0.121875 0.70390625 0.009375 0.0296875
0 1 0.54296875 0.00703125 0.0546875
0 1 0.54140625 0.0078125 0.0609375
0 0.9875 0.65625 0.0078125 0.009375
0 0.74609375 0.5578125 0.003125 0.0125
