1 0.881640625 0.68984375 0.01015625 0.0453125
1 1 0.68359375 0.00859375 0.0515625
1 1 0.684375 0.01015625 0.053125
1 0.9234375 0.67890625 0.009375 0.0453125
1 0.847265625 0.678125 0.00859375 0.053125
1 0.852734375 0.6859375 0.00859375 0.046875
1 0.665625 0.68671875 0.009375 0.0546875
1 0.5734375 0.69921875 0.015625 0.0796875
1 0.584765625 0.6953125 0.01328125 0.090625
2 0.20625 0.69921875 0.028125 0.1421875
2 1 0.6875 0.01484375 0.071875
2 0.9484375 0.66953125 0.00625 0.0296875
0 0.270703125 0.63984375 0.01796875 0.1265625
0 0.0828125 0.65625 0.021875 0.075
0 0.65859375 0.609375 0.0046875 0.0125
0 0.930078125 0.60625 0.00546875 0.0125
0 0.934375 0.67421875 0.0046875 0.0296875
0 0.9734375 0.6796875 0.009375 0.028125
0 1 0.56640625 0.07109375 0.4109375
0 1 0.6671875 0.009375 0.03125
