1 0.513671875 0.7125 0.01328125 0.153125
1 0.53203125 0.7046875 0.028125 0.1625
1 0.559765625 0.70859375 0.02578125 0.1515625
1 0.703125 0.703125 0.009375 0.09375
1 0.712109375 0.678125 0.02109375 0.071875
3 0.71640625 0.71015625 0.025 0.0734375
2 0.870703125 0.77265625 0.11171875 0.5671875
2 0.951953125 0.71953125 0.08984375 0.4984375
0 1 0.64921875 0.01953125 0.0546875
0 0.565625 0.6078125 0.01875 0.040625
0 0.22109375 0.25390625 0.0625 0.1765625
0 0.111328125 0.259375 0.02890625 0.0875
0 0.033203125 0.221875 0.03046875 0.103125
