1 0.648046875 0.70625 0.01171875 0.065625
3 0.478515625 0.71328125 0.01171875 0.0296875
3 0.453125 0.72578125 0.0171875 0.0546875
1 0.1625 0.7625 0.040625 0.2
1 0.91171875 0.68046875 0.0171875 0.0453125
4 1 0.6921875 0.034375 0.125
1 1 0.6609375 0.01796875 0.0625
1 1 0.70390625 0.02734375 0.1796875
1 1 0.68203125 0.028125 0.1890625
2 0.71015625 0.71328125 0.034375 0.1640625
0 0.41484375 0.36015625 0.009375 0.0203125
0 0.1859375 0.72578125 0.0078125 0.0390625
0 0.163671875 0.60703125 0.02109375 0.0984375
