1 0.3796875 0.66015625 0.0078125 0.0421875
1 0.1609375 0.696875 0.0515625 0.25
1 0.631640625 0.68828125 0.03671875 0.1765625
1 0.633984375 0.69765625 0.02421875 0.1546875
1 0.64453125 0.69453125 0.034375 0.1640625
1 0.667578125 0.69296875 0.03515625 0.1796875
4 0.541796875 0.68828125 0.02578125 0.1890625
1 0.8203125 0.6 0.0125 0.015625
1 0.479296875 0.7 0.03515625 0.16875
1 0.54921875 0.70390625 0.034375 0.1671875
1 0.611328125 0.671875 0.02109375 0.13125
2 0.478515625 0.64765625 0.03203125 0.0984375
2 0.5796875 0.66640625 0.021875 0.1046875
0 1 0.6046875 0.03359375 0.078125
0 1 0.61328125 0.01015625 0.0359375
0 1 0.6015625 0.025 0.034375
0 1 0.63046875 0.02109375 0.3109375
