1 0.751953125 0.684375 0.00859375 0.053125
1 0.74375 0.67421875 0.0109375 0.0671875
1 0.731640625 0.67578125 0.01328125 0.0640625
1 0.71484375 0.68046875 0.0125 0.0578125
1 0.699609375 0.68515625 0.01484375 0.0734375
1 0.786328125 0.65625 0.03046875 0.115625
1 0.90859375 0.68046875 0.009375 0.0453125
1 0.9171875 0.6828125 0.0078125 0.04375
1 0.9328125 0.68046875 0.0078125 0.0390625
1 0.941015625 0.6828125 0.01015625 0.05
1 0.963671875 0.68359375 0.01015625 0.0515625
4 0.973828125 0.67265625 0.00234375 0.0390625
1 0.9703125 0.684375 0.009375 0.05625
1 0.951953125 0.690625 0.01328125 0.06875
1 0.990625 0.67421875 0.009375 0.0484375
1 0.993359375 0.6953125 0.01328125 0.078125
1 0.980078125 0.69453125 0.01640625 0.0796875
1 1 0.69609375 0.0171875 0.0921875
1 1 0.69765625 0.01796875 0.1109375
1 1 0.6875 0.0125 0.096875
1 1 0.653125 0.0078125 0.015625
1 1 0.7 0.02109375 0.109375
1 1 0.69453125 0.01875 0.0921875
1 1 0.69140625 0.01796875 0.1203125
1 1 0.70703125 0.0296875 0.1421875
1 1 0.67421875 0.028125 0.0953125
1 1 0.709375 0.009375 0.090625
1 1 0.68671875 0.0328125 0.1765625
1 1 0.6890625 0.021875 0.15
1 1 0.69921875 0.0328125 0.1515625
1 1 0.69609375 0.04921875 0.2859375
1 1 0.7171875 0.06484375 0.321875
1 1 0.7078125 0.03359375 0.3375
4 1 0.67578125 0.01953125 0.1265625
1 0.60859375 0.6671875 0.015625 0.053125
1 0.665625 0.68515625 0.0109375 0.0546875
3 0.65859375 0.696875 0.015625 0.0375
3 0.647265625 0.70234375 0.02109375 0.0546875
3 0.630078125 0.715625 0.01796875 0.0875
3 0.619140625 0.71015625 0.01640625 0.0734375
3 0.594140625 0.66328125 0.01328125 0.0203125
3 0.60390625 0.6921875 0.015625 0.053125
3 0.592578125 0.73125 0.02890625 0.11875
1 0.51171875 0.6609375 0.01875 0.053125
1 0.490625 0.65703125 0.0234375 0.0640625
1 0.469921875 0.6484375 0.01953125 0.053125
3 0.49453125 0.69609375 0.028125 0.0734375
3 0.4734375 0.70234375 0.0234375 0.0734375
3 0.4984375 0.734375 0.05625 0.146875
1 0.396484375 0.6546875 0.01640625 0.053125
4 0.3796875 0.63984375 0.025 0.0484375
1 0.364453125 0.64765625 0.02265625 0.0421875
3 0.402734375 0.70546875 0.02265625 0.1078125
3 0.384765625 0.69296875 0.02578125 0.0796875
3 0.35703125 0.69453125 0.0125 0.0734375
4 0.320703125 0.66328125 0.02421875 0.0828125
1 0.3015625 0.6546875 0.028125 0.109375
3 0.25625 0.7015625 0.0359375 0.11875
3 0.22734375 0.70234375 0.021875 0.1203125
3 0.319140625 0.725 0.01796875 0.128125
3 0.334765625 0.6859375 0.03515625 0.075
3 0.29765625 0.71875 0.04375 0.146875
3 0.36953125 0.7234375 0.028125 0.1375
3 0.173828125 0.70625 0.03046875 0.125
3 0.141015625 0.70625 0.03515625 0.125
3 0.123046875 0.70390625 0.03828125 0.1296875
3 0.10625 0.703125 0.034375 0.128125
1 0.207421875 0.70078125 0.03515625 0.1703125
1 0.073046875 0.69375 0.03984375 0.19375
1 0.023046875 0.690625 0.02578125 0.19375
4 0.012109375 0.709375 0.01484375 0.2375
3 0.533203125 0.71015625 0.01953125 0.1046875
1 0.552734375 0.72265625 0.05078125 0.2453125
2 0.825 0.73203125 0.053125 0.2578125
0 1 0.68984375 0.040625 0.1203125
0 0.35703125 0.57578125 0.0140625 0.0421875
5 0 0 0 0
5 0 0 0 0
5 0 0 0 0
