1 0.371875 0.55234375 0.009375 0.0328125
1 0.38125 0.55703125 0.00625 0.0359375
1 0.38984375 0.55390625 0.00625 0.0390625
4 0.551953125 0.584375 0.01328125 0.021875
1 0.583984375 0.5734375 0.01171875 0.04375
1 0.598046875 0.571875 0.01015625 0.046875
1 0.60546875 0.56953125 0.009375 0.0484375
1 0.613671875 0.56953125 0.01171875 0.0484375
1 0.628515625 0.58125 0.00859375 0.025
1 0.684765625 0.5640625 0.01328125 0.05
1 0.705078125 0.56171875 0.01015625 0.0390625
1 0.734375 0.57578125 0.0078125 0.0203125
1 0.769921875 0.57265625 0.00859375 0.0203125
1 0.7765625 0.565625 0.0078125 0.0375
1 0.84609375 0.5625 0.0078125 0.0375
1 0.884765625 0.5609375 0.00859375 0.025
1 0.852734375 0.753125 0.01015625 0.05
1 0.859375 0.75234375 0.0109375 0.0546875
1 0.866796875 0.75078125 0.01171875 0.0578125
1 0.8796875 0.75078125 0.0109375 0.0578125
1 0.889453125 0.74921875 0.01015625 0.0546875
1 0.93828125 0.7125 0.009375 0.109375
1 0.94921875 0.7109375 0.0203125 0.1125
1 0.92890625 0.703125 0.0234375 0.125
1 0.91328125 0.7078125 0.025 0.121875
1 1 0.74453125 0.059375 0.2890625
1 1 0.72109375 0.0828125 0.4046875
1 1 0.72109375 0.07109375 0.4546875
1 0.791015625 0.7390625 0.03515625 0.271875
1 0.828515625 0.73046875 0.05234375 0.2890625
1 0.7 0.74609375 0.0171875 0.0765625
1 0.53046875 0.7453125 0.046875 0.284375
1 0.56875 0.76015625 0.05625 0.2734375
1 0.353125 0.625 0.0125 0.053125
1 0.338671875 0.78828125 0.05078125 0.3734375
1 0.369921875 0.78515625 0.07421875 0.4046875
1 0.2796875 0.79921875 0.0671875 0.3640625
1 0.171484375 0.81328125 0.11640625 0.5671875
1 0.05234375 0.81640625 0.09375 0.6234375
1 0.16796875 0.87890625 0.115625 0.5640625
1 0.05078125 0.87890625 0.090625 0.5921875
1 0.65859375 0.7703125 0.075 0.4625
5 0 0 0 0
5 0 0 0 0
