1 0.1703125 0.6859375 0.0203125 0.1375
1 0.205859375 0.6859375 0.02421875 0.15625
1 0.183984375 0.690625 0.02890625 0.140625
1 0.2328125 0.66640625 0.0265625 0.0984375
1 0.262109375 0.6359375 0.02890625 0.065625
1 0.021484375 0.71640625 0.03203125 0.2265625
1 0.07109375 0.7046875 0.021875 0.26875
1 0.150390625 0.6109375 0.02265625 0.109375
1 0.13125 0.68515625 0.0390625 0.3078125
1 0.09765625 0.67734375 0.0484375 0.3296875
1 0.408984375 0.66328125 0.01171875 0.1046875
1 0.680078125 0.71640625 0.03359375 0.1703125
1 0.69296875 0.72109375 0.034375 0.1703125
1 1 0.77265625 0.02265625 0.1140625
1 1 0.75625 0.02109375 0.0875
1 1 0.7828125 0.0234375 0.14375
1 1 0.76015625 0.0390625 0.1890625
1 0.516796875 0.7171875 0.03046875 0.15
1 0.540625 0.70625 0.028125 0.16875
1 0.5671875 0.71640625 0.0390625 0.1859375
2 0.81484375 0.70078125 0.0265625 0.1109375
2 0.82265625 0.7046875 0.0359375 0.175
0 1 0.7265625 0.0140625 0.028125
