1 0.975390625 0.6953125 0.01171875 0.09375
1 1 0.865625 0.15 0.728125
1 0.2828125 0.734375 0.025 0.125
1 0.2296875 0.72421875 0.01875 0.0640625
3 0.24375 0.7609375 0.0359375 0.090625
3 0.232421875 0.75859375 0.04140625 0.1046875
1 0.193359375 0.75703125 0.01640625 0.0953125
1 0.1734375 0.746875 0.021875 0.11875
1 0.686328125 0.66640625 0.01796875 0.0796875
1 0.67578125 0.65234375 0.0234375 0.0609375
1 0.6578125 0.63671875 0.028125 0.0703125
1 0.6453125 0.7015625 0.0265625 0.146875
3 0.64765625 0.74609375 0.059375 0.1765625
3 0.6515625 0.7625 0.0296875 0.15
1 0.62421875 0.725 0.0234375 0.19375
1 0.605859375 0.81875 0.11640625 0.56875
3 0.891796875 1 0.12734375 0.2265625
2 0.346875 0.7171875 0.0171875 0.059375
2 0.36796875 0.7359375 0.0203125 0.1
2 0.827734375 0.70625 0.01953125 0.090625
2 0.907421875 0.7046875 0.02265625 0.1125
2 0.4296875 0.72578125 0.0140625 0.0828125
2 0.412890625 0.7328125 0.02109375 0.103125
0 0.932421875 0.5859375 0.00703125 0.009375
0 1 0.69375 0.01015625 0.096875
0 0.840625 0.69609375 0.00625 0.0296875
0 0.52109375 0.7109375 0.0078125 0.053125
0 0.0140625 0.7484375 0.0140625 0.05
