1 1 0.65078125 0.0421875 0.1265625
4 0.01640625 0.875 0.0234375 0.575
1 0.11875 0.80234375 0.128125 0.6234375
1 0.08984375 0.87734375 0.140625 0.8078125
1 0.30390625 0.82421875 0.084375 0.4546875
1 1 0.66328125 0.00546875 0.0171875
1 0.990625 0.678125 0.0171875 0.065625
1 0.968359375 0.6953125 0.01796875 0.1125
1 0.948828125 0.715625 0.03046875 0.1625
1 0.81875 0.7296875 0.0390625 0.190625
1 0.89765625 0.71640625 0.03125 0.1546875
4 1 0.684375 0.01015625 0.05
0 1 0.6515625 0.00703125 0.01875
0 1 0.66015625 0.0125 0.0359375
0 1 0.67890625 0.0109375 0.0265625
0 1 0.678125 0.01015625 0.0375
0 0.62578125 0.61484375 0.028125 0.0890625
0 0.6875 0.61953125 0.0328125 0.0421875
0 0.652734375 0.65859375 0.01328125 0.0328125
0 0.54375 0.66328125 0.0140625 0.0453125
0 0.500390625 0.659375 0.02109375 0.04375
0 0.466796875 0.65390625 0.01953125 0.0453125
0 0.4296875 0.65859375 0.0296875 0.0484375
0 0.379296875 0.646875 0.02421875 0.05
0 0.503515625 0.62578125 0.01640625 0.0328125
0 1 0.646875 0.00859375 0.015625
