0 1 0.52578125 0.0125 0.0484375
0 1 0.55078125 0.021875 0.0546875
0 1 0.5671875 0.02265625 0.05625
0 1 0.5859375 0.0234375 0.065625
0 1 0.57890625 0.01875 0.0671875
0 1 0.6078125 0.0140625 0.046875
0 0.868359375 0.628125 0.02109375 0.046875
0 0.7671875 0.63359375 0.01875 0.0515625
0 0.725 0.6421875 0.015625 0.046875
0 0.687109375 0.65 0.01796875 0.046875
0 0.66015625 0.6359375 0.0078125 0.059375
0 0.32421875 0.7140625 0.0078125 0.04375
0 0.54609375 0.66171875 0.0125 0.0515625
0 0.56328125 0.67109375 0.0125 0.0671875
