1 0.92109375 0.565625 0.0140625 0.071875
1 0.93046875 0.56875 0.0109375 0.065625
1 0.912109375 0.65078125 0.01328125 0.0640625
1 0.927734375 0.6859375 0.02265625 0.121875
1 0.983203125 0.6234375 0.00859375 0.0375
1 0.973828125 0.69453125 0.02265625 0.1796875
1 0.99296875 0.690625 0.025 0.20625
1 1 0.73828125 0.065625 0.4203125
1 0.562109375 0.67734375 0.00859375 0.0640625
3 0.359765625 0.70390625 0.02265625 0.0703125
1 0.285546875 0.725 0.01484375 0.171875
1 0.222265625 0.72421875 0.02421875 0.1703125
1 0.273828125 0.73515625 0.02734375 0.1515625
1 0.24453125 0.72578125 0.0328125 0.1859375
1 0.150390625 0.64375 0.01328125 0.021875
1 0.17578125 0.63359375 0.0203125 0.0546875
1 0.163671875 0.64375 0.01484375 0.040625
1 0.189453125 0.68203125 0.01484375 0.0828125
1 0.1796875 0.67421875 0.0234375 0.0921875
0 1 0.4609375 0.07734375 0.14375
0 1 0.62578125 0.01875 0.1015625
0 0.34296875 0.63828125 0.021875 0.0390625
0 0.48359375 0.57421875 0.01875 0.0328125
0 0.022265625 0.61640625 0.02109375 0.0234375
0 0.597265625 0.66796875 0.01328125 0.0203125
0 1 0.50234375 0.00546875 0.0171875
