1 0.906982421875 0.4404296875 0.06396484375 0.359375
1 0.845458984375 0.47412109375 0.06396484375 0.3115234375
1 0.525146484375 0.4384765625 0.02099609375 0.103515625
1 0.432861328125 0.44140625 0.02685546875 0.12890625
1 0.4140625 0.46337890625 0.015625 0.0751953125
1 0.38330078125 0.46337890625 0.01171875 0.0732421875
1 0.395263671875 0.4482421875 0.02099609375 0.107421875
0 0.78564453125 0.33544921875 0.00390625 0.0224609375
0 0.7939453125 0.33984375 0.0048828125 0.015625
0 0.2333984375 0.45361328125 0.0068359375 0.0927734375
0 0.194580078125 0.4375 0.02392578125 0.150390625
0 0.641845703125 0.353515625 0.00341796875 0.01171875
0 0.16796875 0.4306640625 0.015625 0.078125
