1 0.75537109375 0.40576171875 0.017578125 0.0380859375
1 0.578857421875 0.41357421875 0.00634765625 0.0361328125
1 0.821533203125 0.392578125 0.01123046875 0.095703125
1 0.83056640625 0.40869140625 0.01953125 0.1396484375
3 0.80517578125 0.46875 0.0478515625 0.150390625
1 0.84765625 0.43798828125 0.0380859375 0.2392578125
1 0.735107421875 0.4345703125 0.04345703125 0.1875
1 0.981689453125 0.46728515625 0.03271484375 0.2490234375
1 0.4482421875 0.416015625 0.009765625 0.0546875
1 0.49609375 0.41064453125 0.0107421875 0.0517578125
0 0.768310546875 0.4326171875 0.01123046875 0.099609375
5 0 0 0 0
5 0 0 0 0
