1 0.435546875 0.3544921875 0.0068359375 0.0546875
1 0.429931640625 0.359375 0.01025390625 0.05859375
1 0.293701171875 0.3583984375 0.01220703125 0.0390625
1 0.275146484375 0.34912109375 0.01318359375 0.0205078125
1 0.21142578125 0.3798828125 0.017578125 0.0859375
1 0.19189453125 0.37939453125 0.015625 0.0615234375
1 0.1083984375 0.3779296875 0.0224609375 0.12109375
1 0.039794921875 0.42431640625 0.03955078125 0.2138671875
1 0.078369140625 0.36669921875 0.04638671875 0.1650390625
1 0.147216796875 0.49658203125 0.09033203125 0.4404296875
1 0.25146484375 0.50341796875 0.08203125 0.4130859375
1 0.331298828125 0.4775390625 0.08251953125 0.400390625
