1 0.219970703125 0.4443359375 0.01806640625 0.08984375
1 0.249755859375 0.44482421875 0.01904296875 0.0908203125
3 0.1181640625 0.42529296875 0.0126953125 0.0224609375
3 0.599365234375 0.45068359375 0.01806640625 0.0439453125
1 0.54931640625 0.43603515625 0.0068359375 0.0341796875
1 0.541748046875 0.4375 0.00732421875 0.037109375
0 0.665771484375 0.44140625 0.02001953125 0.04296875
0 0.73681640625 0.4384765625 0.0205078125 0.03515625
0 0.808837890625 0.44189453125 0.01220703125 0.0322265625
0 0.442138671875 0.4306640625 0.00927734375 0.033203125
0 0.476806640625 0.43359375 0.00244140625 0.013671875
0 0.845947265625 0.43359375 0.00537109375 0.009765625
5 0 0 0 0
5 0 0 0 0
