1 0.646484375 0.4140625 0.0087890625 0.04296875
1 0.65234375 0.392578125 0.0068359375 0.025390625
3 0.651123046875 0.41650390625 0.01708984375 0.0419921875
1 0.768798828125 0.400390625 0.01220703125 0.060546875
1 0.71240234375 0.38134765625 0.0048828125 0.0244140625
1 0.708740234375 0.3955078125 0.00927734375 0.064453125
1 0.7158203125 0.4013671875 0.01171875 0.064453125
1 0.734375 0.39990234375 0.0078125 0.0654296875
1 0.740966796875 0.4013671875 0.01416015625 0.06640625
1 0.69970703125 0.4091796875 0.0185546875 0.091796875
1 0.671142578125 0.41064453125 0.01220703125 0.0869140625
1 0.683349609375 0.4140625 0.01806640625 0.087890625
1 0.66357421875 0.41455078125 0.017578125 0.0888671875
1 0.483642578125 0.423828125 0.01904296875 0.134765625
1 0.491943359375 0.42333984375 0.01123046875 0.1279296875
1 0.509521484375 0.4208984375 0.02099609375 0.1328125
1 0.503662109375 0.42626953125 0.02490234375 0.1318359375
1 0.375244140625 0.4541015625 0.02099609375 0.205078125
1 0.4013671875 0.453125 0.0400390625 0.248046875
1 0.35107421875 0.4619140625 0.0439453125 0.23046875
1 0.281494140625 0.58251953125 0.03955078125 0.0185546875
1 0.22509765625 0.4931640625 0.0615234375 0.30078125
4 0.93505859375 0.42578125 0.0068359375 0.06640625
1 0.98974609375 0.40771484375 0.0166015625 0.1259765625
1 0.961181640625 0.44580078125 0.05126953125 0.2861328125
0 0.2861328125 0.3212890625 0.0205078125 0.05859375
0 0.84716796875 0.44580078125 0.0634765625 0.1572265625
0 0.571533203125 0.4033203125 0.01025390625 0.02734375
