1 0.752685546875 0.40283203125 0.00830078125 0.0205078125
1 0.76611328125 0.408203125 0.0107421875 0.033203125
1 0.77978515625 0.3955078125 0.0107421875 0.021484375
1 0.79296875 0.3896484375 0.015625 0.02734375
1 0.468017578125 0.41357421875 0.00732421875 0.0263671875
1 0.459716796875 0.41796875 0.01123046875 0.046875
1 0.568115234375 0.4208984375 0.00537109375 0.033203125
1 0.53271484375 0.404296875 0.005859375 0.017578125
1 0.52392578125 0.41259765625 0.0068359375 0.0244140625
0 0.697509765625 0.39013671875 0.00341796875 0.0068359375
