1 0.75390625 0.40673828125 0.03515625 0.1708984375
1 0.96484375 0.4970703125 0.06640625 0.41796875
1 0.125732421875 0.57568359375 0.11572265625 0.7470703125
1 0.224609375 0.56884765625 0.1220703125 0.6845703125
1 0.523193359375 0.52490234375 0.10498046875 0.5283203125
1 0.482177734375 0.55029296875 0.09912109375 0.5791015625
1 0.43408203125 0.55322265625 0.1064453125 0.6416015625
0 0.812744140625 0.39111328125 0.02490234375 0.0439453125
0 0.8505859375 0.3828125 0.01171875 0.037109375
0 0.70458984375 0.349609375 0.0107421875 0.07421875
