1 0.112060546875 0.4599609375 0.02392578125 0.123046875
1 0.58056640625 0.43603515625 0.0087890625 0.0439453125
1 0.62060546875 0.44189453125 0.0126953125 0.0927734375
1 0.6298828125 0.447265625 0.0185546875 0.08984375
1 0.6826171875 0.45458984375 0.0185546875 0.1240234375
1 0.749755859375 0.42529296875 0.02294921875 0.1181640625
1 0.79150390625 0.4755859375 0.021484375 0.2265625
1 0.77294921875 0.48046875 0.0390625 0.2578125
1 0.84228515625 0.47802734375 0.0322265625 0.2001953125
1 0.822265625 0.47119140625 0.0244140625 0.2197265625
1 0.88916015625 0.46484375 0.0185546875 0.16015625
1 0.8994140625 0.46533203125 0.03515625 0.1728515625
3 0.737548828125 0.51904296875 0.03564453125 0.1025390625
0 0.957275390625 0.24462890625 0.01025390625 0.0302734375
0 0.923828125 0.40966796875 0.0107421875 0.0263671875
0 0.847412109375 0.39013671875 0.00732421875 0.0224609375
0 0.787353515625 0.15283203125 0.02880859375 0.0537109375
0 0.781494140625 0.36572265625 0.01318359375 0.0322265625
0 0.5361328125 0.4208984375 0.0078125 0.015625
