1 0.19921875 0.40087890625 0.0068359375 0.0322265625
1 0.240966796875 0.390625 0.01806640625 0.0546875
1 0.25732421875 0.42236328125 0.0419921875 0.1201171875
1 0.222900390625 0.43603515625 0.03271484375 0.1376953125
1 0.154296875 0.42822265625 0.0146484375 0.0341796875
1 0.164306640625 0.423828125 0.01708984375 0.033203125
1 0.18798828125 0.44091796875 0.04296875 0.1357421875
1 0.322998046875 0.46435546875 0.02685546875 0.2099609375
1 0.377197265625 0.44287109375 0.01611328125 0.0751953125
1 0.06201171875 0.4228515625 0.0087890625 0.021484375
1 0.068115234375 0.4248046875 0.00927734375 0.013671875
1 0.104248046875 0.41259765625 0.03759765625 0.0849609375
1 0.04443359375 0.419921875 0.0341796875 0.072265625
3 0.398681640625 0.45703125 0.02197265625 0.037109375
1 0.552490234375 0.42578125 0.00830078125 0.0390625
1 0.54052734375 0.4365234375 0.021484375 0.078125
1 0.55859375 0.43212890625 0.01171875 0.0595703125
1 0.589111328125 0.45654296875 0.02099609375 0.1337890625
1 0.622314453125 0.46826171875 0.03076171875 0.1962890625
1 0.664306640625 0.46826171875 0.02685546875 0.2021484375
1 0.697998046875 0.47509765625 0.03857421875 0.1865234375
1 0.6845703125 0.484375 0.0322265625 0.185546875
1 0.75244140625 0.462890625 0.025390625 0.1484375
1 0.360107421875 0.46533203125 0.03173828125 0.2099609375
1 0.988525390625 0.46826171875 0.01904296875 0.2216796875
1 0.48583984375 0.48876953125 0.0458984375 0.2783203125
1 0.572998046875 0.4814453125 0.03271484375 0.185546875
1 0.033447265625 0.416015625 0.01220703125 0.021484375
1 0.305908203125 0.46142578125 0.02783203125 0.1728515625
1 0.348388671875 0.4677734375 0.04345703125 0.216796875
0 0.8583984375 0.14306640625 0.041015625 0.1162109375
0 0.720458984375 0.376953125 0.00927734375 0.02734375
0 0.720947265625 0.41552734375 0.00927734375 0.0146484375
0 0.603759765625 0.4072265625 0.00732421875 0.03125
0 0.64111328125 0.42919921875 0.013671875 0.0869140625
0 0.50732421875 0.41015625 0.0087890625 0.025390625
5 0 0 0 0
5 0 0 0 0
5 0 0 0 0
5 0 0 0 0
5 0 0 0 0
5 0 0 0 0
