1 0.542724609375 0.4140625 0.00634765625 0.037109375
1 0.554443359375 0.43115234375 0.00830078125 0.0517578125
1 0.558837890625 0.4326171875 0.00830078125 0.0546875
1 0.568115234375 0.41943359375 0.00634765625 0.0341796875
1 0.601806640625 0.42041015625 0.00732421875 0.0361328125
1 0.61767578125 0.43408203125 0.009765625 0.0556640625
1 0.73388671875 0.4384765625 0.0166015625 0.087890625
1 0.436279296875 0.41015625 0.01708984375 0.052734375
1 0.41455078125 0.42138671875 0.017578125 0.0556640625
1 0.398681640625 0.41796875 0.01513671875 0.048828125
1 0.524658203125 0.45166015625 0.01220703125 0.0478515625
1 0.072021484375 0.44189453125 0.04736328125 0.2314453125
0 0.205810546875 0.2900390625 0.02001953125 0.05859375
0 0.8779296875 0.39208984375 0.0654296875 0.1728515625
