1 0.4794921875 0.46875 0.009765625 0.0625
1 0.516357421875 0.466796875 0.01025390625 0.0703125
1 0.507568359375 0.4638671875 0.01123046875 0.076171875
1 0.49755859375 0.46142578125 0.015625 0.0927734375
3 0.550537109375 0.470703125 0.00830078125 0.0625
3 0.56005859375 0.47119140625 0.0146484375 0.0634765625
1 0.57421875 0.453125 0.0205078125 0.10546875
1 0.534423828125 0.46923828125 0.00927734375 0.0654296875
1 0.537353515625 0.470703125 0.01123046875 0.064453125
1 0.52490234375 0.46484375 0.015625 0.076171875
1 0.4638671875 0.462890625 0.0185546875 0.091796875
1 0.607666015625 0.4521484375 0.01611328125 0.119140625
1 0.62060546875 0.4716796875 0.033203125 0.162109375
1 0.6474609375 0.44482421875 0.017578125 0.1259765625
1 0.668701171875 0.4697265625 0.02880859375 0.1640625
3 0.699951171875 0.49267578125 0.02783203125 0.0341796875
1 0.7021484375 0.4619140625 0.03125 0.1796875
1 0.782958984375 0.48876953125 0.07470703125 0.3896484375
1 0.85009765625 0.49072265625 0.064453125 0.3681640625
1 0.288818359375 0.4638671875 0.00927734375 0.05078125
1 0.301025390625 0.466796875 0.00732421875 0.046875
1 0.306640625 0.4736328125 0.0048828125 0.03515625
1 0.313720703125 0.4521484375 0.02197265625 0.123046875
1 0.33056640625 0.44873046875 0.0126953125 0.1005859375
1 0.341064453125 0.44384765625 0.02099609375 0.1123046875
1 0.351318359375 0.466796875 0.01123046875 0.056640625
1 0.360107421875 0.4638671875 0.00830078125 0.07421875
2 0.4140625 0.43994140625 0.0244140625 0.1259765625
2 0.38671875 0.44384765625 0.037109375 0.1806640625
0 0.429443359375 0.41357421875 0.00537109375 0.0146484375
0 0.89306640625 0.43798828125 0.015625 0.1162109375
0 0.484375 0.447265625 0.0048828125 0.01953125
0 0.021240234375 0.4443359375 0.01513671875 0.2421875
5 0 0 0 0
5 0 0 0 0
5 0 0 0 0
