1 0.99169921875 0.31396484375 0.01171875 0.0576171875
1 0.872802734375 0.37255859375 0.00341796875 0.0537109375
1 0.8623046875 0.37548828125 0.0068359375 0.0517578125
1 0.918701171875 0.36328125 0.01416015625 0.091796875
1 0.14990234375 0.42333984375 0.01171875 0.0712890625
1 0.508056640625 0.40087890625 0.00830078125 0.0380859375
0 0.109375 0.306640625 0.01171875 0.05078125
0 0.499755859375 0.36669921875 0.00537109375 0.0283203125
0 0.494140625 0.37548828125 0.0048828125 0.0146484375
0 0.455078125 0.3740234375 0.0068359375 0.025390625
0 0.516845703125 0.37353515625 0.00439453125 0.0107421875
0 0.304443359375 0.3662109375 0.02392578125 0.0390625
0 0.57470703125 0.40185546875 0.021484375 0.0205078125
0 0.64599609375 0.400390625 0.02734375 0.0390625
0 0.9755859375 0.2333984375 0.0068359375 0.01171875
