1 0.181884765625 0.40771484375 0.00634765625 0.0361328125
1 0.1875 0.4140625 0.0068359375 0.056640625
1 0.196044921875 0.41015625 0.01708984375 0.08203125
4 0.200927734375 0.43115234375 0.00732421875 0.0224609375
1 0.222900390625 0.42236328125 0.00927734375 0.0517578125
1 0.2099609375 0.41455078125 0.013671875 0.0712890625
1 0.265625 0.41796875 0.015625 0.0859375
1 0.4150390625 0.40966796875 0.0048828125 0.0244140625
1 0.41259765625 0.41650390625 0.009765625 0.0263671875
1 0.43798828125 0.4287109375 0.01171875 0.052734375
3 0.1650390625 0.45556640625 0.0654296875 0.1591796875
3 0.118408203125 0.42724609375 0.01611328125 0.0361328125
3 0.098388671875 0.4384765625 0.06201171875 0.123046875
3 0.033447265625 0.44970703125 0.05517578125 0.1826171875
3 0.1611328125 0.521484375 0.07421875 0.29296875
1 0.449462890625 0.41650390625 0.00927734375 0.0244140625
1 0.471435546875 0.41650390625 0.01123046875 0.0126953125
1 0.874755859375 0.47412109375 0.03076171875 0.2685546875
1 0.847412109375 0.4755859375 0.04443359375 0.26953125
1 0.889892578125 0.4873046875 0.04541015625 0.263671875
1 0.919189453125 0.48681640625 0.05615234375 0.2763671875
0 0.235107421875 0.35791015625 0.00732421875 0.0166015625
0 0.4033203125 0.1494140625 0.0302734375 0.056640625
0 0.965576171875 0.39111328125 0.02978515625 0.1083984375
