1 0.824951171875 0.35400390625 0.02001953125 0.0361328125
1 0.78662109375 0.36572265625 0.0107421875 0.0166015625
1 0.7734375 0.36279296875 0.0146484375 0.0263671875
1 0.804443359375 0.35546875 0.02197265625 0.0390625
1 0.428955078125 0.38623046875 0.00439453125 0.0166015625
1 0.42626953125 0.392578125 0.005859375 0.04296875
1 0.59716796875 0.392578125 0.0087890625 0.04296875
1 0.583251953125 0.37939453125 0.00537109375 0.0224609375
1 0.64306640625 0.39501953125 0.00390625 0.0244140625
1 0.606201171875 0.38916015625 0.00634765625 0.0458984375
1 0.653076171875 0.404296875 0.01025390625 0.0703125
