1 0.323486328125 0.453125 0.00439453125 0.021484375
1 0.561767578125 0.43701171875 0.00927734375 0.0556640625
1 0.28564453125 0.45361328125 0.0029296875 0.0146484375
1 0.548583984375 0.41796875 0.00732421875 0.025390625
1 0.174560546875 0.4609375 0.00927734375 0.056640625
1 0.168212890625 0.4521484375 0.00634765625 0.037109375
1 0.15625 0.45166015625 0.01171875 0.0458984375
1 0.14404296875 0.46142578125 0.0126953125 0.0693359375
1 0.602783203125 0.439453125 0.01025390625 0.0625
1 0.106689453125 0.462890625 0.01416015625 0.0703125
1 0.595458984375 0.43798828125 0.01025390625 0.0693359375
1 0.56982421875 0.44482421875 0.005859375 0.0478515625
1 0.580078125 0.44287109375 0.005859375 0.0615234375
1 0.012451171875 0.46435546875 0.01806640625 0.0966796875
1 0.526123046875 0.4443359375 0.01220703125 0.0625
1 0.503662109375 0.44384765625 0.01416015625 0.0673828125
1 0.516845703125 0.4443359375 0.01123046875 0.060546875
1 0.538818359375 0.44189453125 0.01416015625 0.0693359375
1 0.620361328125 0.4345703125 0.01318359375 0.072265625
3 0.805908203125 0.4296875 0.02587890625 0.091796875
1 0.587646484375 0.43896484375 0.01220703125 0.0654296875
1 0.5576171875 0.44677734375 0.0087890625 0.0576171875
1 0.535400390625 0.45849609375 0.00634765625 0.0380859375
3 0.820556640625 0.4267578125 0.02880859375 0.09765625
1 0.54931640625 0.44482421875 0.01171875 0.0595703125
0 0.569580078125 0.18701171875 0.00927734375 0.0185546875
0 0.957275390625 0.24365234375 0.00634765625 0.0205078125
0 0.0302734375 0.453125 0.0087890625 0.048828125
0 0.061767578125 0.45166015625 0.01025390625 0.0556640625
0 0.078857421875 0.44775390625 0.01123046875 0.0498046875
0 0.21044921875 0.462890625 0.0048828125 0.052734375
0 0.239990234375 0.453125 0.00634765625 0.01953125
0 0.31640625 0.4541015625 0.0048828125 0.013671875
0 0.34375 0.45263671875 0.0048828125 0.0166015625
0 0.486572265625 0.431640625 0.00537109375 0.03125
