1 0.064453125 0.46826171875 0.0048828125 0.0224609375
1 0.653076171875 0.416015625 0.01025390625 0.0390625
1 0.515869140625 0.4150390625 0.00830078125 0.03515625
1 0.6123046875 0.40625 0.0068359375 0.08203125
3 0.024658203125 0.466796875 0.01123046875 0.037109375
1 0.037353515625 0.4580078125 0.00927734375 0.052734375
1 0.0439453125 0.4541015625 0.009765625 0.056640625
1 0.095703125 0.45166015625 0.0107421875 0.0517578125
1 0.435791015625 0.44140625 0.00634765625 0.03515625
3 0.472412109375 0.4267578125 0.00732421875 0.033203125
1 0.477783203125 0.43017578125 0.00927734375 0.0498046875
1 0.489501953125 0.4326171875 0.01123046875 0.068359375
1 0.510009765625 0.43701171875 0.00732421875 0.0419921875
1 0.50390625 0.419921875 0.015625 0.091796875
1 0.49951171875 0.42431640625 0.0146484375 0.0849609375
1 0.5283203125 0.4189453125 0.015625 0.083984375
1 0.553955078125 0.38427734375 0.00634765625 0.0205078125
1 0.5498046875 0.42138671875 0.0166015625 0.0908203125
3 0.799072265625 0.3720703125 0.00830078125 0.02734375
3 0.780517578125 0.404296875 0.01220703125 0.064453125
1 0.67578125 0.41357421875 0.033203125 0.1591796875
1 0.579833984375 0.376953125 0.00439453125 0.015625
1 0.5849609375 0.40576171875 0.0107421875 0.0673828125
1 0.575927734375 0.41943359375 0.01513671875 0.1064453125
1 0.604736328125 0.4091796875 0.01806640625 0.111328125
1 0.59375 0.42041015625 0.017578125 0.0986328125
0 0.560302734375 0.37646484375 0.00634765625 0.0126953125
0 0.531494140625 0.419921875 0.01708984375 0.08203125
