1 0.58935546875 0.40673828125 0.005859375 0.0107421875
1 0.8681640625 0.41455078125 0.0107421875 0.0673828125
1 0.83984375 0.42138671875 0.01171875 0.0830078125
1 0.8212890625 0.42431640625 0.0087890625 0.0791015625
1 0.829833984375 0.43505859375 0.02197265625 0.1083984375
1 0.80078125 0.43310546875 0.0185546875 0.1103515625
1 0.652587890625 0.4033203125 0.00830078125 0.017578125
1 0.45556640625 0.412109375 0.009765625 0.015625
1 0.30126953125 0.4208984375 0.009765625 0.03125
1 0.635498046875 0.40869140625 0.00927734375 0.0244140625
1 0.28662109375 0.42138671875 0.017578125 0.0634765625
1 0.24755859375 0.42626953125 0.021484375 0.0595703125
1 0.210205078125 0.45166015625 0.02099609375 0.0986328125
1 0.980712890625 0.4013671875 0.00341796875 0.029296875
1 0.0947265625 0.4443359375 0.0263671875 0.138671875
1 0.52978515625 0.49072265625 0.0263671875 0.1669921875
1 0.392333984375 0.41748046875 0.01318359375 0.0302734375
1 0.506103515625 0.484375 0.02490234375 0.16796875
1 0.9130859375 0.40625 0.0107421875 0.0546875
1 0.098876953125 0.45361328125 0.03466796875 0.1689453125
0 0.4462890625 0.404296875 0.0048828125 0.017578125
0 0.44140625 0.412109375 0.0048828125 0.0078125
0 0.468017578125 0.40673828125 0.00732421875 0.0185546875
0 0.58056640625 0.39990234375 0.0068359375 0.0205078125
0 0.590576171875 0.40185546875 0.00927734375 0.0185546875
0 0.6044921875 0.400390625 0.0048828125 0.013671875
0 0.64013671875 0.392578125 0.0078125 0.025390625
5 0 0 0 0
