1 0.4033203125 0.40283203125 0.01171875 0.0419921875
1 0.412109375 0.42529296875 0.009765625 0.0673828125
1 0.195556640625 0.4228515625 0.02978515625 0.1640625
1 0.690185546875 0.427734375 0.01513671875 0.0859375
1 0.74462890625 0.44580078125 0.0419921875 0.2236328125
1 0.3779296875 0.39453125 0.0068359375 0.01171875
1 0.83642578125 0.4443359375 0.029296875 0.216796875
1 0.826416015625 0.45068359375 0.04833984375 0.2373046875
2 0.38427734375 0.42236328125 0.01953125 0.0947265625
2 0.346923828125 0.41943359375 0.02490234375 0.1201171875
0 0.433349609375 0.39990234375 0.00439453125 0.0126953125
