1 0.696044921875 0.39453125 0.00634765625 0.02734375
1 0.661865234375 0.39501953125 0.00244140625 0.0283203125
1 0.67822265625 0.39697265625 0.0068359375 0.0322265625
1 0.567138671875 0.41552734375 0.00830078125 0.0400390625
1 0.5732421875 0.41552734375 0.0087890625 0.0439453125
1 0.401611328125 0.44482421875 0.01318359375 0.0634765625
1 0.366455078125 0.44482421875 0.01220703125 0.0576171875
1 0.31884765625 0.4443359375 0.0126953125 0.07421875
0 0.851806640625 0.30908203125 0.01123046875 0.0283203125
0 0.720703125 0.3857421875 0.0224609375 0.0859375
0 0.59912109375 0.40771484375 0.013671875 0.0283203125
0 0.640869140625 0.39453125 0.00732421875 0.01953125
