1 0.927734375 0.49658203125 0.0361328125 0.2060546875
1 0.9638671875 0.51416015625 0.037109375 0.1884765625
1 0.682861328125 0.466796875 0.03564453125 0.171875
1 0.099609375 0.41796875 0.017578125 0.056640625
1 0.515380859375 0.53173828125 0.02685546875 0.1806640625
1 0.539794921875 0.51025390625 0.05517578125 0.2666015625
1 0.1064453125 0.5 0.0478515625 0.24609375
1 0.227783203125 0.49609375 0.03564453125 0.2734375
1 0.1982421875 0.50732421875 0.0546875 0.2724609375
1 0.119140625 0.59228515625 0.01953125 0.0869140625
1 0.4013671875 0.48779296875 0.0263671875 0.1806640625
1 0.376953125 0.51416015625 0.04296875 0.2099609375
1 0.419677734375 0.49462890625 0.02978515625 0.1572265625
1 0.076171875 0.4130859375 0.013671875 0.041015625
1 0.306396484375 0.494140625 0.02783203125 0.2578125
1 0.33056640625 0.4912109375 0.044921875 0.251953125
1 0.06396484375 0.4619140625 0.0341796875 0.173828125
1 0.295166015625 0.494140625 0.05517578125 0.26953125
1 0.14501953125 0.49267578125 0.060546875 0.3447265625
1 0.28369140625 0.49658203125 0.0400390625 0.3251953125
0 0.7060546875 0.40771484375 0.0087890625 0.0556640625
