1 0.662353515625 0.439453125 0.01708984375 0.166015625
1 0.073974609375 0.4404296875 0.00537109375 0.029296875
1 0.08154296875 0.43896484375 0.005859375 0.0283203125
1 0.094970703125 0.4384765625 0.00537109375 0.02734375
1 0.165283203125 0.4189453125 0.00634765625 0.0078125
1 0.219970703125 0.43896484375 0.01025390625 0.0576171875
1 0.22802734375 0.43994140625 0.01171875 0.0576171875
1 0.53369140625 0.43994140625 0.017578125 0.1083984375
1 0.516357421875 0.43798828125 0.02099609375 0.1123046875
1 0.646728515625 0.44482421875 0.03271484375 0.1650390625
1 0.3623046875 0.447265625 0.0107421875 0.095703125
1 0.869140625 0.4384765625 0.0458984375 0.224609375
1 0.89794921875 0.41015625 0.0185546875 0.12890625
1 0.913330078125 0.41162109375 0.03369140625 0.1494140625
1 0.937744140625 0.44091796875 0.02001953125 0.0654296875
1 0.2822265625 0.44482421875 0.009765625 0.0732421875
0 0.34619140625 0.41015625 0.01171875 0.02734375
0 0.301025390625 0.45556640625 0.01611328125 0.0556640625
0 0.211669921875 0.28955078125 0.01025390625 0.0302734375
0 0.29833984375 0.41259765625 0.0068359375 0.0244140625
0 0.395263671875 0.22607421875 0.02392578125 0.0830078125
5 0 0 0 0
