1 0.61669921875 0.43896484375 0.0087890625 0.0673828125
1 0.5947265625 0.44677734375 0.0048828125 0.0322265625
3 0.54052734375 0.44775390625 0.0068359375 0.0263671875
1 0.495361328125 0.43994140625 0.00830078125 0.0498046875
1 0.489013671875 0.44482421875 0.00732421875 0.0595703125
1 0.4814453125 0.44140625 0.0146484375 0.0703125
1 0.5068359375 0.44140625 0.0107421875 0.072265625
1 0.521484375 0.486328125 0.044921875 0.21875
1 0.422607421875 0.48779296875 0.04150390625 0.2041015625
1 0.5869140625 0.4453125 0.0078125 0.037109375
1 0.600341796875 0.44189453125 0.01220703125 0.0576171875
