1 0.324462890625 0.3955078125 0.00341796875 0.005859375
1 0.316650390625 0.408203125 0.00634765625 0.037109375
1 0.321533203125 0.40966796875 0.00732421875 0.0322265625
1 0.30029296875 0.41748046875 0.009765625 0.0458984375
1 0.278076171875 0.427734375 0.01025390625 0.048828125
1 0.197265625 0.44677734375 0.009765625 0.1279296875
1 0.212158203125 0.453125 0.01318359375 0.111328125
1 0.00634765625 0.4345703125 0.005859375 0.025390625
1 0.505126953125 0.40771484375 0.00830078125 0.0224609375
1 0.6552734375 0.44921875 0.015625 0.125
1 0.328125 0.40380859375 0.005859375 0.0224609375
2 0.46142578125 0.4404296875 0.013671875 0.0703125
0 0.218505859375 0.36474609375 0.00439453125 0.0107421875
0 0.091064453125 0.4150390625 0.01025390625 0.056640625
0 0.7275390625 0.3662109375 0.00390625 0.013671875
0 0.673583984375 0.4130859375 0.00439453125 0.056640625
0 0.64111328125 0.41796875 0.0048828125 0.04296875
0 0.503173828125 0.388671875 0.00439453125 0.01171875
0 0.383056640625 0.3818359375 0.00439453125 0.01171875
5 0 0 0 0
5 0 0 0 0
