1 0.792724609375 0.4365234375 0.03076171875 0.1484375
1 0.734375 0.43310546875 0.01953125 0.1044921875
1 0.757568359375 0.42822265625 0.02099609375 0.1142578125
1 0.861083984375 0.453125 0.02490234375 0.17578125
1 0.837890625 0.45361328125 0.0341796875 0.1826171875
1 0.698974609375 0.44482421875 0.01318359375 0.0771484375
1 0.701904296875 0.45458984375 0.01025390625 0.0634765625
1 0.663818359375 0.4248046875 0.01025390625 0.072265625
1 0.6728515625 0.4296875 0.0126953125 0.1015625
1 0.402587890625 0.41357421875 0.01025390625 0.0830078125
1 0.681396484375 0.4326171875 0.02197265625 0.107421875
1 0.6474609375 0.3935546875 0.0029296875 0.013671875
1 0.63818359375 0.3935546875 0.0078125 0.017578125
1 0.656494140625 0.4072265625 0.01220703125 0.052734375
1 0.572265625 0.44677734375 0.0283203125 0.1455078125
1 0.56103515625 0.43994140625 0.0341796875 0.1669921875
1 0.5283203125 0.435546875 0.017578125 0.154296875
1 0.983642578125 0.4501953125 0.02001953125 0.140625
1 0.950439453125 0.41748046875 0.05126953125 0.1650390625
1 0.98681640625 0.435546875 0.025390625 0.162109375
2 0.811279296875 0.43798828125 0.02880859375 0.1552734375
0 0.87744140625 0.33642578125 0.0048828125 0.0263671875
0 0.968505859375 0.3525390625 0.00732421875 0.04296875
