1 0.408935546875 0.3994140625 0.00634765625 0.033203125
1 0.4345703125 0.3994140625 0.0048828125 0.033203125
1 0.429443359375 0.4013671875 0.00634765625 0.03125
1 0.573486328125 0.3896484375 0.00634765625 0.021484375
1 0.513671875 0.3984375 0.0048828125 0.03125
0 0.66162109375 0.31201171875 0.005859375 0.0146484375
0 0.34228515625 0.39501953125 0.0048828125 0.0263671875
0 0.468994140625 0.3974609375 0.00634765625 0.017578125
0 0.162353515625 0.283203125 0.01416015625 0.05078125
0 0.177978515625 0.287109375 0.00927734375 0.046875
0 0.02197265625 0.3701171875 0.0087890625 0.0625
