1 0.454345703125 0.36474609375 0.00537109375 0.0322265625
1 0.517822265625 0.33935546875 0.00244140625 0.0185546875
1 0.3408203125 0.40673828125 0.0244140625 0.1630859375
1 0.285400390625 0.43115234375 0.06494140625 0.3173828125
1 0.31591796875 0.43994140625 0.0693359375 0.3369140625
1 0.688232421875 0.41455078125 0.03759765625 0.1826171875
1 0.54833984375 0.34521484375 0.00390625 0.0244140625
2 0.46142578125 0.39501953125 0.0146484375 0.0732421875
0 0.0244140625 0.296875 0.015625 0.06640625
0 0.076904296875 0.18359375 0.00927734375 0.037109375
0 0.082763671875 0.3212890625 0.00537109375 0.080078125
