1 0.32177734375 0.41552734375 0.0087890625 0.0419921875
1 0.316162109375 0.41552734375 0.00732421875 0.0361328125
1 0.56201171875 0.38330078125 0.0078125 0.0400390625
1 0.800048828125 0.37109375 0.00537109375 0.029296875
1 0.567138671875 0.3828125 0.00537109375 0.041015625
0 0.6875 0.2490234375 0.009765625 0.025390625
0 0.75634765625 0.271484375 0.005859375 0.005859375
0 0.5439453125 0.373046875 0.005859375 0.017578125
0 0.581787109375 0.37548828125 0.00439453125 0.0224609375
0 0.59033203125 0.375 0.00390625 0.017578125
0 0.235595703125 0.40234375 0.00537109375 0.03515625
