1 0.53173828125 0.419921875 0.00390625 0.0234375
1 0.71923828125 0.39892578125 0.0078125 0.0126953125
1 0.682861328125 0.39501953125 0.01025390625 0.0224609375
1 0.734619140625 0.39453125 0.00927734375 0.01953125
1 0.5126953125 0.42529296875 0.0048828125 0.0244140625
0 0.77978515625 0.3896484375 0.0068359375 0.02734375
0 0.72314453125 0.31201171875 0.0078125 0.0185546875
0 0.325927734375 0.357421875 0.00439453125 0.01171875
0 0.318603515625 0.35888671875 0.00439453125 0.0146484375
0 0.646240234375 0.40771484375 0.00537109375 0.0166015625
