1 0.18994140625 0.39306640625 0.0048828125 0.0322265625
1 0.48046875 0.4130859375 0.00390625 0.01171875
1 0.289794921875 0.4189453125 0.01708984375 0.083984375
1 0.16552734375 0.376953125 0.0048828125 0.01171875
1 0.173095703125 0.38818359375 0.01123046875 0.0400390625
1 0.185546875 0.4072265625 0.009765625 0.060546875
1 0.211181640625 0.400390625 0.01513671875 0.0625
1 0.23583984375 0.38916015625 0.0146484375 0.0537109375
1 0.2568359375 0.4111328125 0.01953125 0.09375
0 0.8427734375 0.2060546875 0.0068359375 0.017578125
0 0.689208984375 0.35888671875 0.00634765625 0.0185546875
0 0.67431640625 0.32958984375 0.001953125 0.0087890625
0 0.116943359375 0.3056640625 0.00341796875 0.015625
0 0.276123046875 0.40380859375 0.00439453125 0.0166015625
0 0.3232421875 0.3544921875 0.0048828125 0.013671875
0 0.34423828125 0.4033203125 0.0048828125 0.005859375
