3 0.212646484375 0.4150390625 0.02099609375 0.052734375
3 0.140869140625 0.43212890625 0.03173828125 0.0732421875
3 0.18212890625 0.4228515625 0.0205078125 0.06640625
3 0.17236328125 0.42822265625 0.0302734375 0.0673828125
3 0.247802734375 0.4248046875 0.01611328125 0.064453125
3 0.2509765625 0.455078125 0.033203125 0.12109375
3 0.2373046875 0.453125 0.044921875 0.11328125
3 0.259521484375 0.41748046875 0.02197265625 0.0458984375
3 0.3017578125 0.431640625 0.0234375 0.099609375
3 0.295166015625 0.43603515625 0.02197265625 0.0888671875
4 0.634521484375 0.33544921875 0.00537109375 0.0146484375
1 0.78369140625 0.40966796875 0.0322265625 0.1513671875
4 0.582763671875 0.37158203125 0.00341796875 0.0126953125
2 0.531494140625 0.40185546875 0.01513671875 0.0712890625
0 0.251708984375 0.16650390625 0.01220703125 0.0849609375
0 0.417236328125 0.36572265625 0.00927734375 0.0224609375
0 0.832275390625 0.3896484375 0.01220703125 0.068359375
