1 0.658935546875 0.41748046875 0.01025390625 0.0283203125
1 0.679931640625 0.439453125 0.02099609375 0.109375
1 0.746826171875 0.40576171875 0.00927734375 0.0361328125
1 0.735595703125 0.40673828125 0.01416015625 0.0556640625
1 0.544677734375 0.4287109375 0.00537109375 0.03125
1 0.444091796875 0.4130859375 0.01123046875 0.021484375
1 0.416748046875 0.39990234375 0.00537109375 0.0107421875
1 0.411376953125 0.40087890625 0.00537109375 0.0087890625
1 0.3701171875 0.40478515625 0.013671875 0.0224609375
1 0.360107421875 0.4052734375 0.00732421875 0.0234375
1 0.35107421875 0.4111328125 0.017578125 0.044921875
1 0.226806640625 0.392578125 0.01904296875 0.02734375
1 0.970458984375 0.46142578125 0.05029296875 0.2880859375
1 0.89697265625 0.470703125 0.0537109375 0.265625
2 0.515380859375 0.43505859375 0.00830078125 0.0400390625
2 0.529296875 0.43115234375 0.0087890625 0.0439453125
2 0.711181640625 0.4501953125 0.04150390625 0.19921875
1 0.380126953125 0.40234375 0.01025390625 0.0234375
2 0.7744140625 0.458984375 0.052734375 0.2578125
0 0.13134765625 0.3623046875 0.0087890625 0.01953125
0 0.119873046875 0.3583984375 0.00439453125 0.015625
0 0.1064453125 0.37158203125 0.0087890625 0.0439453125
0 0.094482421875 0.36767578125 0.00537109375 0.0439453125
0 0.078125 0.37109375 0.0087890625 0.037109375
0 0.60400390625 0.431640625 0.0029296875 0.02734375
0 0.609130859375 0.4228515625 0.00341796875 0.0234375
5 0 0 0 0
5 0 0 0 0
5 0 0 0 0
5 0 0 0 0
