1 0.56689453125 0.4736328125 0.005859375 0.0234375
1 0.572265625 0.4736328125 0.0048828125 0.025390625
1 0.595458984375 0.462890625 0.00830078125 0.06640625
1 0.603271484375 0.46435546875 0.00830078125 0.0634765625
1 0.235107421875 0.44287109375 0.01220703125 0.0263671875
1 0.14599609375 0.44384765625 0.01171875 0.0263671875
1 0.092041015625 0.4443359375 0.01123046875 0.025390625
2 0.342529296875 0.44482421875 0.01025390625 0.0302734375
2 0.364013671875 0.45068359375 0.00732421875 0.0263671875
2 0.30712890625 0.44580078125 0.0068359375 0.0244140625
0 0.069580078125 0.44970703125 0.01318359375 0.0263671875
5 0 0 0 0
