1 0.65966796875 0.404296875 0.005859375 0.03125
1 0.664794921875 0.4033203125 0.00634765625 0.029296875
1 0.416259765625 0.42822265625 0.00830078125 0.0380859375
1 0.722412109375 0.4140625 0.02978515625 0.142578125
1 0.75390625 0.41552734375 0.0283203125 0.1376953125
2 0.543212890625 0.40380859375 0.00634765625 0.0224609375
2 0.6455078125 0.40771484375 0.0185546875 0.0908203125
0 0.588623046875 0.40771484375 0.01318359375 0.0224609375
0 0.623046875 0.40380859375 0.0068359375 0.0224609375
0 0.524658203125 0.4111328125 0.00732421875 0.029296875
