1 0.07177734375 0.439453125 0.0146484375 0.07421875
1 0.667236328125 0.4189453125 0.01220703125 0.08984375
1 0.772216796875 0.45361328125 0.05517578125 0.3427734375
1 0.73974609375 0.41064453125 0.03515625 0.2490234375
1 0.705810546875 0.4951171875 0.10009765625 0.548828125
1 0.919921875 0.4609375 0.0556640625 0.353515625
1 0.9794921875 0.47509765625 0.037109375 0.3408203125
1 0.82080078125 0.47998046875 0.0859375 0.4580078125
1 0.95751953125 0.4736328125 0.0771484375 0.376953125
1 0.553466796875 0.4716796875 0.06689453125 0.326171875
1 0.49267578125 0.49560546875 0.0654296875 0.3837890625
1 0.4013671875 0.49609375 0.0673828125 0.328125
4 0.630859375 0.5654296875 0.0302734375 0.044921875
2 0.63330078125 0.43212890625 0.0546875 0.2548828125
0 0.02783203125 0.29833984375 0.02734375 0.1943359375
0 0.25390625 0.4189453125 0.0048828125 0.01953125
