1 0.534423828125 0.439453125 0.00439453125 0.021484375
1 0.521240234375 0.44482421875 0.00732421875 0.0361328125
1 0.39794921875 0.42529296875 0.0048828125 0.0068359375
1 0.423095703125 0.42236328125 0.00439453125 0.0107421875
1 0.412353515625 0.41943359375 0.00927734375 0.0146484375
1 0.62353515625 0.43701171875 0.0048828125 0.0263671875
1 0.61767578125 0.43359375 0.005859375 0.0234375
1 0.921875 0.38623046875 0.033203125 0.1025390625
0 0.079345703125 0.40576171875 0.00927734375 0.0556640625
0 0.48388671875 0.43408203125 0.0078125 0.0283203125
