1 0.420654296875 0.43798828125 0.00634765625 0.0341796875
1 0.41259765625 0.43798828125 0.0078125 0.0458984375
1 0.437255859375 0.43505859375 0.00927734375 0.0498046875
1 0.446044921875 0.4345703125 0.00732421875 0.046875
1 0.4765625 0.4169921875 0.005859375 0.013671875
1 0.462646484375 0.42578125 0.00634765625 0.029296875
1 0.467041015625 0.42138671875 0.00732421875 0.0146484375
1 0.454345703125 0.435546875 0.01025390625 0.05078125
1 0.427978515625 0.44091796875 0.01025390625 0.0498046875
1 0.53271484375 0.43798828125 0.0126953125 0.0771484375
1 0.613525390625 0.43408203125 0.01318359375 0.0693359375
1 0.77490234375 0.427734375 0.01953125 0.109375
1 0.668701171875 0.43701171875 0.01025390625 0.0712890625
1 0.659423828125 0.435546875 0.01416015625 0.072265625
1 0.694091796875 0.43212890625 0.01904296875 0.0927734375
1 0.7060546875 0.435546875 0.0166015625 0.095703125
1 0.740478515625 0.42529296875 0.01708984375 0.1123046875
1 0.725830078125 0.4345703125 0.02001953125 0.095703125
1 0.23388671875 0.4453125 0.0078125 0.0390625
1 0.13037109375 0.4609375 0.01171875 0.07421875
1 0.284423828125 0.443359375 0.00830078125 0.046875
0 0.20703125 0.4462890625 0.0322265625 0.029296875
0 0.345947265625 0.4248046875 0.00537109375 0.009765625
0 0.321044921875 0.43017578125 0.02294921875 0.0126953125
0 0.020751953125 0.451171875 0.00537109375 0.01953125
5 0 0 0 0
5 0 0 0 0
5 0 0 0 0
