1 0.044189453125 0.4462890625 0.01025390625 0.052734375
1 0.105224609375 0.4423828125 0.00439453125 0.041015625
1 0.113037109375 0.44482421875 0.00439453125 0.0400390625
3 0.207275390625 0.50048828125 0.02001953125 0.0673828125
1 0.263671875 0.4072265625 0.0107421875 0.07421875
1 0.137939453125 0.4609375 0.02587890625 0.140625
1 0.326171875 0.4228515625 0.0107421875 0.03515625
1 0.557861328125 0.43701171875 0.01513671875 0.0732421875
1 0.150634765625 0.44970703125 0.00830078125 0.0615234375
0 0.4638671875 0.20751953125 0.0244140625 0.0673828125
0 0.966552734375 0.2685546875 0.00732421875 0.017578125
0 0.214111328125 0.4619140625 0.02978515625 0.134765625
0 0.445068359375 0.43212890625 0.00927734375 0.0146484375
0 0.455322265625 0.3564453125 0.00927734375 0.017578125
5 0 0 0 0
5 0 0 0 0
5 0 0 0 0
5 0 0 0 0
