1 0.0087890625 0.43994140625 0.0107421875 0.1005859375
1 0.553955078125 0.42041015625 0.00634765625 0.0126953125
1 0.96484375 0.423828125 0.0126953125 0.072265625
2 0.6171875 0.435546875 0.0166015625 0.08203125
0 0.10302734375 0.4287109375 0.0078125 0.021484375
0 0.902099609375 0.42626953125 0.00830078125 0.0673828125
0 0.89111328125 0.43603515625 0.005859375 0.0361328125
0 0.872802734375 0.42431640625 0.01904296875 0.0634765625
0 0.743408203125 0.29443359375 0.00146484375 0.0107421875
5 0 0 0 0
