1 0.482177734375 0.4189453125 0.00732421875 0.04296875
1 0.409912109375 0.39892578125 0.00732421875 0.0107421875
1 0.111083984375 0.4248046875 0.02490234375 0.140625
1 0.181396484375 0.40380859375 0.02685546875 0.0751953125
1 0.141357421875 0.4228515625 0.02392578125 0.142578125
1 0.154296875 0.451171875 0.01953125 0.0859375
1 0.013916015625 0.44140625 0.02099609375 0.19140625
1 0.0712890625 0.44775390625 0.037109375 0.1865234375
1 0.04541015625 0.4794921875 0.0263671875 0.12890625
1 0.3447265625 0.392578125 0.009765625 0.013671875
1 0.35546875 0.390625 0.0087890625 0.017578125
1 0.722900390625 0.421875 0.00732421875 0.03515625
1 0.741943359375 0.4208984375 0.00732421875 0.037109375
1 0.734375 0.4208984375 0.009765625 0.046875
1 0.751953125 0.42431640625 0.009765625 0.0478515625
1 0.756103515625 0.4296875 0.00732421875 0.0703125
1 0.7666015625 0.435546875 0.0205078125 0.115234375
1 0.79345703125 0.4345703125 0.0302734375 0.177734375
1 0.8232421875 0.43994140625 0.0283203125 0.1611328125
1 0.704833984375 0.4326171875 0.01513671875 0.07421875
1 0.603515625 0.4375 0.01953125 0.09375
0 0.453125 0.41259765625 0.009765625 0.0361328125
0 0.4716796875 0.41650390625 0.0078125 0.0517578125
0 0.498291015625 0.421875 0.01904296875 0.0546875
0 0.577880859375 0.41943359375 0.00244140625 0.0322265625
0 0.568359375 0.4150390625 0.00390625 0.025390625
0 0.536376953125 0.201171875 0.01318359375 0.046875
0 0.6875 0.4248046875 0.005859375 0.04296875
5 0 0 0 0
5 0 0 0 0
5 0 0 0 0
5 0 0 0 0
