1 0.090087890625 0.44921875 0.01904296875 0.09765625
1 0.73828125 0.4248046875 0.0185546875 0.09375
1 0.693603515625 0.4267578125 0.02490234375 0.12109375
1 0.723876953125 0.43701171875 0.01416015625 0.0986328125
1 0.713134765625 0.44140625 0.01806640625 0.087890625
0 0.472900390625 0.451171875 0.03466796875 0.111328125
0 0.378662109375 0.4306640625 0.04150390625 0.064453125
0 0.912841796875 0.32958984375 0.02392578125 0.0810546875
0 0.220703125 0.42333984375 0.005859375 0.0205078125
0 0.109619140625 0.43505859375 0.00732421875 0.0341796875
0 0.173095703125 0.4228515625 0.00927734375 0.01953125
0 0.27587890625 0.38623046875 0.0048828125 0.0068359375
0 0.250732421875 0.427734375 0.00537109375 0.03515625
0 0.2421875 0.427734375 0.005859375 0.0234375
