1 0.35498046875 0.400390625 0.0087890625 0.013671875
1 0.333740234375 0.3955078125 0.01123046875 0.015625
1 0.2109375 0.41748046875 0.01171875 0.0537109375
1 0.3154296875 0.39208984375 0.0126953125 0.0224609375
1 0.217041015625 0.42578125 0.01513671875 0.10546875
1 0.9150390625 0.43359375 0.0234375 0.162109375
1 0.89697265625 0.42724609375 0.0263671875 0.1865234375
1 0.861572265625 0.47119140625 0.05810546875 0.3798828125
1 0.010498046875 0.4482421875 0.01416015625 0.15625
1 0.0400390625 0.4404296875 0.0361328125 0.177734375
1 0.955322265625 0.44189453125 0.03271484375 0.1591796875
2 0.2783203125 0.42138671875 0.017578125 0.0673828125
2 0.24951171875 0.412109375 0.01953125 0.080078125
0 0.13720703125 0.4140625 0.0087890625 0.037109375
0 0.435546875 0.41748046875 0.00390625 0.0224609375
0 0.44482421875 0.412109375 0.013671875 0.01171875
0 0.550048828125 0.4228515625 0.00341796875 0.02734375
0 0.541748046875 0.4208984375 0.00341796875 0.025390625
0 0.498779296875 0.4189453125 0.00341796875 0.0234375
0 0.490234375 0.4189453125 0.005859375 0.0234375
0 0.62451171875 0.3486328125 0.0029296875 0.009765625
0 0.565185546875 0.41748046875 0.01123046875 0.0185546875
0 0.506591796875 0.42578125 0.00830078125 0.01171875
0 0.9677734375 0.4130859375 0.015625 0.115234375
