1 0.40673828125 0.44384765625 0.0126953125 0.1533203125
1 0.419921875 0.4404296875 0.0224609375 0.1640625
1 0.741455078125 0.4248046875 0.00634765625 0.046875
1 0.73583984375 0.41357421875 0.0068359375 0.0302734375
1 0.763427734375 0.43798828125 0.01611328125 0.1103515625
1 0.844970703125 0.42578125 0.00830078125 0.048828125
1 0.8359375 0.4326171875 0.0068359375 0.041015625
1 0.828369140625 0.43017578125 0.02099609375 0.1279296875
1 0.82275390625 0.4326171875 0.0185546875 0.126953125
1 0.777099609375 0.43212890625 0.01708984375 0.1083984375
2 0.920654296875 0.43408203125 0.03369140625 0.1650390625
0 0.5234375 0.43603515625 0.0576171875 0.1240234375
0 0.384521484375 0.4072265625 0.00341796875 0.017578125
