1 0.197509765625 0.44580078125 0.00732421875 0.0341796875
1 0.0380859375 0.45263671875 0.0107421875 0.0537109375
1 0.06787109375 0.455078125 0.009765625 0.048828125
2 0.859375 0.47802734375 0.064453125 0.3154296875
2 0.439208984375 0.44384765625 0.01708984375 0.0908203125
0 0.776123046875 0.408203125 0.00439453125 0.015625
0 0.740478515625 0.4091796875 0.00830078125 0.05859375
0 0.629638671875 0.423828125 0.00537109375 0.021484375
0 0.73974609375 0.30908203125 0.0087890625 0.0361328125
0 0.706298828125 0.31640625 0.00537109375 0.033203125
0 0.68017578125 0.3193359375 0.0048828125 0.029296875
0 0.651611328125 0.32275390625 0.00634765625 0.0380859375
0 0.59619140625 0.43115234375 0.0029296875 0.0087890625
0 0.47021484375 0.427734375 0.0029296875 0.01171875
0 0.33056640625 0.42919921875 0.0078125 0.0146484375
0 0.34521484375 0.43896484375 0.005859375 0.0146484375
0 0.141357421875 0.44287109375 0.00537109375 0.0302734375
0 0.123046875 0.44482421875 0.005859375 0.0400390625
0 0.294189453125 0.43994140625 0.00439453125 0.0263671875
