1 0.46826171875 0.4228515625 0.005859375 0.0859375
1 0.492431640625 0.40380859375 0.00927734375 0.0517578125
1 0.479736328125 0.4208984375 0.01220703125 0.08203125
1 0.44482421875 0.42333984375 0.01171875 0.0771484375
1 0.433349609375 0.4267578125 0.01513671875 0.072265625
1 0.428466796875 0.39208984375 0.00537109375 0.0185546875
1 0.457763671875 0.427734375 0.01318359375 0.07421875
1 0.4248046875 0.42529296875 0.0185546875 0.0888671875
1 0.581787109375 0.40625 0.00927734375 0.048828125
1 0.715087890625 0.4140625 0.00927734375 0.048828125
1 0.37548828125 0.4248046875 0.0107421875 0.083984375
1 0.367431640625 0.42724609375 0.01611328125 0.0791015625
1 0.60986328125 0.4248046875 0.0166015625 0.091796875
0 0.521484375 0.41455078125 0.009765625 0.0224609375
0 0.404296875 0.3994140625 0.013671875 0.033203125
