1 0.439697265625 0.416015625 0.00439453125 0.029296875
1 0.339599609375 0.41259765625 0.00634765625 0.0439453125
1 0.190673828125 0.40283203125 0.00830078125 0.0400390625
1 0.170166015625 0.43359375 0.02587890625 0.126953125
1 0.14013671875 0.42236328125 0.02734375 0.1513671875
1 0.478759765625 0.42529296875 0.00537109375 0.0283203125
1 0.48388671875 0.421875 0.005859375 0.03125
1 0.488037109375 0.42333984375 0.00732421875 0.0341796875
1 0.494873046875 0.4189453125 0.00732421875 0.041015625
1 0.54833984375 0.40869140625 0.021484375 0.0849609375
1 0.548583984375 0.4384765625 0.02197265625 0.126953125
1 0.506591796875 0.44482421875 0.01806640625 0.1513671875
1 0.520263671875 0.4462890625 0.02880859375 0.154296875
1 0.646728515625 0.390625 0.02001953125 0.0546875
1 0.567138671875 0.416015625 0.00927734375 0.025390625
1 0.7314453125 0.42626953125 0.033203125 0.1689453125
1 0.8935546875 0.427734375 0.0263671875 0.150390625
1 0.944580078125 0.4306640625 0.03369140625 0.181640625
1 0.434814453125 0.4111328125 0.00341796875 0.015625
0 0.40380859375 0.41259765625 0.005859375 0.0185546875
0 0.3759765625 0.40576171875 0.0087890625 0.0322265625
5 0 0 0 0
