1 0.04248046875 0.419921875 0.0087890625 0.033203125
1 0.052001953125 0.443359375 0.01416015625 0.068359375
1 0.03369140625 0.44384765625 0.015625 0.0908203125
1 0.061767578125 0.44189453125 0.00927734375 0.0732421875
1 0.104736328125 0.43994140625 0.01318359375 0.0634765625
1 0.0849609375 0.43701171875 0.0126953125 0.0771484375
1 0.119140625 0.44287109375 0.0146484375 0.0791015625
1 0.177734375 0.4423828125 0.0126953125 0.06640625
1 0.3046875 0.43310546875 0.005859375 0.0380859375
1 0.792724609375 0.423828125 0.02685546875 0.1328125
2 0.224609375 0.44921875 0.009765625 0.044921875
2 0.24462890625 0.4345703125 0.0126953125 0.060546875
0 0.6064453125 0.36181640625 0.005859375 0.0205078125
0 0.54296875 0.36865234375 0.005859375 0.0087890625
5 0 0 0 0
