1 0.736328125 0.45556640625 0.0107421875 0.1162109375
1 0.724853515625 0.46240234375 0.02587890625 0.1669921875
1 0.763427734375 0.45654296875 0.03662109375 0.1787109375
0 0.45263671875 0.44970703125 0.0048828125 0.0419921875
0 0.44140625 0.44091796875 0.0146484375 0.0380859375
0 0.68212890625 0.3359375 0.0087890625 0.025390625
0 0.632568359375 0.44677734375 0.00341796875 0.0458984375
0 0.41259765625 0.435546875 0.0068359375 0.033203125
0 0.42138671875 0.43505859375 0.005859375 0.0263671875
0 0.4697265625 0.40869140625 0.001953125 0.0107421875
