1 0.143310546875 0.42822265625 0.01416015625 0.1181640625
1 0.908447265625 0.49462890625 0.02490234375 0.1376953125
1 0.9326171875 0.48583984375 0.033203125 0.1806640625
1 0.947021484375 0.498046875 0.02685546875 0.1640625
1 0.373046875 0.3935546875 0.015625 0.037109375
0 0.50048828125 0.40771484375 0.013671875 0.0888671875
0 0.5595703125 0.40234375 0.013671875 0.0703125
0 0.630859375 0.46337890625 0.0224609375 0.1669921875
0 0.65625 0.453125 0.009765625 0.158203125
0 0.8330078125 0.4716796875 0.017578125 0.1640625
0 0.685546875 0.439453125 0.021484375 0.125
0 0.80859375 0.4609375 0.01953125 0.13671875
0 0.349853515625 0.38427734375 0.01416015625 0.0673828125
0 0.417724609375 0.40234375 0.01806640625 0.080078125
0 0.32861328125 0.38818359375 0.0107421875 0.0693359375
0 0.3095703125 0.3935546875 0.0107421875 0.0859375
0 0.267578125 0.39208984375 0.009765625 0.0615234375
