1 0.22607421875 0.4501953125 0.005859375 0.013671875
1 0.2412109375 0.44921875 0.005859375 0.021484375
1 0.468017578125 0.4521484375 0.00732421875 0.03515625
1 0.48046875 0.45068359375 0.0068359375 0.0380859375
1 0.491455078125 0.45068359375 0.00634765625 0.0341796875
1 0.809814453125 0.44140625 0.01416015625 0.0703125
0 0.28466796875 0.41162109375 0.0048828125 0.0126953125
0 0.049560546875 0.45703125 0.00439453125 0.015625
0 0.05908203125 0.4609375 0.005859375 0.01953125
0 0.093505859375 0.45947265625 0.00830078125 0.0341796875
0 0.402099609375 0.4482421875 0.01220703125 0.03515625
0 0.1943359375 0.45361328125 0.00390625 0.0107421875
