2 0.43310546875 0.4072265625 0.0107421875 0.048828125
2 0.2509765625 0.41162109375 0.0078125 0.0380859375
2 0.483642578125 0.42138671875 0.02001953125 0.0966796875
2 0.611083984375 0.40673828125 0.03076171875 0.1513671875
0 0.408447265625 0.068359375 0.00732421875 0.013671875
0 0.291015625 0.15625 0.0048828125 0.017578125
0 0.542724609375 0.29052734375 0.00634765625 0.0341796875
0 0.9111328125 0.3466796875 0.0205078125 0.17578125
0 0.94091796875 0.3408203125 0.01171875 0.201171875
0 0.85546875 0.36279296875 0.0205078125 0.1416015625
0 0.7802734375 0.35986328125 0.0166015625 0.1298828125
0 0.80078125 0.38427734375 0.0107421875 0.0615234375
0 0.636474609375 0.39892578125 0.00927734375 0.0400390625
0 0.176025390625 0.3359375 0.00634765625 0.01953125
0 0.285400390625 0.4072265625 0.00244140625 0.0078125
