1 0.51025390625 0.41357421875 0.0029296875 0.0185546875
1 0.611083984375 0.40576171875 0.00927734375 0.0244140625
1 0.715087890625 0.42724609375 0.01806640625 0.0966796875
1 0.77099609375 0.4462890625 0.0322265625 0.154296875
3 0.98095703125 0.427734375 0.02734375 0.0546875
1 0.4228515625 0.41552734375 0.005859375 0.0166015625
2 0.447509765625 0.4375 0.02294921875 0.111328125
2 0.291748046875 0.45458984375 0.04248046875 0.2060546875
1 0.512451171875 0.41748046875 0.00439453125 0.0224609375
4 0.2890625 0.46875 0.017578125 0.05078125
0 0.59130859375 0.361328125 0.0029296875 0.005859375
