1 0.525634765625 0.3525390625 0.01318359375 0.078125
1 0.51611328125 0.33447265625 0.0107421875 0.0283203125
1 0.5458984375 0.3603515625 0.0107421875 0.08203125
1 0.55615234375 0.36328125 0.01171875 0.08984375
1 0.566650390625 0.36865234375 0.01318359375 0.0771484375
1 0.59033203125 0.3671875 0.0126953125 0.078125
1 0.60205078125 0.353515625 0.01171875 0.0703125
3 0.596435546875 0.37939453125 0.01904296875 0.0615234375
1 0.7587890625 0.357421875 0.013671875 0.0703125
1 0.77294921875 0.3388671875 0.0107421875 0.041015625
1 0.782470703125 0.365234375 0.01708984375 0.080078125
1 0.79296875 0.3681640625 0.0107421875 0.078125
1 0.177490234375 0.357421875 0.00830078125 0.037109375
1 0.189208984375 0.34423828125 0.01708984375 0.0712890625
1 0.2197265625 0.36572265625 0.0146484375 0.0595703125
1 0.142578125 0.35546875 0.009765625 0.0625
1 0.154296875 0.35205078125 0.0205078125 0.0576171875
1 0.693603515625 0.35595703125 0.01025390625 0.0595703125
1 0.707275390625 0.3369140625 0.01220703125 0.03515625
2 0.094970703125 0.38134765625 0.01904296875 0.0869140625
2 0.044677734375 0.4384765625 0.04150390625 0.201171875
2 0.511962890625 0.4501953125 0.04638671875 0.2265625
2 0.67333984375 0.36669921875 0.015625 0.0771484375
2 0.69580078125 0.3671875 0.015625 0.072265625
1 0.735595703125 0.36279296875 0.01220703125 0.0791015625
1 0.726318359375 0.3671875 0.01611328125 0.080078125
2 0.70703125 0.35595703125 0.01171875 0.0498046875
0 0.13818359375 0.341796875 0.0146484375 0.05859375
0 0.12255859375 0.3505859375 0.0078125 0.0703125
0 0.164306640625 0.34375 0.00927734375 0.0703125
0 0.164306640625 0.30419921875 0.00341796875 0.0224609375
0 0.513916015625 0.3134765625 0.00341796875 0.021484375
0 0.52001953125 0.3134765625 0.0048828125 0.015625
0 0.920654296875 0.32470703125 0.00537109375 0.0087890625
0 0.59619140625 0.3212890625 0.0048828125 0.02734375
5 0 0 0 0
5 0 0 0 0
5 0 0 0 0
