1 0.892822265625 0.38818359375 0.02978515625 0.0810546875
0 0.551513671875 0.4189453125 0.01513671875 0.025390625
0 0.583251953125 0.419921875 0.01123046875 0.0234375
0 0.811767578125 0.3984375 0.01318359375 0.046875
0 0.837646484375 0.421875 0.01611328125 0.046875
0 0.866943359375 0.41455078125 0.00830078125 0.0751953125
0 0.782958984375 0.40966796875 0.00732421875 0.0419921875
0 0.739501953125 0.416015625 0.00830078125 0.029296875
0 0.758544921875 0.4111328125 0.00927734375 0.025390625
0 0.70556640625 0.359375 0.005859375 0.005859375
