1 0.5146484375 0.4130859375 0.0166015625 0.13671875
1 0.4990234375 0.43310546875 0.03125 0.2041015625
1 0.4541015625 0.42138671875 0.0224609375 0.1767578125
1 0.465576171875 0.470703125 0.02392578125 0.115234375
1 0.48291015625 0.4287109375 0.037109375 0.203125
1 0.41357421875 0.41162109375 0.0205078125 0.1650390625
1 0.40625 0.46533203125 0.0224609375 0.1240234375
1 0.43505859375 0.427734375 0.0390625 0.19921875
1 0.629150390625 0.3720703125 0.01025390625 0.03125
1 0.639404296875 0.41796875 0.02392578125 0.126953125
1 0.61865234375 0.4599609375 0.0205078125 0.052734375
1 0.572509765625 0.47314453125 0.02490234375 0.0224609375
0 0.078369140625 0.328125 0.03564453125 0.0703125
5 0 0 0 0
