1 0.656982421875 0.4111328125 0.00830078125 0.0390625
1 0.674072265625 0.416015625 0.00830078125 0.0546875
1 0.681640625 0.4140625 0.0068359375 0.056640625
1 0.688720703125 0.41552734375 0.01220703125 0.0771484375
1 0.697998046875 0.42919921875 0.01025390625 0.0517578125
1 0.711669921875 0.41455078125 0.00732421875 0.0595703125
1 0.719482421875 0.4150390625 0.01416015625 0.080078125
1 0.735595703125 0.43115234375 0.00927734375 0.0458984375
1 0.803466796875 0.4306640625 0.02587890625 0.13671875
1 0.83251953125 0.4296875 0.0283203125 0.13671875
1 0.614990234375 0.42041015625 0.00634765625 0.0556640625
1 0.60986328125 0.4189453125 0.0068359375 0.064453125
1 0.012939453125 0.45458984375 0.01904296875 0.1279296875
2 0.75439453125 0.41357421875 0.0234375 0.1142578125
0 0.130615234375 0.365234375 0.00927734375 0.025390625
0 0.453857421875 0.40771484375 0.00244140625 0.0107421875
