1 0.179443359375 0.4443359375 0.01708984375 0.126953125
1 0.16015625 0.43994140625 0.025390625 0.1298828125
1 0.1357421875 0.44384765625 0.02734375 0.1455078125
1 0.040771484375 0.48291015625 0.06494140625 0.3154296875
1 0.587158203125 0.453125 0.01513671875 0.091796875
1 0.617919921875 0.45361328125 0.01123046875 0.0869140625
1 0.608642578125 0.45654296875 0.01708984375 0.0830078125
1 0.631103515625 0.45654296875 0.01416015625 0.0849609375
1 0.802001953125 0.37255859375 0.01123046875 0.0224609375
1 0.818115234375 0.48681640625 0.04931640625 0.2626953125
1 0.86474609375 0.466796875 0.05859375 0.33203125
1 0.190673828125 0.4599609375 0.03076171875 0.166015625
2 0.3974609375 0.4287109375 0.00390625 0.0234375
2 0.39453125 0.439453125 0.0078125 0.04296875
2 0.67578125 0.45947265625 0.021484375 0.1103515625
0 0.479248046875 0.439453125 0.00439453125 0.029296875
0 0.781494140625 0.53125 0.02587890625 0.138671875
0 0.701171875 0.43115234375 0.0107421875 0.0595703125
