1 0.310791015625 0.44677734375 0.00634765625 0.0322265625
1 0.316650390625 0.4501953125 0.00537109375 0.03125
1 0.341064453125 0.44873046875 0.00537109375 0.0322265625
1 0.356689453125 0.4501953125 0.00830078125 0.041015625
1 0.79931640625 0.43994140625 0.0078125 0.0224609375
1 0.790771484375 0.43798828125 0.01220703125 0.0302734375
1 0.99072265625 0.4892578125 0.0341796875 0.212890625
1 0.736572265625 0.48681640625 0.02587890625 0.1220703125
1 0.56982421875 0.45703125 0.009765625 0.083984375
1 0.5615234375 0.45458984375 0.0126953125 0.0927734375
2 0.098876953125 0.4609375 0.01416015625 0.068359375
0 0.354248046875 0.42578125 0.00927734375 0.029296875
0 0.29541015625 0.443359375 0.0029296875 0.025390625
0 0.2880859375 0.43896484375 0.0029296875 0.0224609375
0 0.1337890625 0.4462890625 0.0126953125 0.037109375
