1 0.662109375 0.4833984375 0.02734375 0.134765625
1 0.71142578125 0.4833984375 0.0146484375 0.1484375
1 0.65625 0.48974609375 0.02734375 0.1513671875
1 0.685546875 0.49072265625 0.0185546875 0.1376953125
1 0.701416015625 0.4873046875 0.02587890625 0.158203125
1 0.744384765625 0.49462890625 0.02392578125 0.1259765625
1 0.8154296875 0.490234375 0.0224609375 0.140625
1 0.80126953125 0.49755859375 0.03125 0.1533203125
1 0.837890625 0.49853515625 0.0205078125 0.1201171875
1 0.8525390625 0.47802734375 0.0107421875 0.0771484375
1 0.864013671875 0.443359375 0.02294921875 0.068359375
0 0.83935546875 0.015625 0.0244140625 0.029296875
0 0.95361328125 0.5693359375 0.02734375 0.064453125
