1 0.511474609375 0.42919921875 0.00830078125 0.0673828125
1 0.5302734375 0.4013671875 0.009765625 0.03515625
1 0.52587890625 0.41357421875 0.009765625 0.0302734375
3 0.650146484375 0.435546875 0.00927734375 0.0625
3 0.705078125 0.54931640625 0.001953125 0.0107421875
1 0.897705078125 0.44091796875 0.03857421875 0.1962890625
1 0.94677734375 0.435546875 0.0361328125 0.173828125
1 0.986572265625 0.4404296875 0.02392578125 0.23828125
1 0.14501953125 0.40478515625 0.01171875 0.0205078125
1 0.1123046875 0.42578125 0.0146484375 0.0703125
1 0.048095703125 0.4267578125 0.01318359375 0.08203125
1 0.0615234375 0.4248046875 0.013671875 0.080078125
