1 0.745849609375 0.40625 0.00732421875 0.017578125
1 0.73291015625 0.43896484375 0.0078125 0.0751953125
1 0.739013671875 0.44091796875 0.01416015625 0.0849609375
1 0.754638671875 0.45068359375 0.02099609375 0.1103515625
1 0.798583984375 0.43505859375 0.01416015625 0.1201171875
1 0.78271484375 0.443359375 0.0263671875 0.126953125
1 0.779296875 0.43896484375 0.0263671875 0.1376953125
1 0.7197265625 0.453125 0.0244140625 0.119140625
1 0.812255859375 0.4619140625 0.02978515625 0.166015625
1 0.875732421875 0.45751953125 0.03466796875 0.2021484375
1 0.915283203125 0.45361328125 0.03857421875 0.2060546875
1 0.97998046875 0.50634765625 0.0361328125 0.3681640625
1 0.507568359375 0.42041015625 0.00439453125 0.0166015625
1 0.503173828125 0.43701171875 0.00830078125 0.0576171875
1 0.49267578125 0.435546875 0.01171875 0.064453125
1 0.427001953125 0.43310546875 0.01513671875 0.0869140625
1 0.413330078125 0.4228515625 0.01123046875 0.048828125
1 0.36328125 0.4375 0.017578125 0.1171875
1 0.398193359375 0.44384765625 0.01806640625 0.0888671875
1 0.30810546875 0.4052734375 0.01171875 0.03515625
1 0.32275390625 0.4130859375 0.0205078125 0.07421875
1 0.173828125 0.400390625 0.021484375 0.052734375
3 0.175537109375 0.4228515625 0.02001953125 0.056640625
1 0.231201171875 0.44677734375 0.02783203125 0.1591796875
1 0.0869140625 0.40087890625 0.02734375 0.0947265625
1 0.144775390625 0.4521484375 0.03662109375 0.205078125
2 0.5810546875 0.4365234375 0.0087890625 0.04296875
2 0.204833984375 0.435546875 0.03857421875 0.185546875
2 0.5458984375 0.43017578125 0.01171875 0.0576171875
0 0.043212890625 0.421875 0.02099609375 0.162109375
0 0.681396484375 0.435546875 0.00732421875 0.0546875
5 0 0 0 0
5 0 0 0 0
5 0 0 0 0
5 0 0 0 0
