1 0.07177734375 0.47412109375 0.0087890625 0.0439453125
3 0.116943359375 0.4755859375 0.00732421875 0.03515625
1 0.12451171875 0.4677734375 0.009765625 0.046875
1 0.177490234375 0.4658203125 0.00732421875 0.041015625
1 0.223388671875 0.4599609375 0.00830078125 0.056640625
1 0.228759765625 0.462890625 0.01025390625 0.048828125
1 0.304931640625 0.455078125 0.00732421875 0.04296875
1 0.33447265625 0.4521484375 0.0078125 0.048828125
1 0.506591796875 0.4462890625 0.00927734375 0.044921875
1 0.496826171875 0.45166015625 0.01220703125 0.0634765625
1 0.486328125 0.45166015625 0.0107421875 0.0654296875
1 0.56201171875 0.4482421875 0.0048828125 0.021484375
1 0.566162109375 0.44140625 0.00537109375 0.033203125
1 0.570556640625 0.43994140625 0.00537109375 0.0302734375
1 0.9716796875 0.41455078125 0.01171875 0.0810546875
1 0.99267578125 0.43798828125 0.0126953125 0.1162109375
2 0.978759765625 0.4248046875 0.02294921875 0.111328125
2 0.94775390625 0.42236328125 0.0185546875 0.0927734375
2 0.9013671875 0.4375 0.0166015625 0.078125
2 0.8369140625 0.44873046875 0.0146484375 0.0693359375
0 0.029541015625 0.470703125 0.04931640625 0.06640625
0 0.209228515625 0.4677734375 0.01220703125 0.03515625
0 0.26171875 0.462890625 0.005859375 0.01953125
0 0.4404296875 0.4326171875 0.009765625 0.04296875
0 0.6865234375 0.41015625 0.0126953125 0.041015625
0 0.79248046875 0.40771484375 0.037109375 0.0791015625
0 0.234619140625 0.45654296875 0.00927734375 0.0478515625
0 0.412841796875 0.4521484375 0.00341796875 0.02734375
5 0 0 0 0
5 0 0 0 0
5 0 0 0 0
5 0 0 0 0
5 0 0 0 0
5 0 0 0 0
5 0 0 0 0
