1 0.179931640625 0.484375 0.00634765625 0.033203125
1 0.129150390625 0.4833984375 0.00634765625 0.03515625
1 0.122802734375 0.484375 0.00634765625 0.03515625
0 0.92138671875 0.13427734375 0.025390625 0.0888671875
0 0.818115234375 0.1689453125 0.01611328125 0.107421875
0 0.436767578125 0.47119140625 0.00830078125 0.0244140625
0 0.419921875 0.48388671875 0.0087890625 0.0361328125
0 0.268798828125 0.47998046875 0.00439453125 0.0205078125
0 0.23046875 0.48291015625 0.005859375 0.0263671875
0 0.224853515625 0.48046875 0.00732421875 0.025390625
0 0.034423828125 0.4755859375 0.00634765625 0.017578125
5 0 0 0 0
