0 0.564208984375 0.404296875 0.01708984375 0.048828125
0 0.515380859375 0.400390625 0.01220703125 0.052734375
0 0.49365234375 0.4013671875 0.01171875 0.05078125
0 0.4794921875 0.41943359375 0.005859375 0.0224609375
0 0.447998046875 0.39697265625 0.01220703125 0.0654296875
0 0.422607421875 0.39892578125 0.01318359375 0.0654296875
0 0.29052734375 0.3984375 0.0048828125 0.01171875
0 0.27880859375 0.43115234375 0.0166015625 0.0224609375
0 0.2265625 0.4287109375 0.0185546875 0.037109375
0 0.212646484375 0.4248046875 0.00927734375 0.03515625
0 0.195068359375 0.4306640625 0.01220703125 0.033203125
0 0.163330078125 0.4345703125 0.00830078125 0.03515625
