1 0.3994140625 0.490234375 0.0029296875 0.015625
1 0.395751953125 0.48876953125 0.00341796875 0.0185546875
1 0.307373046875 0.47216796875 0.00634765625 0.0205078125
1 0.24951171875 0.49072265625 0.005859375 0.0322265625
1 0.24267578125 0.4921875 0.005859375 0.03125
1 0.111083984375 0.47216796875 0.01318359375 0.0771484375
1 0.0771484375 0.47412109375 0.0166015625 0.0830078125
1 0.091064453125 0.4697265625 0.02001953125 0.115234375
1 0.56591796875 0.45556640625 0.005859375 0.0341796875
1 0.64208984375 0.4248046875 0.0087890625 0.015625
1 0.6884765625 0.45751953125 0.0244140625 0.1181640625
1 0.925048828125 0.431640625 0.02880859375 0.140625
2 0.230712890625 0.4619140625 0.01220703125 0.05859375
2 0.22119140625 0.4638671875 0.0107421875 0.0546875
2 0.2080078125 0.46044921875 0.0107421875 0.0556640625
2 0.183837890625 0.466796875 0.01025390625 0.0546875
2 0.172119140625 0.4619140625 0.00830078125 0.041015625
2 0.1650390625 0.46875 0.0126953125 0.06640625
2 0.561279296875 0.45751953125 0.00927734375 0.0458984375
2 0.526611328125 0.46435546875 0.01123046875 0.0556640625
1 0.573486328125 0.4443359375 0.00634765625 0.021484375
1 0.8232421875 0.44189453125 0.0205078125 0.1416015625
0 0.806640625 0.39599609375 0.0234375 0.0712890625
0 0.05908203125 0.392578125 0.0048828125 0.015625
0 0.063720703125 0.4853515625 0.00537109375 0.0390625
0 0.408203125 0.48779296875 0.0029296875 0.0146484375
5 0 0 0 0
