1 0.434326171875 0.4111328125 0.00341796875 0.021484375
1 0.4296875 0.408203125 0.005859375 0.02734375
1 0.422607421875 0.40380859375 0.00439453125 0.0185546875
1 0.294189453125 0.42333984375 0.01025390625 0.0869140625
1 0.531005859375 0.42138671875 0.01025390625 0.0458984375
1 0.611083984375 0.41796875 0.00830078125 0.046875
3 0.583251953125 0.4287109375 0.01513671875 0.048828125
1 0.5556640625 0.4208984375 0.0078125 0.05859375
1 0.551513671875 0.42236328125 0.00830078125 0.0537109375
2 0.603759765625 0.41162109375 0.00732421875 0.0341796875
0 0.610595703125 0.37451171875 0.00439453125 0.0107421875
0 0.5771484375 0.4033203125 0.0185546875 0.041015625
