1 0.630859375 0.42041015625 0.0029296875 0.0185546875
1 0.63427734375 0.42041015625 0.005859375 0.0244140625
1 0.376708984375 0.4130859375 0.00634765625 0.025390625
1 0.182373046875 0.4248046875 0.00439453125 0.02734375
1 0.165771484375 0.421875 0.00732421875 0.037109375
1 0.159423828125 0.42919921875 0.00439453125 0.0341796875
1 0.1103515625 0.435546875 0.0087890625 0.04296875
0 0.684326171875 0.39892578125 0.00439453125 0.0146484375
0 0.552001953125 0.40576171875 0.00732421875 0.0224609375
0 0.47998046875 0.4052734375 0.0078125 0.013671875
0 0.055908203125 0.4326171875 0.01025390625 0.041015625
0 0.253173828125 0.4111328125 0.00341796875 0.01953125
0 0.02294921875 0.431640625 0.0107421875 0.0390625
0 0.25634765625 0.4365234375 0.009765625 0.013671875
1 0.371826171875 0.412109375 0.00634765625 0.0234375
5 0 0 0 0
5 0 0 0 0
5 0 0 0 0
