1 0.546630859375 0.42431640625 0.01220703125 0.0615234375
1 0.5048828125 0.431640625 0.0107421875 0.064453125
1 0.492919921875 0.43017578125 0.01123046875 0.0615234375
2 0.231201171875 0.41357421875 0.01220703125 0.0576171875
4 0.56884765625 0.5234375 0.0107421875 0.01953125
2 0.57666015625 0.4560546875 0.029296875 0.14453125
0 0.321044921875 0.373046875 0.00439453125 0.013671875
0 0.2568359375 0.40869140625 0.0166015625 0.0302734375
0 0.27490234375 0.4091796875 0.0048828125 0.0234375
0 0.294677734375 0.40283203125 0.00537109375 0.0224609375
0 0.070556640625 0.38916015625 0.01123046875 0.0126953125
0 0.3330078125 0.4072265625 0.0078125 0.025390625
0 0.4013671875 0.3994140625 0.00390625 0.013671875
0 0.620849609375 0.4111328125 0.00634765625 0.009765625
5 0 0 0 0
5 0 0 0 0
