1 0.6572265625 0.42041015625 0.009765625 0.0654296875
1 0.746826171875 0.431640625 0.01220703125 0.1015625
1 0.43017578125 0.41845703125 0.0048828125 0.0263671875
1 0.365966796875 0.4248046875 0.00830078125 0.04296875
1 0.358154296875 0.42724609375 0.00732421875 0.0419921875
1 0.3525390625 0.4267578125 0.0068359375 0.041015625
2 0.072021484375 0.41845703125 0.01318359375 0.0634765625
2 0.005859375 0.431640625 0.0048828125 0.064453125
0 0.5244140625 0.40869140625 0.001953125 0.0107421875
0 0.450439453125 0.41259765625 0.00146484375 0.0126953125
