1 0.59130859375 0.4091796875 0.0087890625 0.0703125
1 0.585205078125 0.41162109375 0.01416015625 0.0673828125
1 0.654052734375 0.40234375 0.01220703125 0.0703125
1 0.720703125 0.404296875 0.0224609375 0.109375
1 0.8154296875 0.419921875 0.0341796875 0.17578125
1 0.923095703125 0.419921875 0.05224609375 0.25390625
1 0.009765625 0.4375 0.0126953125 0.126953125
1 0.09326171875 0.43505859375 0.0126953125 0.0927734375
1 0.103515625 0.4306640625 0.017578125 0.099609375
1 0.154052734375 0.44140625 0.02880859375 0.16796875
1 0.231689453125 0.44140625 0.03271484375 0.171875
1 0.189697265625 0.4306640625 0.03759765625 0.1953125
1 0.309326171875 0.35498046875 0.01611328125 0.0185546875
1 0.281982421875 0.42236328125 0.01708984375 0.1279296875
1 0.46337890625 0.40234375 0.0107421875 0.076171875
1 0.3974609375 0.4111328125 0.0185546875 0.103515625
1 0.397216796875 0.41015625 0.02001953125 0.109375
0 0.56494140625 0.3876953125 0.0068359375 0.02734375
0 0.768798828125 0.39599609375 0.01806640625 0.0888671875
0 0.88037109375 0.375 0.009765625 0.076171875
0 0.02734375 0.45361328125 0.0107421875 0.0888671875
0 0.337890625 0.36376953125 0.0068359375 0.0126953125
0 0.379638671875 0.4150390625 0.02001953125 0.099609375
0 0.0791015625 0.41845703125 0.0234375 0.0712890625
5 0 0 0 0
5 0 0 0 0
5 0 0 0 0
