1 0.146728515625 0.4619140625 0.01708984375 0.083984375
1 0.160888671875 0.4560546875 0.02197265625 0.107421875
1 0.09814453125 0.4560546875 0.0068359375 0.10546875
1 0.11865234375 0.4609375 0.0205078125 0.099609375
1 0.4833984375 0.4267578125 0.017578125 0.060546875
1 0.614013671875 0.408203125 0.00830078125 0.033203125
1 0.6298828125 0.42431640625 0.01171875 0.0654296875
1 0.77294921875 0.4248046875 0.0185546875 0.091796875
1 0.461669921875 0.4443359375 0.01416015625 0.091796875
1 0.453857421875 0.44384765625 0.01708984375 0.0947265625
1 0.249755859375 0.44970703125 0.02001953125 0.0986328125
1 0.3251953125 0.4541015625 0.0185546875 0.08984375
1 0.3818359375 0.45166015625 0.0166015625 0.0810546875
1 0.409423828125 0.44921875 0.03173828125 0.16796875
1 0.3994140625 0.44921875 0.0361328125 0.17578125
1 0.342041015625 0.44677734375 0.02001953125 0.1044921875
