1 0.379150390625 0.3896484375 0.00634765625 0.03125
1 0.3271484375 0.38671875 0.005859375 0.048828125
1 0.724365234375 0.3818359375 0.00830078125 0.017578125
1 0.750244140625 0.40478515625 0.01416015625 0.0771484375
1 0.760009765625 0.4091796875 0.00830078125 0.064453125
1 0.7666015625 0.40966796875 0.0107421875 0.0673828125
0 0.786865234375 0.4072265625 0.00927734375 0.0625
0 0.674072265625 0.33203125 0.01611328125 0.05859375
0 0.4345703125 0.38720703125 0.005859375 0.0302734375
0 0.27294921875 0.353515625 0.0087890625 0.021484375
0 0.79931640625 0.39013671875 0.0048828125 0.0361328125
5 0 0 0 0
5 0 0 0 0
