1 0.538818359375 0.40966796875 0.00830078125 0.0400390625
1 0.624267578125 0.4072265625 0.01416015625 0.0625
1 0.6328125 0.3955078125 0.01171875 0.033203125
1 0.652099609375 0.408203125 0.01904296875 0.09375
1 0.671630859375 0.4091796875 0.01806640625 0.08984375
1 0.69140625 0.41162109375 0.015625 0.0751953125
1 0.7333984375 0.41552734375 0.0166015625 0.1357421875
1 0.759765625 0.36181640625 0.0146484375 0.0244140625
1 0.211181640625 0.42578125 0.01318359375 0.123046875
1 0.197265625 0.4150390625 0.025390625 0.16796875
1 0.10107421875 0.41650390625 0.037109375 0.1923828125
1 0.01611328125 0.4296875 0.025390625 0.193359375
2 0.437744140625 0.40283203125 0.00732421875 0.0322265625
2 0.3984375 0.41064453125 0.017578125 0.0751953125
0 0.064697265625 0.38134765625 0.01318359375 0.0263671875
0 0.13525390625 0.3076171875 0.0087890625 0.025390625
0 0.144775390625 0.3232421875 0.00927734375 0.05078125
0 0.080078125 0.29443359375 0.0048828125 0.0361328125
