1 0.22314453125 0.43994140625 0.0107421875 0.0517578125
1 0.286865234375 0.44970703125 0.01708984375 0.0830078125
1 0.331298828125 0.4375 0.01806640625 0.087890625
1 0.36767578125 0.44189453125 0.015625 0.0791015625
1 0.691162109375 0.41748046875 0.01318359375 0.0693359375
1 0.68408203125 0.42138671875 0.0146484375 0.0732421875
1 0.8193359375 0.419921875 0.0234375 0.13671875
1 0.06494140625 0.40087890625 0.0234375 0.0458984375
2 0.017333984375 0.41357421875 0.02783203125 0.0654296875
2 0.25341796875 0.43896484375 0.0185546875 0.0908203125
0 0.913818359375 0.3857421875 0.02001953125 0.08203125
0 0.70947265625 0.38232421875 0.0068359375 0.0126953125
0 0.585205078125 0.3984375 0.01220703125 0.048828125
0 0.385498046875 0.41796875 0.00537109375 0.01953125
0 0.37548828125 0.41455078125 0.0068359375 0.0224609375
0 0.197998046875 0.42529296875 0.01513671875 0.0458984375
0 0.212646484375 0.443359375 0.00830078125 0.037109375
0 0.218994140625 0.40771484375 0.00439453125 0.0087890625
