1 0.56884765625 0.42236328125 0.0068359375 0.0322265625
1 0.477294921875 0.4248046875 0.00537109375 0.03515625
1 0.45751953125 0.41845703125 0.0078125 0.0361328125
1 0.4501953125 0.42578125 0.0068359375 0.04296875
1 0.42529296875 0.4208984375 0.0087890625 0.04296875
1 0.621337890625 0.43603515625 0.01123046875 0.0556640625
1 0.630615234375 0.435546875 0.00927734375 0.064453125
1 0.6396484375 0.4345703125 0.0107421875 0.056640625
1 0.648193359375 0.431640625 0.00830078125 0.0546875
1 0.695068359375 0.39794921875 0.01025390625 0.0146484375
2 0.46484375 0.42236328125 0.005859375 0.0302734375
2 0.18505859375 0.41552734375 0.046875 0.1630859375
