1 0.559814453125 0.390625 0.00732421875 0.015625
1 0.572998046875 0.40380859375 0.00732421875 0.0341796875
1 0.35498046875 0.39892578125 0.0068359375 0.0224609375
1 0.1787109375 0.39208984375 0.0224609375 0.0693359375
1 0.1845703125 0.4384765625 0.03125 0.150390625
1 0.21875 0.43994140625 0.029296875 0.1435546875
1 0.10986328125 0.43017578125 0.025390625 0.1220703125
1 0.135986328125 0.44091796875 0.03271484375 0.1591796875
1 0.322509765625 0.4375 0.02392578125 0.11328125
1 0.868408203125 0.38232421875 0.01708984375 0.1611328125
1 0.939697265625 0.37646484375 0.02197265625 0.1572265625
4 0.83349609375 0.2138671875 0.0185546875 0.064453125
1 0.99267578125 0.3857421875 0.0400390625 0.255859375
3 0.02294921875 0.453125 0.03515625 0.1171875
1 0.0556640625 0.44189453125 0.03125 0.1533203125
1 0.373779296875 0.5234375 0.09912109375 0.484375
2 0.905517578125 0.3994140625 0.06982421875 0.345703125
2 0.830078125 0.40283203125 0.0615234375 0.3134765625
2 0.757568359375 0.45751953125 0.07080078125 0.3466796875
0 0.033935546875 0.26513671875 0.00537109375 0.0185546875
0 0.033935546875 0.23828125 0.00341796875 0.013671875
0 0.48828125 0.390625 0.0224609375 0.0390625
0 0.678466796875 0.3984375 0.01806640625 0.03125
0 0.691162109375 0.3720703125 0.00732421875 0.046875
0 0.962646484375 0.337890625 0.01611328125 0.044921875
0 0.3232421875 0.349609375 0.0224609375 0.052734375
0 0.302734375 0.396484375 0.01171875 0.02734375
0 0.3447265625 0.3974609375 0.0078125 0.017578125
