1 0.55615234375 0.43115234375 0.0068359375 0.0341796875
1 0.5654296875 0.42919921875 0.0078125 0.0380859375
1 0.57666015625 0.43115234375 0.009765625 0.0458984375
1 0.58642578125 0.4326171875 0.01171875 0.05859375
4 0.455810546875 0.41455078125 0.00439453125 0.0205078125
1 0.446533203125 0.4189453125 0.00732421875 0.01953125
1 0.437744140625 0.42236328125 0.00341796875 0.0224609375
1 0.4296875 0.42626953125 0.0078125 0.0419921875
1 0.372314453125 0.43017578125 0.00927734375 0.0634765625
1 0.378662109375 0.431640625 0.00927734375 0.064453125
1 0.386474609375 0.427734375 0.01318359375 0.07421875
1 0.350830078125 0.4345703125 0.01123046875 0.072265625
1 0.331298828125 0.4287109375 0.00927734375 0.076171875
1 0.34033203125 0.443359375 0.0166015625 0.103515625
1 0.321533203125 0.42919921875 0.01220703125 0.0732421875
1 0.638671875 0.435546875 0.0107421875 0.076171875
1 0.877197265625 0.4560546875 0.01513671875 0.150390625
1 0.91552734375 0.451171875 0.01171875 0.146484375
1 0.92578125 0.44775390625 0.025390625 0.1513671875
1 0.904052734375 0.45458984375 0.03369140625 0.1689453125
1 0.9560546875 0.45849609375 0.03515625 0.1708984375
1 0.990234375 0.46923828125 0.0205078125 0.1904296875
1 0.862060546875 0.455078125 0.03564453125 0.185546875
1 0.816162109375 0.45703125 0.03271484375 0.177734375
2 0.408447265625 0.443359375 0.01416015625 0.083984375
2 0.3935546875 0.43701171875 0.0185546875 0.0849609375
2 0.618896484375 0.443359375 0.03271484375 0.1640625
0 0.943359375 0.3203125 0.025390625 0.052734375
0 0.85009765625 0.3583984375 0.0048828125 0.01171875
