1 0.028076171875 0.4072265625 0.01025390625 0.09765625
1 0.34375 0.40673828125 0.009765625 0.0478515625
1 0.43701171875 0.38916015625 0.0146484375 0.0576171875
1 0.420166015625 0.42724609375 0.02197265625 0.1298828125
1 0.3759765625 0.42919921875 0.0498046875 0.2431640625
1 0.9619140625 0.37890625 0.0244140625 0.037109375
1 0.146240234375 0.400390625 0.01025390625 0.099609375
1 0.896240234375 0.3837890625 0.01318359375 0.04296875
1 0.870849609375 0.388671875 0.01025390625 0.04296875
1 0.86376953125 0.45849609375 0.0244140625 0.1708984375
1 0.885498046875 0.44384765625 0.02490234375 0.1904296875
1 0.884033203125 0.48095703125 0.02392578125 0.1201171875
1 0.91259765625 0.41650390625 0.0341796875 0.1181640625
1 0.138916015625 0.4013671875 0.01708984375 0.103515625
1 0.169189453125 0.39501953125 0.01416015625 0.0947265625
1 0.161865234375 0.40234375 0.02001953125 0.095703125
1 0.66455078125 0.4326171875 0.017578125 0.09375
1 0.650390625 0.3876953125 0.009765625 0.05859375
1 0.60693359375 0.43798828125 0.0205078125 0.1298828125
4 0.64404296875 0.43896484375 0.0302734375 0.1748046875
1 0.61376953125 0.45068359375 0.03125 0.1513671875
1 0.518310546875 0.4248046875 0.01318359375 0.13671875
1 0.505126953125 0.4462890625 0.02978515625 0.193359375
4 0.478515625 0.45166015625 0.0224609375 0.2373046875
1 0.49755859375 0.4501953125 0.0419921875 0.205078125
1 0.46875 0.458984375 0.0380859375 0.2265625
4 0.542724609375 0.4453125 0.04248046875 0.208984375
1 0.573486328125 0.44580078125 0.03857421875 0.1923828125
1 0.698974609375 0.38720703125 0.01318359375 0.0517578125
1 0.686767578125 0.44970703125 0.03466796875 0.1689453125
1 0.716064453125 0.37548828125 0.01708984375 0.0361328125
1 0.587646484375 0.43896484375 0.04541015625 0.2197265625
1 0.2646484375 0.47021484375 0.056640625 0.2763671875
1 0.991455078125 0.37744140625 0.00732421875 0.0126953125
1 0.84033203125 0.3916015625 0.0322265625 0.10546875
1 0.20458984375 0.47021484375 0.0556640625 0.2724609375
1 0.527099609375 0.4541015625 0.04833984375 0.23828125
1 0.43359375 0.462890625 0.0146484375 0.08203125
1 0.410400390625 0.44921875 0.04150390625 0.212890625
0 0.747314453125 0.35009765625 0.04833984375 0.0439453125
0 0.9326171875 0.38671875 0.01171875 0.0390625
0 0.330078125 0.38818359375 0.0078125 0.0556640625
0 0.3583984375 0.40380859375 0.0087890625 0.0439453125
