1 0.46240234375 0.45849609375 0.0126953125 0.1201171875
1 0.46923828125 0.4609375 0.01953125 0.119140625
1 0.4912109375 0.46435546875 0.01953125 0.0966796875
1 0.504638671875 0.45751953125 0.02294921875 0.1357421875
1 0.568603515625 0.44775390625 0.01904296875 0.1083984375
1 0.55419921875 0.4560546875 0.0234375 0.125
1 0.59765625 0.45166015625 0.01953125 0.1279296875
1 0.589111328125 0.45751953125 0.02001953125 0.1201171875
1 0.7138671875 0.4462890625 0.013671875 0.16015625
1 0.64892578125 0.45361328125 0.0224609375 0.1142578125
1 0.91845703125 0.44140625 0.0185546875 0.072265625
1 0.760498046875 0.4228515625 0.02294921875 0.109375
1 0.23486328125 0.47265625 0.02734375 0.130859375
2 0.20849609375 0.43505859375 0.01171875 0.0751953125
2 0.433837890625 0.4599609375 0.03173828125 0.15625
0 0.741943359375 0.38232421875 0.00732421875 0.0205078125
0 0.094482421875 0.47509765625 0.00537109375 0.0263671875
5 0 0 0 0
5 0 0 0 0
5 0 0 0 0
5 0 0 0 0
