1 0.014892578125 0.46875 0.02294921875 0.162109375
1 0.040771484375 0.46240234375 0.03466796875 0.1865234375
1 0.21875 0.46337890625 0.0302734375 0.1611328125
1 0.155517578125 0.49609375 0.04638671875 0.26953125
1 0.097900390625 0.4736328125 0.07177734375 0.3515625
3 0.255615234375 0.49462890625 0.03564453125 0.1455078125
3 0.286865234375 0.455078125 0.02587890625 0.056640625
3 0.3310546875 0.45654296875 0.0322265625 0.0712890625
1 0.82568359375 0.509765625 0.048828125 0.287109375
1 0.74169921875 0.5009765625 0.06640625 0.32421875
1 0.674560546875 0.51220703125 0.06005859375 0.3740234375
1 0.520263671875 0.462890625 0.03759765625 0.203125
1 0.55126953125 0.44775390625 0.0380859375 0.1865234375
0 0.415771484375 0.232421875 0.01708984375 0.0625
0 0.623291015625 0.4150390625 0.01416015625 0.029296875
0 0.481689453125 0.439453125 0.03271484375 0.048828125
