1 0.487548828125 0.40380859375 0.00830078125 0.0205078125
1 0.451416015625 0.38671875 0.01513671875 0.05078125
1 0.43896484375 0.39453125 0.017578125 0.0390625
1 0.42041015625 0.39501953125 0.015625 0.0400390625
2 0.6435546875 0.42919921875 0.0087890625 0.0458984375
2 0.651123046875 0.4228515625 0.00927734375 0.048828125
2 0.65869140625 0.42529296875 0.0107421875 0.0537109375
2 0.6728515625 0.42578125 0.01171875 0.056640625
0 0.277587890625 0.33447265625 0.03173828125 0.2451171875
0 0.373779296875 0.40283203125 0.06884765625 0.0771484375
