4 0.630859375 0.40185546875 0.0087890625 0.0126953125
1 0.67333984375 0.419921875 0.009765625 0.046875
1 0.70166015625 0.4296875 0.0087890625 0.048828125
1 0.712158203125 0.42724609375 0.01123046875 0.0537109375
1 0.72265625 0.43359375 0.01171875 0.0546875
1 0.735595703125 0.42041015625 0.00830078125 0.0361328125
1 0.740966796875 0.4404296875 0.01513671875 0.0859375
1 0.989501953125 0.35498046875 0.01708984375 0.0361328125
1 0.9658203125 0.36865234375 0.0078125 0.0107421875
1 0.49072265625 0.42919921875 0.005859375 0.0556640625
1 0.467529296875 0.427734375 0.00732421875 0.0703125
0 0.775390625 0.404296875 0.0087890625 0.01953125
0 0.59912109375 0.4130859375 0.0068359375 0.025390625
0 0.585205078125 0.35986328125 0.00244140625 0.0087890625
0 0.334716796875 0.380859375 0.00244140625 0.0078125
0 0.0205078125 0.22900390625 0.0390625 0.0908203125
