1 0.77587890625 0.42919921875 0.017578125 0.0947265625
1 0.80224609375 0.4306640625 0.01171875 0.091796875
1 0.791748046875 0.43115234375 0.02001953125 0.0966796875
1 0.18505859375 0.43798828125 0.0146484375 0.0751953125
1 0.125732421875 0.4375 0.01416015625 0.0859375
1 0.113037109375 0.439453125 0.01318359375 0.083984375
2 0.15576171875 0.43310546875 0.015625 0.0908203125
0 0.734619140625 0.35791015625 0.00341796875 0.0087890625
0 0.8212890625 0.41748046875 0.0048828125 0.0478515625
0 0.9365234375 0.4189453125 0.009765625 0.0546875
5 0 0 0 0
5 0 0 0 0
