1 0.482177734375 0.46923828125 0.00830078125 0.0556640625
1 0.38720703125 0.478515625 0.0087890625 0.048828125
1 0.374755859375 0.47802734375 0.00927734375 0.0458984375
1 0.2275390625 0.4365234375 0.013671875 0.0625
1 0.26171875 0.4638671875 0.015625 0.09375
1 0.275634765625 0.45751953125 0.01611328125 0.1142578125
1 0.705810546875 0.47705078125 0.02392578125 0.1982421875
1 0.68896484375 0.482421875 0.0400390625 0.212890625
1 0.744384765625 0.41943359375 0.02978515625 0.1337890625
1 0.852294921875 0.48095703125 0.05810546875 0.4130859375
1 0.89501953125 0.55517578125 0.052734375 0.2685546875
1 0.80517578125 0.5078125 0.0673828125 0.404296875
1 0.76953125 0.5166015625 0.0712890625 0.431640625
1 0.309814453125 0.49169921875 0.06787109375 0.3310546875
1 0.404541015625 0.4892578125 0.00634765625 0.03125
0 0.59814453125 0.318359375 0.0107421875 0.03515625
0 0.2099609375 0.306640625 0.009765625 0.03125
0 0.23486328125 0.447265625 0.0068359375 0.056640625
0 0.149658203125 0.4462890625 0.01708984375 0.056640625
0 0.394287109375 0.48876953125 0.00439453125 0.0302734375
0 0.088623046875 0.439453125 0.01904296875 0.0546875
