4 0.630126953125 0.41943359375 0.01220703125 0.0712890625
4 0.64013671875 0.41796875 0.015625 0.07421875
1 0.701171875 0.39404296875 0.0087890625 0.0126953125
1 0.7099609375 0.39453125 0.0087890625 0.015625
4 0.7236328125 0.3876953125 0.0146484375 0.015625
1 0.73876953125 0.39111328125 0.0087890625 0.0166015625
1 0.50927734375 0.4052734375 0.005859375 0.046875
1 0.50439453125 0.4052734375 0.0078125 0.048828125
4 0.499267578125 0.4052734375 0.00732421875 0.052734375
1 0.494384765625 0.40869140625 0.00830078125 0.0439453125
1 0.489013671875 0.40673828125 0.00537109375 0.0458984375
1 0.47607421875 0.40771484375 0.0068359375 0.0458984375
1 0.482666015625 0.40673828125 0.00732421875 0.0478515625
1 0.141845703125 0.44580078125 0.05810546875 0.2841796875
4 0.2119140625 0.4072265625 0.01171875 0.07421875
4 0.196533203125 0.44482421875 0.01513671875 0.0576171875
1 0.223388671875 0.431640625 0.02685546875 0.12890625
4 0.24609375 0.427734375 0.0244140625 0.087890625
