1 0.4453125 0.4130859375 0.013671875 0.029296875
1 0.519287109375 0.423828125 0.00634765625 0.029296875
1 0.510009765625 0.4248046875 0.00634765625 0.03125
1 0.287109375 0.4248046875 0.0166015625 0.0859375
1 0.48828125 0.43994140625 0.029296875 0.1435546875
1 0.49609375 0.45068359375 0.025390625 0.1240234375
3 0.1640625 0.4130859375 0.013671875 0.03515625
3 0.156982421875 0.41748046875 0.02197265625 0.0341796875
3 0.140869140625 0.451171875 0.03271484375 0.099609375
1 0.080810546875 0.50732421875 0.10107421875 0.4931640625
1 0.0546875 0.515625 0.1025390625 0.552734375
1 0.9423828125 0.37353515625 0.0224609375 0.1337890625
3 0.189208984375 0.4267578125 0.01611328125 0.04296875
2 0.573974609375 0.45556640625 0.04638671875 0.2255859375
2 0.420166015625 0.427734375 0.01513671875 0.076171875
1 0.26123046875 0.4287109375 0.0205078125 0.09765625
1 0.61767578125 0.4326171875 0.0068359375 0.0703125
2 0.970947265625 0.39306640625 0.05419921875 0.2080078125
0 0.765625 0.4296875 0.0263671875 0.1328125
0 0.375732421875 0.40283203125 0.02392578125 0.0771484375
