1 0.288818359375 0.41015625 0.00537109375 0.005859375
1 0.3759765625 0.41943359375 0.005859375 0.0087890625
1 0.399658203125 0.40283203125 0.01318359375 0.0498046875
1 0.965087890625 0.44970703125 0.04052734375 0.1982421875
1 0.67578125 0.435546875 0.009765625 0.056640625
1 0.68408203125 0.44140625 0.013671875 0.06640625
1 0.60009765625 0.42333984375 0.0048828125 0.0400390625
2 0.58642578125 0.43017578125 0.005859375 0.0341796875
0 0.133056640625 0.26611328125 0.01708984375 0.2568359375
0 0.099365234375 0.2236328125 0.03662109375 0.17578125
0 0.099365234375 0.5234375 0.04345703125 0.09375
0 0.325439453125 0.421875 0.00634765625 0.025390625
5 0 0 0 0
5 0 0 0 0
