1 0.572265625 0.41357421875 0.0107421875 0.0224609375
1 0.5712890625 0.423828125 0.0048828125 0.0234375
1 0.600341796875 0.4462890625 0.01220703125 0.064453125
4 0.622802734375 0.423828125 0.00537109375 0.029296875
1 0.6298828125 0.4404296875 0.0107421875 0.0546875
1 0.63818359375 0.42822265625 0.0068359375 0.0341796875
1 0.76806640625 0.3994140625 0.0078125 0.009765625
1 0.8056640625 0.39794921875 0.009765625 0.0126953125
1 0.66455078125 0.47900390625 0.0224609375 0.1611328125
1 0.684814453125 0.48046875 0.02880859375 0.15625
1 0.8466796875 0.36962890625 0.0166015625 0.0263671875
1 0.961669921875 0.3876953125 0.02880859375 0.080078125
2 0.061767578125 0.50830078125 0.06591796875 0.3212890625
2 0.613037109375 0.45263671875 0.01806640625 0.0888671875
0 0.98974609375 0.24072265625 0.013671875 0.0302734375
0 0.982177734375 0.36767578125 0.01318359375 0.0537109375
0 0.719482421875 0.345703125 0.00341796875 0.01171875
0 0.69189453125 0.3583984375 0.00390625 0.009765625
0 0.619873046875 0.3681640625 0.00634765625 0.021484375
0 0.4833984375 0.4208984375 0.00390625 0.005859375
0 0.468994140625 0.43603515625 0.00439453125 0.0146484375
0 0.42578125 0.4501953125 0.0087890625 0.017578125
0 0.396728515625 0.45654296875 0.01025390625 0.0224609375
0 0.42236328125 0.37841796875 0.005859375 0.0166015625
