1 0.5048828125 0.42333984375 0.0078125 0.0380859375
4 0.47119140625 0.40283203125 0.0107421875 0.0205078125
1 0.5166015625 0.435546875 0.0146484375 0.0703125
1 0.09716796875 0.43798828125 0.015625 0.0751953125
1 0.1083984375 0.435546875 0.0166015625 0.08203125
1 0.671875 0.38671875 0.0166015625 0.03515625
1 0.68701171875 0.4482421875 0.0390625 0.19140625
1 0.55810546875 0.42236328125 0.0078125 0.0556640625
1 0.569091796875 0.43310546875 0.01611328125 0.0791015625
0 0.656982421875 0.19091796875 0.03857421875 0.0771484375
0 0.52099609375 0.3720703125 0.0029296875 0.01171875
0 0.693603515625 0.22607421875 0.00830078125 0.0224609375
0 0.87890625 0.0263671875 0.0107421875 0.052734375
