1 0.22412109375 0.421875 0.0078125 0.015625
1 0.09033203125 0.4169921875 0.009765625 0.025390625
1 0.101318359375 0.41748046875 0.01318359375 0.0283203125
1 0.00830078125 0.412109375 0.009765625 0.0234375
1 0.79052734375 0.38623046875 0.0068359375 0.0107421875
0 0.598388671875 0.41259765625 0.00830078125 0.0146484375
0 0.372802734375 0.419921875 0.00537109375 0.025390625
0 0.335693359375 0.4296875 0.00927734375 0.025390625
0 0.315185546875 0.43701171875 0.00830078125 0.0361328125
0 0.364013671875 0.3759765625 0.00244140625 0.01171875
