1 0.609375 0.4130859375 0.0068359375 0.013671875
1 0.621337890625 0.41357421875 0.01123046875 0.0146484375
1 0.3017578125 0.44287109375 0.01171875 0.0732421875
1 0.93408203125 0.40380859375 0.013671875 0.0224609375
1 0.03662109375 0.38134765625 0.0234375 0.0341796875
1 0.013671875 0.384765625 0.0185546875 0.02734375
2 0.4326171875 0.43359375 0.0068359375 0.03125
2 0.4384765625 0.435546875 0.0078125 0.0390625
2 0.387939453125 0.4375 0.01708984375 0.08203125
2 0.319580078125 0.44189453125 0.02783203125 0.1357421875
0 0.45751953125 0.4296875 0.00390625 0.021484375
