1 0.600830078125 0.39404296875 0.00537109375 0.0595703125
1 0.297119140625 0.400390625 0.00830078125 0.041015625
1 0.2841796875 0.39306640625 0.0068359375 0.0146484375
1 0.5009765625 0.35498046875 0.00390625 0.0126953125
4 0.491455078125 0.3671875 0.00146484375 0.01953125
1 0.50390625 0.42822265625 0.009765625 0.1435546875
1 0.521728515625 0.4794921875 0.02197265625 0.056640625
1 0.482421875 0.43115234375 0.0205078125 0.1474609375
1 0.634033203125 0.41015625 0.01318359375 0.091796875
1 0.778076171875 0.40869140625 0.02001953125 0.0986328125
1 0.806884765625 0.4169921875 0.02099609375 0.103515625
3 0.940185546875 0.43310546875 0.02197265625 0.0966796875
3 0.931396484375 0.43115234375 0.02490234375 0.0751953125
3 0.9599609375 0.435546875 0.025390625 0.08984375
1 0.16552734375 0.4384765625 0.0185546875 0.119140625
1 0.155029296875 0.4375 0.01513671875 0.111328125
1 0.142578125 0.42578125 0.0205078125 0.146484375
1 0.121337890625 0.43115234375 0.00732421875 0.1298828125
1 0.1083984375 0.4228515625 0.0380859375 0.185546875
1 0.672607421875 0.431640625 0.01611328125 0.13671875
2 0.646728515625 0.41552734375 0.03173828125 0.1572265625
0 0.553955078125 0.3388671875 0.04248046875 0.158203125
0 0.815673828125 0.28271484375 0.00732421875 0.0166015625
0 0.198486328125 0.3916015625 0.00634765625 0.0234375
0 0.181396484375 0.4013671875 0.00732421875 0.03515625
0 0.44970703125 0.39453125 0.009765625 0.025390625
