1 0.38818359375 0.419921875 0.005859375 0.01171875
1 0.529296875 0.41943359375 0.0078125 0.0166015625
1 0.537109375 0.43408203125 0.0068359375 0.0380859375
1 0.547119140625 0.43310546875 0.01025390625 0.0498046875
1 0.5224609375 0.4345703125 0.0078125 0.046875
3 0.25830078125 0.4375 0.0078125 0.033203125
1 0.265380859375 0.435546875 0.00634765625 0.0859375
1 0.224853515625 0.43994140625 0.01611328125 0.0771484375
2 0.02734375 0.45068359375 0.0478515625 0.3408203125
2 0.434326171875 0.43896484375 0.01025390625 0.0498046875
0 0.4521484375 0.42333984375 0.0048828125 0.0146484375
0 0.317138671875 0.408203125 0.02880859375 0.080078125
