1 0.5341796875 0.44775390625 0.0166015625 0.0830078125
1 0.788818359375 0.4228515625 0.01708984375 0.05078125
1 0.050048828125 0.4541015625 0.01611328125 0.078125
1 0.263916015625 0.42578125 0.00732421875 0.0390625
0 0.95263671875 0.24658203125 0.0029296875 0.0087890625
0 0.95263671875 0.27099609375 0.0029296875 0.0107421875
0 0.760498046875 0.43603515625 0.01318359375 0.0205078125
0 0.665771484375 0.361328125 0.00439453125 0.01171875
0 0.610595703125 0.4169921875 0.01318359375 0.02734375
0 0.5751953125 0.3896484375 0.00390625 0.013671875
0 0.27197265625 0.412109375 0.0087890625 0.02734375
0 0.197509765625 0.42236328125 0.00830078125 0.0458984375
0 0.2099609375 0.4248046875 0.0068359375 0.0390625
0 0.224609375 0.4130859375 0.0068359375 0.013671875
0 0.28271484375 0.4296875 0.0078125 0.0234375
0 0.59375 0.39501953125 0.00390625 0.0107421875
0 0.580078125 0.4013671875 0.001953125 0.005859375
5 0 0 0 0
