1 0.591064453125 0.4580078125 0.01611328125 0.078125
1 0.602294921875 0.4580078125 0.01416015625 0.076171875
1 0.328125 0.474609375 0.0205078125 0.134765625
1 0.3076171875 0.4755859375 0.0234375 0.16015625
1 0.677978515625 0.47021484375 0.02685546875 0.1533203125
1 0.6552734375 0.47265625 0.02734375 0.154296875
1 0.634033203125 0.46533203125 0.03369140625 0.1630859375
1 0.246337890625 0.47900390625 0.02001953125 0.1318359375
1 0.283203125 0.47802734375 0.01953125 0.1435546875
1 0.27099609375 0.478515625 0.0263671875 0.14453125
1 0.232177734375 0.47705078125 0.01611328125 0.1416015625
1 0.342041015625 0.48388671875 0.02783203125 0.1357421875
2 0.365234375 0.46728515625 0.0205078125 0.0986328125
0 0.32568359375 0.3408203125 0.013671875 0.025390625
0 0.3388671875 0.365234375 0.0048828125 0.0234375
0 0.093017578125 0.4384765625 0.00927734375 0.041015625
0 0.069580078125 0.42919921875 0.01318359375 0.0205078125
