1 0.35595703125 0.40087890625 0.0078125 0.0185546875
1 0.254638671875 0.41650390625 0.01513671875 0.0576171875
1 0.5419921875 0.46826171875 0.0537109375 0.2626953125
1 0.073974609375 0.4169921875 0.00927734375 0.06640625
1 0.04052734375 0.4375 0.0263671875 0.111328125
1 0.343017578125 0.41552734375 0.00927734375 0.0498046875
1 0.320068359375 0.4658203125 0.05712890625 0.27734375
1 0.949462890625 0.384765625 0.01904296875 0.083984375
1 0.91259765625 0.396484375 0.0185546875 0.115234375
1 0.9228515625 0.39599609375 0.025390625 0.1201171875
