4 0.240478515625 0.44091796875 0.01708984375 0.0595703125
1 0.225830078125 0.44091796875 0.00830078125 0.0419921875
1 0.02880859375 0.43017578125 0.015625 0.0439453125
2 0.662109375 0.462890625 0.0263671875 0.126953125
2 0.81982421875 0.47900390625 0.0419921875 0.2041015625
2 0.60986328125 0.45849609375 0.0234375 0.1142578125
0 0.412353515625 0.43701171875 0.00732421875 0.0185546875
0 0.38330078125 0.43212890625 0.0078125 0.0263671875
0 0.283447265625 0.43017578125 0.00830078125 0.0185546875
0 0.268310546875 0.42626953125 0.01025390625 0.0048828125
