1 0.38232421875 0.43310546875 0.017578125 0.0830078125
1 0.580078125 0.4150390625 0.009765625 0.048828125
1 0.337890625 0.40234375 0.01171875 0.03125
1 0.63671875 0.4384765625 0.013671875 0.08203125
4 0.6201171875 0.42822265625 0.0166015625 0.1083984375
1 0.64599609375 0.42724609375 0.0224609375 0.1162109375
1 0.666015625 0.4306640625 0.017578125 0.109375
1 0.72265625 0.431640625 0.0263671875 0.1953125
1 0.739990234375 0.44140625 0.04248046875 0.220703125
1 0.865478515625 0.435546875 0.03466796875 0.228515625
1 0.830078125 0.4443359375 0.041015625 0.228515625
1 0.21142578125 0.3955078125 0.0146484375 0.0234375
1 0.036376953125 0.48681640625 0.04443359375 0.3173828125
1 0.440185546875 0.43701171875 0.01806640625 0.1083984375
0 0.344482421875 0.337890625 0.00537109375 0.0234375
0 0.61669921875 0.291015625 0.005859375 0.029296875
0 0.683349609375 0.43896484375 0.00732421875 0.0595703125
0 0.550048828125 0.37255859375 0.00146484375 0.0048828125
5 0 0 0 0
5 0 0 0 0
