1 0.892578125 0.43408203125 0.009765625 0.0458984375
1 0.66943359375 0.474609375 0.0390625 0.19140625
1 0.693115234375 0.48779296875 0.03857421875 0.1865234375
1 0.58154296875 0.470703125 0.037109375 0.181640625
1 0.31005859375 0.54052734375 0.046875 0.2275390625
2 0.732177734375 0.474609375 0.02978515625 0.146484375
0 0.144287109375 0.41357421875 0.00927734375 0.0205078125
0 0.285888671875 0.416015625 0.01123046875 0.01953125
0 0.529296875 0.4306640625 0.0263671875 0.078125
0 0.543212890625 0.50537109375 0.02587890625 0.0400390625
