1 0.5478515625 0.3876953125 0.0087890625 0.04296875
1 0.573974609375 0.384765625 0.00927734375 0.025390625
1 0.53662109375 0.4091796875 0.005859375 0.021484375
1 0.4609375 0.40869140625 0.0126953125 0.0810546875
1 0.453369140625 0.41552734375 0.01220703125 0.0751953125
1 0.73486328125 0.44091796875 0.0419921875 0.2177734375
1 0.389892578125 0.43115234375 0.01904296875 0.1103515625
1 0.37451171875 0.431640625 0.0166015625 0.11328125
1 0.578369140625 0.4111328125 0.00830078125 0.05859375
1 0.572509765625 0.41357421875 0.01318359375 0.0556640625
1 0.55712890625 0.40625 0.0185546875 0.0703125
0 0.94482421875 0.43505859375 0.0302734375 0.2177734375
0 0.609375 0.31103515625 0.0087890625 0.0244140625
0 0.5263671875 0.40673828125 0.0087890625 0.0576171875
0 0.534912109375 0.3671875 0.00439453125 0.01953125
