1 0.56201171875 0.439453125 0.0078125 0.046875
1 0.66455078125 0.396484375 0.0068359375 0.013671875
1 0.4345703125 0.42236328125 0.0048828125 0.0146484375
4 0.361083984375 0.4375 0.01708984375 0.029296875
1 0.39990234375 0.45556640625 0.013671875 0.0673828125
4 0.3037109375 0.4501953125 0.009765625 0.056640625
1 0.311767578125 0.44091796875 0.01318359375 0.0693359375
1 0.293212890625 0.4453125 0.01220703125 0.07421875
4 0.29931640625 0.46728515625 0.0087890625 0.0400390625
4 0.695556640625 0.38720703125 0.00927734375 0.0107421875
1 0.703125 0.3896484375 0.005859375 0.0078125
4 0.7470703125 0.38916015625 0.015625 0.0361328125
2 0.54443359375 0.4365234375 0.0078125 0.037109375
2 0.553955078125 0.4345703125 0.00732421875 0.02734375
2 0.329345703125 0.46240234375 0.02978515625 0.1455078125
0 0.76708984375 0.37841796875 0.021484375 0.0087890625
0 0.283447265625 0.43505859375 0.00830078125 0.0224609375
0 0.475341796875 0.40966796875 0.00634765625 0.0087890625
0 0.38232421875 0.4365234375 0.005859375 0.009765625
0 0.424560546875 0.4345703125 0.00830078125 0.015625
