1 0.279541015625 0.4013671875 0.01123046875 0.01953125
1 0.322265625 0.40771484375 0.01171875 0.0244140625
1 0.22705078125 0.4111328125 0.0087890625 0.02734375
1 0.171630859375 0.404296875 0.01123046875 0.01953125
1 0.149658203125 0.39990234375 0.01708984375 0.0302734375
1 0.05126953125 0.42333984375 0.0244140625 0.0791015625
1 0.009765625 0.453125 0.0126953125 0.130859375
4 0.7216796875 0.37109375 0.013671875 0.013671875
1 0.383544921875 0.4482421875 0.02978515625 0.21484375
1 0.54296875 0.45556640625 0.044921875 0.2490234375
1 0.582763671875 0.458984375 0.05126953125 0.263671875
2 0.62890625 0.44580078125 0.0546875 0.2666015625
