1 0.232177734375 0.14013671875 0.01220703125 0.0263671875
1 0.24560546875 0.14111328125 0.0146484375 0.0244140625
1 0.7666015625 0.42333984375 0.01171875 0.0185546875
3 0.777099609375 0.42041015625 0.00732421875 0.0205078125
1 0.8916015625 0.39208984375 0.0107421875 0.0185546875
4 0.926025390625 0.3935546875 0.02001953125 0.02734375
1 0.9794921875 0.39453125 0.0107421875 0.03515625
1 0.88134765625 0.400390625 0.0146484375 0.029296875
0 0.09375 0.4208984375 0.0283203125 0.10546875
5 0 0 0 0
5 0 0 0 0
5 0 0 0 0
