1 0.076416015625 0.46240234375 0.08935546875 0.4658203125
1 0.35205078125 0.49365234375 0.0576171875 0.4580078125
1 0.293701171875 0.48876953125 0.09912109375 0.5302734375
1 0.236572265625 0.5107421875 0.10595703125 0.517578125
1 0.652099609375 0.49560546875 0.06982421875 0.3408203125
1 0.534912109375 0.4716796875 0.11376953125 0.5546875
0 0.8916015625 0.32177734375 0.00390625 0.0126953125
0 0.566650390625 0.37548828125 0.01123046875 0.0322265625
0 0.50634765625 0.3759765625 0.0087890625 0.03125
0 0.140869140625 0.365234375 0.01708984375 0.0390625
