1 0.423828125 0.4326171875 0.017578125 0.10546875
1 0.408935546875 0.43359375 0.02001953125 0.099609375
1 0.489013671875 0.4423828125 0.01708984375 0.091796875
1 0.56982421875 0.44189453125 0.0224609375 0.1103515625
1 0.541015625 0.4462890625 0.0224609375 0.111328125
3 0.685791015625 0.40576171875 0.01318359375 0.0263671875
1 0.37255859375 0.4736328125 0.037109375 0.181640625
1 0.362548828125 0.48388671875 0.03857421875 0.1865234375
1 0.478271484375 0.48291015625 0.03173828125 0.1552734375
1 0.650390625 0.462890625 0.0380859375 0.1875
1 0.65234375 0.46337890625 0.041015625 0.2001953125
1 0.7490234375 0.43798828125 0.0380859375 0.2646484375
1 0.47509765625 0.474609375 0.0380859375 0.189453125
2 0.318115234375 0.44384765625 0.02783203125 0.1103515625
0 0.917724609375 0.38671875 0.07666015625 0.21484375
0 0.806396484375 0.42236328125 0.02099609375 0.1396484375
0 0.7041015625 0.4296875 0.0302734375 0.029296875
