1 0.49072265625 0.4453125 0.0205078125 0.1171875
1 0.476806640625 0.44287109375 0.01806640625 0.1318359375
1 0.654541015625 0.4287109375 0.02099609375 0.123046875
4 0.56494140625 0.43896484375 0.0244140625 0.1279296875
1 0.7666015625 0.4150390625 0.0029296875 0.041015625
1 0.786865234375 0.43212890625 0.02685546875 0.1298828125
1 0.802734375 0.43017578125 0.0185546875 0.1396484375
1 0.8828125 0.43310546875 0.0146484375 0.1005859375
1 0.068359375 0.3427734375 0.0244140625 0.037109375
4 0.448486328125 0.3974609375 0.00732421875 0.041015625
1 0.467041015625 0.470703125 0.04638671875 0.28515625
1 0.522705078125 0.48193359375 0.05908203125 0.2841796875
1 0.617431640625 0.4384765625 0.05908203125 0.3515625
1 0.6181640625 0.46875 0.048828125 0.3125
1 0.684814453125 0.44189453125 0.06884765625 0.3857421875
1 0.710205078125 0.5048828125 0.09130859375 0.44140625
1 0.7373046875 0.5 0.1044921875 0.509765625
1 0.839111328125 0.51416015625 0.08154296875 0.4521484375
1 0.156494140625 0.51123046875 0.09912109375 0.6748046875
2 0.944091796875 0.46826171875 0.10986328125 0.5361328125
4 0.023193359375 0.4150390625 0.04052734375 0.220703125
0 0.791015625 0.15869140625 0.005859375 0.0771484375
