1 0.95068359375 0.40478515625 0.0146484375 0.0361328125
1 0.739013671875 0.421875 0.02294921875 0.10546875
1 0.67041015625 0.4404296875 0.0283203125 0.19140625
1 0.685546875 0.44873046875 0.03515625 0.1708984375
1 0.5888671875 0.45849609375 0.0244140625 0.1552734375
1 0.56494140625 0.4609375 0.041015625 0.19921875
1 0.140869140625 0.484375 0.02294921875 0.1171875
1 0.063720703125 0.5419921875 0.00634765625 0.013671875
1 0.78466796875 0.45751953125 0.05078125 0.2470703125
2 0.55712890625 0.427734375 0.01953125 0.08203125
2 0.2060546875 0.4775390625 0.02734375 0.134765625
2 0.758544921875 0.41015625 0.02587890625 0.130859375
4 0.85205078125 0.3876953125 0.048828125 0.078125
2 0.858154296875 0.43505859375 0.03662109375 0.1728515625
2 0.89501953125 0.412109375 0.0322265625 0.115234375
0 0.9189453125 0.31982421875 0.009765625 0.0244140625
0 0.394775390625 0.42431640625 0.02197265625 0.1044921875
0 0.465087890625 0.43212890625 0.00537109375 0.0517578125
0 0.0498046875 0.4814453125 0.0146484375 0.0625
5 0 0 0 0
5 0 0 0 0
5 0 0 0 0
