1 0.487548828125 0.46630859375 0.00927734375 0.0615234375
1 0.97412109375 0.3779296875 0.0478515625 0.115234375
4 0.984619140625 0.42236328125 0.02587890625 0.1474609375
1 0.193359375 0.46923828125 0.03125 0.1787109375
1 0.165771484375 0.46435546875 0.02685546875 0.1865234375
1 0.148193359375 0.47314453125 0.04052734375 0.1982421875
1 0.061767578125 0.48876953125 0.07177734375 0.3544921875
4 0.013427734375 0.53173828125 0.02099609375 0.2939453125
2 0.4404296875 0.470703125 0.0107421875 0.064453125
0 0.50830078125 0.388671875 0.0048828125 0.017578125
0 0.330078125 0.39794921875 0.0029296875 0.0107421875
0 0.85986328125 0.39599609375 0.005859375 0.0087890625
5 0 0 0 0
5 0 0 0 0
5 0 0 0 0
5 0 0 0 0
