1 0.01806640625 0.41455078125 0.01953125 0.0341796875
1 0.239501953125 0.43017578125 0.00927734375 0.0478515625
4 0.169677734375 0.44287109375 0.02001953125 0.0986328125
1 0.604736328125 0.42333984375 0.01416015625 0.0791015625
1 0.4140625 0.49365234375 0.0537109375 0.3232421875
1 0.79345703125 0.3798828125 0.01171875 0.056640625
1 0.80810546875 0.41162109375 0.0205078125 0.1435546875
0 0.89892578125 0.380859375 0.0224609375 0.087890625
0 0.85693359375 0.42041015625 0.0166015625 0.0634765625
0 0.841796875 0.39599609375 0.0107421875 0.0166015625
0 0.726318359375 0.40185546875 0.01025390625 0.0244140625
0 0.580322265625 0.39453125 0.01318359375 0.048828125
0 0.56591796875 0.4287109375 0.0078125 0.072265625
0 0.222900390625 0.41455078125 0.01513671875 0.0341796875
0 0.212158203125 0.43701171875 0.00927734375 0.0400390625
0 0.198486328125 0.42138671875 0.01416015625 0.0537109375
5 0 0 0 0
5 0 0 0 0
5 0 0 0 0
5 0 0 0 0
