1 0.374267578125 0.36962890625 0.01318359375 0.0322265625
1 0.35888671875 0.36279296875 0.0146484375 0.0400390625
1 0.317626953125 0.4375 0.03662109375 0.177734375
1 0.35107421875 0.439453125 0.0361328125 0.177734375
1 0.30419921875 0.44873046875 0.0400390625 0.1962890625
1 0.248779296875 0.39697265625 0.02001953125 0.0537109375
1 0.230712890625 0.35205078125 0.01708984375 0.0361328125
1 0.27197265625 0.447265625 0.0361328125 0.220703125
1 0.717529296875 0.404296875 0.03759765625 0.111328125
1 0.8525390625 0.4521484375 0.05078125 0.24609375
0 0.88720703125 0.029296875 0.0263671875 0.0546875
0 0.63232421875 0.3740234375 0.025390625 0.01171875
0 0.52099609375 0.36669921875 0.013671875 0.0087890625
0 0.4453125 0.369140625 0.0078125 0.0234375
0 0.293701171875 0.33154296875 0.02001953125 0.0322265625
0 0.379150390625 0.36669921875 0.00634765625 0.0322265625
