1 0.01513671875 0.4013671875 0.0224609375 0.107421875
1 0.134765625 0.4072265625 0.0244140625 0.125
1 0.2294921875 0.43115234375 0.03125 0.1650390625
1 0.81201171875 0.447265625 0.021484375 0.111328125
1 0.36669921875 0.44287109375 0.0283203125 0.1376953125
0 0.990966796875 0.42041015625 0.00927734375 0.0283203125
0 0.751953125 0.44189453125 0.0068359375 0.0517578125
0 0.779541015625 0.4228515625 0.01025390625 0.0234375
0 0.439453125 0.43798828125 0.00390625 0.0146484375
0 0.403076171875 0.45361328125 0.00341796875 0.0185546875
0 0.410400390625 0.41015625 0.00244140625 0.009765625
0 0.38916015625 0.4326171875 0.0048828125 0.0390625
5 0 0 0 0
