1 0.7158203125 0.42529296875 0.0146484375 0.0712890625
1 0.781005859375 0.42236328125 0.01025390625 0.0654296875
1 0.7939453125 0.41845703125 0.0146484375 0.0966796875
1 0.658935546875 0.4287109375 0.00927734375 0.044921875
1 0.501708984375 0.423828125 0.01123046875 0.068359375
1 0.451904296875 0.42626953125 0.02685546875 0.1298828125
1 0.377685546875 0.43408203125 0.03857421875 0.2177734375
1 0.5087890625 0.4013671875 0.0078125 0.0234375
1 0.328857421875 0.44140625 0.03564453125 0.205078125
1 0.72998046875 0.4267578125 0.0107421875 0.06640625
1 0.736083984375 0.42626953125 0.01416015625 0.0751953125
0 0.765869140625 0.33154296875 0.00634765625 0.0205078125
0 0.688720703125 0.42626953125 0.00537109375 0.0419921875
0 0.706787109375 0.42431640625 0.00732421875 0.0439453125
0 0.531982421875 0.3505859375 0.00537109375 0.017578125
0 0.564208984375 0.4052734375 0.01123046875 0.02734375
0 0.4208984375 0.38623046875 0.00390625 0.0068359375
0 0.295654296875 0.47412109375 0.01416015625 0.0439453125
0 0.263671875 0.40185546875 0.0068359375 0.0126953125
5 0 0 0 0
5 0 0 0 0
5 0 0 0 0
