1 0.23486328125 0.44189453125 0.005859375 0.0283203125
1 0.22705078125 0.44140625 0.0068359375 0.03515625
1 0.705322265625 0.3984375 0.00927734375 0.0078125
1 0.88916015625 0.431640625 0.0126953125 0.08984375
1 0.939453125 0.3994140625 0.0087890625 0.01953125
0 0.64697265625 0.4052734375 0.0205078125 0.052734375
0 0.870849609375 0.32275390625 0.00244140625 0.0087890625
0 0.793701171875 0.35009765625 0.00244140625 0.0087890625
0 0.600341796875 0.44287109375 0.00537109375 0.0302734375
0 0.1513671875 0.3623046875 0.0078125 0.04296875
0 0.16357421875 0.3623046875 0.0078125 0.041015625
0 0.180908203125 0.3603515625 0.02001953125 0.044921875
