1 0.734130859375 0.4658203125 0.04638671875 0.25
1 0.698486328125 0.466796875 0.04248046875 0.28125
1 0.68017578125 0.4814453125 0.0478515625 0.275390625
1 0.412109375 0.4970703125 0.0712890625 0.34765625
0 0.521240234375 0.0947265625 0.01806640625 0.05859375
0 0.652587890625 0.41796875 0.01611328125 0.126953125
0 0.72119140625 0.3310546875 0.0107421875 0.095703125
0 0.6669921875 0.4072265625 0.0087890625 0.095703125
0 0.85791015625 0.275390625 0.0107421875 0.046875
0 0.85205078125 0.43798828125 0.0068359375 0.0654296875
