1 0.430419921875 0.46923828125 0.08251953125 0.4033203125
1 0.06787109375 0.49560546875 0.0673828125 0.3271484375
1 0.1318359375 0.46240234375 0.0185546875 0.0927734375
2 0.3955078125 0.44384765625 0.0517578125 0.2509765625
0 0.011962890625 0.2275390625 0.01806640625 0.083984375
0 0.83544921875 0.369140625 0.015625 0.04296875
0 0.895263671875 0.3681640625 0.01416015625 0.04296875
0 0.678955078125 0.4306640625 0.00927734375 0.017578125
0 0.253173828125 0.32373046875 0.01318359375 0.0185546875
0 0.2529296875 0.4345703125 0.0048828125 0.056640625
0 0.324462890625 0.4052734375 0.00634765625 0.01953125
0 0.46142578125 0.42578125 0.0087890625 0.015625
0 0.53271484375 0.4130859375 0.0029296875 0.009765625
0 0.5419921875 0.44189453125 0.0078125 0.0341796875
0 0.97216796875 0.27294921875 0.00390625 0.0205078125
0 0.917236328125 0.361328125 0.01123046875 0.0234375
0 0.967529296875 0.341796875 0.00439453125 0.021484375
