1 0.076171875 0.4453125 0.0146484375 0.087890625
1 0.08984375 0.443359375 0.0185546875 0.0859375
1 0.058837890625 0.45556640625 0.02197265625 0.1064453125
1 0.036865234375 0.45166015625 0.02099609375 0.1005859375
1 0.368896484375 0.45556640625 0.02685546875 0.1533203125
1 0.38525390625 0.45166015625 0.02734375 0.1845703125
1 0.418212890625 0.4296875 0.01513671875 0.12890625
1 0.4267578125 0.42138671875 0.0185546875 0.1435546875
1 0.434814453125 0.4287109375 0.02392578125 0.140625
1 0.448974609375 0.42431640625 0.02978515625 0.1494140625
4 0.579833984375 0.41015625 0.06396484375 0.220703125
1 0.61572265625 0.45703125 0.0283203125 0.287109375
1 0.584228515625 0.51953125 0.06396484375 0.353515625
1 0.63525390625 0.51611328125 0.0654296875 0.3974609375
0 0.296142578125 0.42041015625 0.00830078125 0.0498046875
