1 0.798583984375 0.4169921875 0.01025390625 0.0546875
1 0.04541015625 0.44091796875 0.0185546875 0.0947265625
2 0.011474609375 0.42529296875 0.01611328125 0.0908203125
0 0.152587890625 0.39990234375 0.01123046875 0.0263671875
0 0.75048828125 0.3916015625 0.0126953125 0.0390625
0 0.59130859375 0.37939453125 0.0048828125 0.0146484375
0 0.491455078125 0.42041015625 0.00341796875 0.0087890625
0 0.4423828125 0.43212890625 0.0068359375 0.0126953125
0 0.429443359375 0.43359375 0.00537109375 0.0078125
0 0.3369140625 0.41357421875 0.0068359375 0.0771484375
0 0.28173828125 0.40185546875 0.0087890625 0.0673828125
