1 0.050537109375 0.490234375 0.01806640625 0.021484375
1 0.065673828125 0.49072265625 0.00537109375 0.0224609375
1 0.675537109375 0.47265625 0.06103515625 0.30859375
1 0.71875 0.50439453125 0.07421875 0.4091796875
1 0.359619140625 0.61376953125 0.02587890625 0.0205078125
1 0.584716796875 0.46923828125 0.06298828125 0.3056640625
1 0.425048828125 0.337890625 0.02783203125 0.0703125
1 0.421875 0.45263671875 0.0390625 0.2646484375
1 0.401611328125 0.48046875 0.02880859375 0.2578125
1 0.4462890625 0.55908203125 0.0576171875 0.1787109375
1 0.3837890625 0.474609375 0.0546875 0.34375
1 0.3544921875 0.4697265625 0.0654296875 0.369140625
1 0.352294921875 0.4873046875 0.04931640625 0.357421875
1 0.312744140625 0.48876953125 0.05126953125 0.4130859375
1 0.1328125 0.46240234375 0.0380859375 0.3505859375
1 0.093994140625 0.49755859375 0.09716796875 0.5419921875
4 0.022705078125 0.5673828125 0.02490234375 0.09765625
4 0.013671875 0.49462890625 0.021484375 0.2900390625
1 0.21435546875 0.4462890625 0.0732421875 0.357421875
1 0.2001953125 0.6396484375 0.0498046875 0.126953125
1 0.207763671875 0.53564453125 0.09130859375 0.5126953125
1 0.494140625 0.490234375 0.0751953125 0.435546875
1 0.283447265625 0.55126953125 0.10400390625 0.5751953125
1 0.515380859375 0.5 0.08740234375 0.48828125
1 0.457763671875 0.5126953125 0.09033203125 0.521484375
1 0.9482421875 0.4912109375 0.1064453125 0.517578125
1 0.835205078125 0.45703125 0.04052734375 0.291015625
1 0.854248046875 0.48583984375 0.07275390625 0.3525390625
