1 0.763916015625 0.42236328125 0.00341796875 0.0146484375
1 0.878173828125 0.41748046875 0.00537109375 0.0126953125
1 0.78173828125 0.4189453125 0.0048828125 0.0078125
1 0.006591796875 0.40869140625 0.00634765625 0.0732421875
1 0.564208984375 0.42431640625 0.00634765625 0.0263671875
1 0.654541015625 0.431640625 0.01904296875 0.18359375
1 0.675048828125 0.427734375 0.03564453125 0.224609375
1 0.727294921875 0.427734375 0.02783203125 0.1796875
1 0.90087890625 0.42626953125 0.0078125 0.0380859375
2 0.602294921875 0.42138671875 0.01220703125 0.0634765625
2 0.92041015625 0.42431640625 0.0087890625 0.0439453125
2 0.906005859375 0.41845703125 0.00634765625 0.0185546875
0 0.343505859375 0.32177734375 0.00634765625 0.0244140625
0 0.86669921875 0.17333984375 0.005859375 0.0146484375
0 0.77587890625 0.37646484375 0.00390625 0.0146484375
5 0 0 0 0
