1 0.709228515625 0.46826171875 0.01123046875 0.0673828125
1 0.721435546875 0.46435546875 0.01611328125 0.0771484375
1 0.45751953125 0.48046875 0.0107421875 0.060546875
1 0.492431640625 0.4560546875 0.01220703125 0.033203125
1 0.8935546875 0.44677734375 0.01171875 0.0634765625
1 0.913818359375 0.43994140625 0.01513671875 0.0751953125
2 0.865966796875 0.4716796875 0.03662109375 0.1796875
0 0.2138671875 0.4296875 0.0078125 0.025390625
0 0.433349609375 0.46435546875 0.01220703125 0.0458984375
0 0.960693359375 0.41552734375 0.01123046875 0.0439453125
0 0.986328125 0.427734375 0.0078125 0.029296875
