1 0.595703125 0.46484375 0.0146484375 0.07421875
1 0.523193359375 0.46875 0.01318359375 0.07421875
1 0.455322265625 0.4755859375 0.03173828125 0.1640625
1 0.379638671875 0.4638671875 0.02587890625 0.125
1 0.845703125 0.44189453125 0.0087890625 0.0283203125
1 0.81640625 0.42626953125 0.015625 0.0361328125
1 0.67919921875 0.46826171875 0.021484375 0.1298828125
2 0.546875 0.4521484375 0.02734375 0.134765625
0 0.34619140625 0.4033203125 0.0390625 0.138671875
0 0.421142578125 0.3857421875 0.03076171875 0.080078125
0 0.444091796875 0.3681640625 0.01416015625 0.046875
0 0.685791015625 0.3173828125 0.01513671875 0.060546875
0 0.844970703125 0.37353515625 0.00634765625 0.0126953125
0 0.0166015625 0.41064453125 0.0234375 0.1025390625
0 0.056884765625 0.45947265625 0.02685546875 0.1181640625
0 0.211669921875 0.35205078125 0.00830078125 0.0146484375
0 0.261962890625 0.34521484375 0.00732421875 0.0244140625
0 0.4462890625 0.40673828125 0.0078125 0.0263671875
0 0.493408203125 0.42724609375 0.00830078125 0.0380859375
