1 0.453857421875 0.42529296875 0.01611328125 0.0771484375
1 0.51806640625 0.45703125 0.0322265625 0.158203125
2 0.49462890625 0.44580078125 0.0283203125 0.1376953125
0 0.66748046875 0.36279296875 0.0146484375 0.0263671875
0 0.64697265625 0.37060546875 0.017578125 0.0283203125
0 0.608154296875 0.38134765625 0.01318359375 0.0341796875
0 0.9140625 0.3603515625 0.0234375 0.05078125
0 0.9404296875 0.35498046875 0.017578125 0.0419921875
0 0.79833984375 0.3681640625 0.0146484375 0.048828125
0 0.583251953125 0.3798828125 0.01123046875 0.04296875
0 0.712890625 0.3701171875 0.01953125 0.03515625
0 0.7509765625 0.38232421875 0.009765625 0.0302734375
