1 0.451416015625 0.42138671875 0.00439453125 0.0224609375
1 0.43701171875 0.4345703125 0.0078125 0.046875
1 0.268310546875 0.41552734375 0.00341796875 0.0087890625
1 0.667724609375 0.43505859375 0.00927734375 0.0673828125
1 0.679931640625 0.4384765625 0.01220703125 0.060546875
1 0.759765625 0.4453125 0.0224609375 0.123046875
1 0.187255859375 0.44384765625 0.00439453125 0.0283203125
1 0.097900390625 0.45068359375 0.01123046875 0.0556640625
2 0.131103515625 0.4462890625 0.01025390625 0.05078125
0 0.790771484375 0.3779296875 0.03076171875 0.056640625
0 0.833740234375 0.37353515625 0.05224609375 0.0615234375
0 0.870361328125 0.35595703125 0.02001953125 0.0927734375
0 0.899169921875 0.365234375 0.01611328125 0.0703125
0 0.9189453125 0.36376953125 0.013671875 0.0654296875
0 0.9443359375 0.3603515625 0.0205078125 0.083984375
0 0.96923828125 0.35693359375 0.0224609375 0.0849609375
0 0.994384765625 0.3544921875 0.01123046875 0.08984375
0 0.04833984375 0.384765625 0.001953125 0.005859375
