1 0.14306640625 0.44091796875 0.0166015625 0.0810546875
1 0.75146484375 0.38671875 0.0263671875 0.1328125
0 0.08544921875 0.25244140625 0.01171875 0.0556640625
0 0.093994140625 0.421875 0.01806640625 0.076171875
0 0.05029296875 0.42041015625 0.017578125 0.0732421875
0 0.12841796875 0.40869140625 0.009765625 0.0556640625
0 0.7041015625 0.41455078125 0.0126953125 0.0361328125
0 0.337646484375 0.39501953125 0.00732421875 0.0166015625
0 0.64697265625 0.4111328125 0.0087890625 0.017578125
0 0.519287109375 0.3984375 0.00244140625 0.0078125
0 0.529052734375 0.4267578125 0.00537109375 0.03125
