1 0.386474609375 0.45947265625 0.01025390625 0.0556640625
1 0.376220703125 0.4560546875 0.01513671875 0.076171875
1 0.3564453125 0.455078125 0.0146484375 0.072265625
1 0.367919921875 0.43701171875 0.00341796875 0.0205078125
1 0.109375 0.509765625 0.0595703125 0.2890625
1 0.154541015625 0.48974609375 0.06787109375 0.3349609375
1 0.2412109375 0.501953125 0.0849609375 0.416015625
1 0.42919921875 0.45556640625 0.0048828125 0.0361328125
1 0.421142578125 0.4775390625 0.01611328125 0.09765625
0 0.747802734375 0.4541015625 0.03076171875 0.05859375
