1 0.559326171875 0.39111328125 0.00634765625 0.0283203125
1 0.552734375 0.3896484375 0.005859375 0.01953125
1 0.588134765625 0.39306640625 0.00341796875 0.0263671875
1 0.30126953125 0.3974609375 0.0087890625 0.0234375
1 0.541015625 0.38671875 0.00390625 0.0078125
1 0.545654296875 0.38525390625 0.00537109375 0.0107421875
1 0.536865234375 0.384765625 0.00439453125 0.01171875
1 0.84375 0.37939453125 0.015625 0.0244140625
1 0.474853515625 0.3701171875 0.00439453125 0.013671875
1 0.498046875 0.35009765625 0.001953125 0.0107421875
1 0.48828125 0.36083984375 0.0029296875 0.0146484375
1 0.570556640625 0.39501953125 0.00830078125 0.0400390625
5 0 0 0 0
5 0 0 0 0
5 0 0 0 0
