1 0.448486328125 0.40478515625 0.00537109375 0.0205078125
1 0.43896484375 0.40625 0.0048828125 0.017578125
1 0.393798828125 0.39697265625 0.00341796875 0.0146484375
1 0.387451171875 0.39501953125 0.00537109375 0.0185546875
1 0.383544921875 0.40234375 0.00439453125 0.015625
1 0.375244140625 0.4013671875 0.00732421875 0.021484375
1 0.33837890625 0.4111328125 0.005859375 0.02734375
1 0.29931640625 0.39501953125 0.01171875 0.0166015625
1 0.2861328125 0.3955078125 0.0078125 0.017578125
1 0.73974609375 0.439453125 0.037109375 0.1796875
1 0.581787109375 0.396484375 0.00634765625 0.015625
1 0.595947265625 0.408203125 0.01025390625 0.05078125
1 0.610595703125 0.42041015625 0.01708984375 0.0810546875
1 0.629150390625 0.41650390625 0.01611328125 0.0791015625
0 0.7861328125 0.34619140625 0.0087890625 0.0712890625
