1 0.447265625 0.42529296875 0.017578125 0.0869140625
1 0.40380859375 0.43115234375 0.00390625 0.0185546875
1 0.425537109375 0.42822265625 0.00439453125 0.0283203125
1 0.42919921875 0.427734375 0.0048828125 0.025390625
1 0.43212890625 0.42919921875 0.00390625 0.0224609375
2 0.46875 0.4287109375 0.00390625 0.017578125
0 0.54833984375 0.353515625 0.0048828125 0.017578125
0 0.588134765625 0.404296875 0.01123046875 0.02734375
0 0.537841796875 0.37744140625 0.00244140625 0.0107421875
0 0.887939453125 0.38623046875 0.01318359375 0.0263671875
5 0 0 0 0
