1 0.3671875 0.43701171875 0.017578125 0.1083984375
1 0.409423828125 0.40478515625 0.00537109375 0.0263671875
1 0.84033203125 0.44287109375 0.013671875 0.0673828125
1 0.86181640625 0.45458984375 0.009765625 0.0458984375
1 0.341552734375 0.4375 0.01904296875 0.1015625
1 0.400146484375 0.41943359375 0.01220703125 0.0654296875
1 0.342041015625 0.39208984375 0.01611328125 0.0517578125
1 0.25244140625 0.4365234375 0.013671875 0.1015625
1 0.94970703125 0.478515625 0.0126953125 0.08984375
2 0.617919921875 0.4228515625 0.01025390625 0.048828125
0 0.70751953125 0.41162109375 0.0068359375 0.0380859375
