1 0.36279296875 0.388671875 0.0048828125 0.029296875
1 0.3681640625 0.3916015625 0.0087890625 0.04296875
1 0.357666015625 0.38916015625 0.00927734375 0.0556640625
1 0.56201171875 0.40380859375 0.015625 0.0673828125
1 0.377197265625 0.40380859375 0.01220703125 0.0576171875
1 0.5126953125 0.40380859375 0.013671875 0.0615234375
4 0.582275390625 0.427734375 0.03759765625 0.0625
1 0.4423828125 0.39990234375 0.01171875 0.0654296875
1 0.398681640625 0.4267578125 0.03759765625 0.248046875
1 0.3359375 0.43603515625 0.0400390625 0.2255859375
1 0.213134765625 0.4091796875 0.01611328125 0.078125
1 0.26904296875 0.4658203125 0.0947265625 0.4609375
0 0.14404296875 0.37060546875 0.0634765625 0.2236328125
0 0.535400390625 0.25537109375 0.00830078125 0.0244140625
0 0.824462890625 0.24267578125 0.01904296875 0.0791015625
0 0.961669921875 0.20703125 0.02099609375 0.099609375
0 0.24072265625 0.1513671875 0.0244140625 0.107421875
0 0.87451171875 0.35791015625 0.0068359375 0.0361328125
0 0.685302734375 0.4609375 0.00830078125 0.044921875
0 0.811279296875 0.4287109375 0.01025390625 0.01953125
0 0.723876953125 0.4072265625 0.00537109375 0.015625
