1 0.606689453125 0.46728515625 0.00634765625 0.0361328125
1 0.581787109375 0.4697265625 0.00732421875 0.037109375
1 0.57470703125 0.46923828125 0.005859375 0.0400390625
1 0.5703125 0.46728515625 0.0048828125 0.0458984375
1 0.564453125 0.4619140625 0.0107421875 0.05859375
1 0.53515625 0.478515625 0.013671875 0.078125
1 0.510498046875 0.47021484375 0.02099609375 0.1142578125
1 0.5517578125 0.4736328125 0.0166015625 0.091796875
1 0.33056640625 0.51416015625 0.0693359375 0.3427734375
1 0.593994140625 0.47998046875 0.01611328125 0.0869140625
1 0.612060546875 0.47021484375 0.00439453125 0.0302734375
1 0.61962890625 0.48046875 0.013671875 0.076171875
1 0.6669921875 0.50341796875 0.0517578125 0.3115234375
1 0.71044921875 0.50341796875 0.052734375 0.2919921875
1 0.7900390625 0.5126953125 0.0625 0.310546875
2 0.637939453125 0.46533203125 0.01220703125 0.0595703125
0 0.42578125 0.4951171875 0.0224609375 0.052734375
0 0.37451171875 0.4384765625 0.0087890625 0.017578125
0 0.069580078125 0.42041015625 0.01025390625 0.0458984375
