1 0.325439453125 0.474609375 0.01806640625 0.091796875
1 0.341796875 0.43798828125 0.009765625 0.0263671875
1 0.293212890625 0.4853515625 0.02294921875 0.12109375
1 0.2724609375 0.486328125 0.0244140625 0.1171875
1 0.078125 0.51513671875 0.0283203125 0.2158203125
1 0.105224609375 0.52099609375 0.04345703125 0.2138671875
1 0.0556640625 0.51123046875 0.0498046875 0.2392578125
1 0.150146484375 0.52001953125 0.04541015625 0.2177734375
1 0.656982421875 0.478515625 0.02490234375 0.193359375
1 0.6611328125 0.4775390625 0.025390625 0.234375
1 0.680419921875 0.48974609375 0.04736328125 0.2626953125
1 0.728271484375 0.44775390625 0.02685546875 0.1728515625
1 0.74951171875 0.44384765625 0.03515625 0.1962890625
1 0.770263671875 0.45068359375 0.02294921875 0.2041015625
1 0.79052734375 0.4482421875 0.0419921875 0.224609375
1 0.564697265625 0.4423828125 0.00732421875 0.052734375
1 0.57568359375 0.44482421875 0.0087890625 0.0537109375
1 0.570556640625 0.44775390625 0.00927734375 0.0498046875
