1 0.459228515625 0.36328125 0.00341796875 0.01171875
1 0.47119140625 0.35693359375 0.00390625 0.0068359375
1 0.43798828125 0.37255859375 0.005859375 0.0126953125
1 0.44970703125 0.38916015625 0.0068359375 0.0107421875
1 0.443115234375 0.38916015625 0.00537109375 0.0107421875
1 0.4345703125 0.421875 0.0146484375 0.07421875
1 0.40625 0.40380859375 0.0048828125 0.0283203125
1 0.417724609375 0.42724609375 0.01025390625 0.0693359375
1 0.400390625 0.42431640625 0.0146484375 0.0712890625
1 0.41259765625 0.42431640625 0.0146484375 0.0712890625
0 0.83984375 0.1982421875 0.017578125 0.07421875
0 0.272216796875 0.3388671875 0.00341796875 0.01171875
