1 0.989501953125 0.37353515625 0.00927734375 0.0439453125
1 0.940185546875 0.44873046875 0.04345703125 0.2919921875
1 0.82421875 0.4912109375 0.07421875 0.35546875
1 0.89111328125 0.5107421875 0.1044921875 0.525390625
1 0.818603515625 0.4873046875 0.07080078125 0.419921875
1 0.8662109375 0.5302734375 0.1142578125 0.5546875
1 0.619140625 0.45751953125 0.0478515625 0.2802734375
1 0.68212890625 0.48828125 0.0654296875 0.30078125
1 0.63916015625 0.48779296875 0.0732421875 0.3564453125
1 0.568115234375 0.46826171875 0.05810546875 0.3056640625
1 0.6015625 0.4873046875 0.0703125 0.408203125
1 0.669921875 0.54296875 0.1103515625 0.537109375
1 0.7353515625 0.56298828125 0.099609375 0.5927734375
1 0.488525390625 0.4775390625 0.02099609375 0.279296875
1 0.515869140625 0.46875 0.06298828125 0.33984375
1 0.470703125 0.482421875 0.0595703125 0.431640625
1 0.442626953125 0.50244140625 0.01611328125 0.0869140625
1 0.161865234375 0.4716796875 0.05810546875 0.283203125
1 0.371826171875 0.4609375 0.06982421875 0.341796875
1 0.431884765625 0.50341796875 0.11767578125 0.5712890625
1 0.145263671875 0.45263671875 0.03955078125 0.2998046875
1 0.112060546875 0.46923828125 0.06689453125 0.3701171875
1 0.039794921875 0.4755859375 0.07275390625 0.416015625
1 0.18115234375 0.50732421875 0.0693359375 0.3388671875
1 0.246826171875 0.47412109375 0.09033203125 0.4384765625
1 0.21435546875 0.49169921875 0.05859375 0.2861328125
0 0.9716796875 0.208984375 0.0048828125 0.03125
