1 0.98681640625 0.44287109375 0.0498046875 0.2861328125
1 0.836181640625 0.58251953125 0.02001953125 0.0771484375
1 0.678955078125 0.4736328125 0.05517578125 0.265625
1 0.66162109375 0.4677734375 0.0693359375 0.337890625
1 0.080078125 0.40966796875 0.0234375 0.0693359375
1 0.417236328125 0.4033203125 0.00927734375 0.052734375
1 0.4677734375 0.4912109375 0.05859375 0.28515625
1 0.40625 0.46826171875 0.060546875 0.2939453125
1 0.354736328125 0.47216796875 0.08251953125 0.4013671875
1 0.210693359375 0.490234375 0.09130859375 0.4453125
1 0.84423828125 0.48681640625 0.0771484375 0.3720703125
1 0.888671875 0.51611328125 0.1318359375 0.6435546875
1 0.769287109375 0.46533203125 0.06298828125 0.3056640625
1 0.791748046875 0.47265625 0.06982421875 0.33984375
1 0.503173828125 0.498046875 0.06396484375 0.337890625
1 0.568359375 0.47314453125 0.087890625 0.4267578125
4 0.9736328125 0.50048828125 0.0478515625 0.2958984375
4 0.975341796875 0.51708984375 0.04443359375 0.4013671875
