1 0.83349609375 0.37646484375 0.0185546875 0.0400390625
1 0.885498046875 0.36572265625 0.01806640625 0.0556640625
1 0.89990234375 0.37158203125 0.02734375 0.0537109375
1 0.987548828125 0.39111328125 0.02587890625 0.1767578125
1 0.9443359375 0.515625 0.0576171875 0.28125
1 0.542724609375 0.43115234375 0.02587890625 0.1455078125
1 0.5185546875 0.43701171875 0.0283203125 0.1396484375
1 0.46728515625 0.43603515625 0.01171875 0.0615234375
1 0.369384765625 0.421875 0.01220703125 0.033203125
1 0.309814453125 0.41455078125 0.01611328125 0.0498046875
1 0.225341796875 0.40869140625 0.02099609375 0.0634765625
1 0.2490234375 0.443359375 0.041015625 0.197265625
4 0.009765625 0.43896484375 0.013671875 0.1123046875
0 0.0673828125 0.39990234375 0.0185546875 0.0537109375
0 0.10498046875 0.4033203125 0.015625 0.056640625
0 0.16552734375 0.42529296875 0.01171875 0.0419921875
0 0.326416015625 0.4013671875 0.00927734375 0.0234375
0 0.965087890625 0.306640625 0.01806640625 0.0625
0 0.990966796875 0.28271484375 0.01220703125 0.0283203125
0 0.73779296875 0.419921875 0.0087890625 0.01953125
0 0.6953125 0.3857421875 0.0068359375 0.02734375
0 0.61376953125 0.4091796875 0.0048828125 0.013671875
0 0.739013671875 0.38427734375 0.01025390625 0.0341796875
0 0.450927734375 0.41845703125 0.01025390625 0.0478515625
0 0.1181640625 0.39990234375 0.009765625 0.0361328125
0 0.21484375 0.4072265625 0.0087890625 0.021484375
