1 0.201904296875 0.4951171875 0.01220703125 0.041015625
1 0.19580078125 0.49755859375 0.009765625 0.0361328125
1 0.340087890625 0.4921875 0.01025390625 0.037109375
1 0.288330078125 0.4892578125 0.01220703125 0.03515625
1 0.279541015625 0.490234375 0.01220703125 0.037109375
1 0.45947265625 0.47998046875 0.01171875 0.0244140625
1 0.521484375 0.47705078125 0.005859375 0.0126953125
1 0.583984375 0.5029296875 0.0068359375 0.048828125
1 0.677978515625 0.4833984375 0.00830078125 0.01953125
1 0.69384765625 0.4873046875 0.0087890625 0.029296875
1 0.61767578125 0.5 0.0107421875 0.052734375
1 0.7509765625 0.48974609375 0.0087890625 0.0732421875
1 0.758544921875 0.4912109375 0.01123046875 0.064453125
1 0.9169921875 0.46484375 0.0244140625 0.119140625
1 0.87353515625 0.46826171875 0.0224609375 0.1181640625
1 0.7978515625 0.48046875 0.0205078125 0.099609375
2 0.9560546875 0.45703125 0.025390625 0.125
1 0.24169921875 0.49365234375 0.01171875 0.0322265625
1 0.33203125 0.490234375 0.0068359375 0.033203125
1 0.553955078125 0.4736328125 0.01025390625 0.015625
1 0.8154296875 0.48388671875 0.0146484375 0.0732421875
0 0.304931640625 0.50732421875 0.00732421875 0.0654296875
0 0.413818359375 0.45263671875 0.01123046875 0.0380859375
0 0.663818359375 0.509765625 0.02880859375 0.04296875
0 0.061767578125 0.48828125 0.00634765625 0.013671875
5 0 0 0 0
