1 0.38818359375 0.42724609375 0.0029296875 0.0126953125
1 0.391845703125 0.427734375 0.00244140625 0.013671875
1 0.557373046875 0.40576171875 0.00927734375 0.0185546875
1 0.581787109375 0.39990234375 0.01416015625 0.0224609375
1 0.593017578125 0.412109375 0.01025390625 0.033203125
1 0.36474609375 0.43212890625 0.0078125 0.0380859375
2 0.603759765625 0.455078125 0.02880859375 0.138671875
0 0.270751953125 0.42822265625 0.00634765625 0.0380859375
0 0.277099609375 0.41796875 0.00341796875 0.03125
0 0.28125 0.35546875 0.0048828125 0.017578125
0 0.375732421875 0.42822265625 0.00341796875 0.0126953125
