1 0.251953125 0.408203125 0.005859375 0.03515625
1 0.193359375 0.39892578125 0.0048828125 0.0205078125
1 0.198486328125 0.396484375 0.00830078125 0.025390625
1 0.208251953125 0.3994140625 0.01318359375 0.021484375
1 0.586181640625 0.4306640625 0.01123046875 0.1015625
1 0.62646484375 0.42236328125 0.01171875 0.0927734375
1 0.728271484375 0.41552734375 0.02197265625 0.1357421875
1 0.708740234375 0.41650390625 0.02685546875 0.1435546875
1 0.67822265625 0.41796875 0.0263671875 0.154296875
0 0.800537109375 0.412109375 0.01708984375 0.142578125
0 0.829833984375 0.4033203125 0.01708984375 0.13671875
0 0.77099609375 0.4150390625 0.0126953125 0.138671875
0 0.61767578125 0.330078125 0.009765625 0.048828125
0 0.541259765625 0.32861328125 0.00439453125 0.0146484375
5 0 0 0 0
