1 0.549072265625 0.4287109375 0.00537109375 0.046875
1 0.5458984375 0.42626953125 0.0078125 0.0478515625
1 0.61572265625 0.42724609375 0.0166015625 0.0849609375
1 0.635009765625 0.419921875 0.01904296875 0.09375
1 0.438720703125 0.416015625 0.00537109375 0.021484375
1 0.4140625 0.40576171875 0.0234375 0.0478515625
0 0.51025390625 0.416015625 0.0068359375 0.044921875
0 0.27734375 0.40966796875 0.0087890625 0.0166015625
0 0.226806640625 0.4296875 0.00439453125 0.01171875
0 0.02734375 0.4775390625 0.0078125 0.02734375
0 0.013916015625 0.47998046875 0.00537109375 0.0224609375
