1 0.70361328125 0.40234375 0.01171875 0.068359375
1 0.42041015625 0.43310546875 0.0224609375 0.1201171875
1 0.313720703125 0.42626953125 0.00927734375 0.0439453125
1 0.306640625 0.42626953125 0.0087890625 0.0478515625
1 0.39794921875 0.4365234375 0.0185546875 0.115234375
1 0.38671875 0.44775390625 0.033203125 0.1728515625
1 0.374755859375 0.44677734375 0.03662109375 0.1787109375
0 0.291748046875 0.40966796875 0.01025390625 0.0283203125
0 0.6630859375 0.392578125 0.013671875 0.052734375
0 0.805419921875 0.39453125 0.02783203125 0.150390625
0 0.62744140625 0.35107421875 0.0029296875 0.0087890625
5 0 0 0 0
