1 0.011962890625 0.45263671875 0.01708984375 0.1220703125
1 0.030029296875 0.4580078125 0.01806640625 0.111328125
1 0.09326171875 0.455078125 0.0185546875 0.099609375
1 0.076904296875 0.45556640625 0.01904296875 0.1103515625
1 0.10302734375 0.45947265625 0.0224609375 0.1103515625
0 0.9658203125 0.328125 0.0048828125 0.013671875
0 0.0927734375 0.345703125 0.00390625 0.013671875
0 0.44384765625 0.41357421875 0.0029296875 0.0068359375
0 0.425537109375 0.4501953125 0.00439453125 0.029296875
0 0.28125 0.3828125 0.0029296875 0.005859375
