1 0.260986328125 0.42919921875 0.00830078125 0.0146484375
4 0.99560546875 0.453125 0.00390625 0.087890625
1 0.986328125 0.45556640625 0.0234375 0.1123046875
1 0.95458984375 0.453125 0.0234375 0.11328125
1 0.943603515625 0.4638671875 0.01904296875 0.09375
0 0.031982421875 0.43017578125 0.00634765625 0.0244140625
0 0.2060546875 0.44873046875 0.00390625 0.0537109375
0 0.101806640625 0.19677734375 0.00341796875 0.0107421875
0 0.048583984375 0.16845703125 0.00439453125 0.0126953125
0 0.6767578125 0.4248046875 0.009765625 0.029296875
0 0.764892578125 0.42333984375 0.00732421875 0.0224609375
0 0.755859375 0.44140625 0.0029296875 0.017578125
5 0 0 0 0
5 0 0 0 0
