1 0.29541015625 0.42529296875 0.0087890625 0.0439453125
1 0.525146484375 0.43603515625 0.01220703125 0.0810546875
1 0.533935546875 0.43994140625 0.01611328125 0.0771484375
1 0.15478515625 0.43017578125 0.0146484375 0.0712890625
1 0.16650390625 0.431640625 0.013671875 0.068359375
1 0.033935546875 0.4287109375 0.01806640625 0.111328125
1 0.014404296875 0.4384765625 0.02197265625 0.107421875
2 0.496337890625 0.43798828125 0.02099609375 0.1025390625
0 0.8310546875 0.326171875 0.00390625 0.0234375
0 0.8271484375 0.32568359375 0.00390625 0.0205078125
0 0.822021484375 0.322265625 0.00732421875 0.021484375
0 0.376220703125 0.40478515625 0.00244140625 0.0244140625
0 0.2666015625 0.41796875 0.00390625 0.017578125
0 0.044189453125 0.4091796875 0.00830078125 0.048828125
