1 0.61572265625 0.43798828125 0.0078125 0.0322265625
1 0.524658203125 0.45654296875 0.02197265625 0.1064453125
1 0.55712890625 0.453125 0.025390625 0.130859375
1 0.6923828125 0.44873046875 0.0078125 0.0693359375
1 0.684814453125 0.4599609375 0.02392578125 0.1171875
1 0.77392578125 0.45263671875 0.021484375 0.1181640625
1 0.79052734375 0.45751953125 0.0185546875 0.1083984375
1 0.80810546875 0.45703125 0.01953125 0.109375
1 0.89208984375 0.45849609375 0.0302734375 0.1474609375
5 0 0 0 0
5 0 0 0 0
5 0 0 0 0
