1 0.693115234375 0.41845703125 0.01123046875 0.0263671875
1 0.72705078125 0.42041015625 0.0068359375 0.0224609375
1 0.735595703125 0.419921875 0.00927734375 0.015625
1 0.8671875 0.42138671875 0.0185546875 0.0693359375
1 0.8857421875 0.427734375 0.0185546875 0.06640625
2 0.18212890625 0.44921875 0.0146484375 0.072265625
2 0.201904296875 0.44775390625 0.01513671875 0.0732421875
0 0.819580078125 0.4072265625 0.03076171875 0.06640625
0 0.59033203125 0.423828125 0.0048828125 0.013671875
0 0.58203125 0.42529296875 0.0048828125 0.0126953125
5 0 0 0 0
5 0 0 0 0
5 0 0 0 0
5 0 0 0 0
5 0 0 0 0
5 0 0 0 0
