1 0.5654296875 0.45654296875 0.0146484375 0.0712890625
1 0.57568359375 0.4560546875 0.0087890625 0.072265625
1 0.580078125 0.453125 0.009765625 0.080078125
1 0.586181640625 0.44970703125 0.02294921875 0.1533203125
1 0.630126953125 0.453125 0.02880859375 0.140625
1 0.8740234375 0.419921875 0.03515625 0.068359375
1 0.930419921875 0.419921875 0.03759765625 0.091796875
1 0.505126953125 0.443359375 0.01318359375 0.06640625
1 0.388671875 0.4404296875 0.01953125 0.099609375
0 0.364501953125 0.3134765625 0.02685546875 0.171875
0 0.213623046875 0.31396484375 0.01025390625 0.0302734375
0 0.059814453125 0.38525390625 0.01806640625 0.0732421875
0 0.583740234375 0.322265625 0.01123046875 0.025390625
0 0.334716796875 0.42626953125 0.00634765625 0.0498046875
0 0.342041015625 0.42333984375 0.00439453125 0.0498046875
0 0.22314453125 0.4130859375 0.00390625 0.029296875
5 0 0 0 0
