1 0.37646484375 0.45361328125 0.0283203125 0.1376953125
1 0.222412109375 0.390625 0.04736328125 0.11328125
1 0.06201171875 0.53271484375 0.1103515625 0.5634765625
1 0.77685546875 0.3837890625 0.0185546875 0.029296875
1 0.623779296875 0.486328125 0.05029296875 0.27734375
1 0.5703125 0.49462890625 0.0498046875 0.2607421875
1 0.512939453125 0.44189453125 0.01611328125 0.0966796875
0 0.926025390625 0.42919921875 0.01318359375 0.0302734375
0 0.9892578125 0.43994140625 0.0166015625 0.0263671875
0 0.85498046875 0.447265625 0.015625 0.041015625
0 0.666748046875 0.06396484375 0.01708984375 0.1103515625
0 0.716796875 0.42822265625 0.021484375 0.0576171875
0 0.489990234375 0.42236328125 0.00927734375 0.0205078125
0 0.498779296875 0.41845703125 0.01220703125 0.0380859375
0 0.468505859375 0.4189453125 0.00732421875 0.021484375
0 0.355712890625 0.416015625 0.00634765625 0.021484375
0 0.453857421875 0.41455078125 0.00634765625 0.0126953125
0 0.966064453125 0.4482421875 0.02783203125 0.033203125
0 0.818603515625 0.42822265625 0.01123046875 0.0400390625
0 0.7353515625 0.421875 0.0078125 0.03515625
