1 0.570556640625 0.419921875 0.00537109375 0.0390625
1 0.57568359375 0.41796875 0.0078125 0.0390625
1 0.74365234375 0.4365234375 0.0341796875 0.17578125
1 0.82470703125 0.3955078125 0.02734375 0.109375
1 0.797607421875 0.40478515625 0.03173828125 0.1181640625
1 0.978271484375 0.4423828125 0.04150390625 0.390625
1 0.3779296875 0.45263671875 0.0390625 0.1904296875
1 0.371826171875 0.44921875 0.03759765625 0.20703125
2 0.258056640625 0.43603515625 0.02685546875 0.1298828125
0 0.84375 0.39111328125 0.01171875 0.0654296875
0 0.865966796875 0.36865234375 0.01220703125 0.0185546875
0 0.777099609375 0.392578125 0.00927734375 0.021484375
0 0.674560546875 0.388671875 0.00439453125 0.0390625
0 0.724853515625 0.390625 0.00341796875 0.0078125
0 0.643798828125 0.42578125 0.00634765625 0.017578125
0 0.607177734375 0.4189453125 0.00341796875 0.025390625
0 0.6123046875 0.41552734375 0.001953125 0.0166015625
0 0.409423828125 0.44140625 0.00146484375 0.005859375
