1 0.783203125 0.4208984375 0.015625 0.083984375
1 0.7978515625 0.41748046875 0.01171875 0.0849609375
1 0.81787109375 0.42333984375 0.0146484375 0.0732421875
1 0.803955078125 0.42919921875 0.01611328125 0.0810546875
1 0.829345703125 0.41845703125 0.01123046875 0.0810546875
1 0.881591796875 0.4208984375 0.01904296875 0.09375
1 0.927734375 0.4150390625 0.01953125 0.091796875
0 0.97705078125 0.40283203125 0.0107421875 0.1103515625
0 0.962646484375 0.39306640625 0.01513671875 0.1142578125
0 0.752197265625 0.37548828125 0.00439453125 0.0205078125
0 0.62451171875 0.40576171875 0.0029296875 0.0068359375
0 0.611572265625 0.41357421875 0.00537109375 0.0205078125
0 0.652099609375 0.40185546875 0.00341796875 0.0048828125
0 0.89111328125 0.41357421875 0.01171875 0.0810546875
0 0.240234375 0.41357421875 0.025390625 0.1962890625
0 0.107421875 0.4140625 0.0048828125 0.017578125
0 0.4853515625 0.40869140625 0.00390625 0.0087890625
5 0 0 0 0
5 0 0 0 0
