1 0.286865234375 0.4755859375 0.01123046875 0.0546875
1 0.90869140625 0.44091796875 0.0126953125 0.0830078125
1 0.895751953125 0.44580078125 0.01416015625 0.0732421875
2 0.0390625 0.49267578125 0.009765625 0.0439453125
0 0.392822265625 0.29736328125 0.03076171875 0.0888671875
0 0.3974609375 0.39990234375 0.0361328125 0.0849609375
0 0.441650390625 0.33837890625 0.03662109375 0.1181640625
0 0.4814453125 0.34326171875 0.025390625 0.1240234375
0 0.5146484375 0.30810546875 0.0146484375 0.1064453125
0 0.71240234375 0.29345703125 0.009765625 0.0322265625
0 0.925048828125 0.25830078125 0.00927734375 0.0458984375
0 0.49267578125 0.47412109375 0.0087890625 0.0419921875
0 0.50244140625 0.4814453125 0.0068359375 0.03125
0 0.262451171875 0.4638671875 0.00927734375 0.03515625
0 0.1318359375 0.4365234375 0.0048828125 0.013671875
