1 0.577392578125 0.47998046875 0.02099609375 0.1904296875
1 0.556396484375 0.48486328125 0.02490234375 0.1787109375
3 0.34130859375 0.50048828125 0.037109375 0.0732421875
1 0.601806640625 0.4912109375 0.02880859375 0.138671875
3 0.809326171875 0.50146484375 0.02001953125 0.1064453125
1 0.849853515625 0.48193359375 0.04150390625 0.2021484375
1 0.83740234375 0.47607421875 0.044921875 0.2197265625
1 0.93212890625 0.47412109375 0.0439453125 0.2138671875
0 0.24462890625 0.25146484375 0.013671875 0.0537109375
0 0.270751953125 0.26708984375 0.00830078125 0.0244140625
0 0.398681640625 0.427734375 0.00830078125 0.017578125
