1 0.951904296875 0.38720703125 0.01318359375 0.0341796875
0 0.9658203125 0.1455078125 0.0078125 0.029296875
0 0.693603515625 0.38720703125 0.00341796875 0.0087890625
0 0.138671875 0.3681640625 0.01171875 0.048828125
0 0.105224609375 0.37158203125 0.00439453125 0.0263671875
0 0.02490234375 0.3740234375 0.0078125 0.025390625
0 0.009765625 0.37451171875 0.009765625 0.0244140625
0 0.004638671875 0.40185546875 0.00634765625 0.0263671875
0 0.01171875 0.40234375 0.0068359375 0.017578125
0 0.708740234375 0.3828125 0.00634765625 0.015625
