1 0.716064453125 0.44970703125 0.01611328125 0.0869140625
1 0.798095703125 0.43701171875 0.01611328125 0.0791015625
1 0.895263671875 0.39111328125 0.00537109375 0.0107421875
1 0.924072265625 0.41845703125 0.01708984375 0.0732421875
1 0.953125 0.43408203125 0.021484375 0.1201171875
1 0.90478515625 0.42578125 0.029296875 0.109375
1 0.86083984375 0.4560546875 0.017578125 0.1484375
0 0.77685546875 0.42333984375 0.009765625 0.0478515625
0 0.501220703125 0.39404296875 0.00244140625 0.0087890625
5 0 0 0 0
5 0 0 0 0
5 0 0 0 0
5 0 0 0 0
