1 0.666748046875 0.41162109375 0.00927734375 0.0556640625
1 0.359619140625 0.423828125 0.01123046875 0.0546875
1 0.15625 0.447265625 0.01171875 0.107421875
2 0.6259765625 0.41162109375 0.0107421875 0.0537109375
0 0.938720703125 0.34716796875 0.00830078125 0.0283203125
0 0.863525390625 0.3623046875 0.00341796875 0.015625
0 0.50927734375 0.4052734375 0.0107421875 0.029296875
0 0.434814453125 0.40185546875 0.00634765625 0.0107421875
5 0 0 0 0
5 0 0 0 0
5 0 0 0 0
5 0 0 0 0
5 0 0 0 0
5 0 0 0 0
5 0 0 0 0
5 0 0 0 0
5 0 0 0 0
5 0 0 0 0
