1 0.206298828125 0.45849609375 0.01611328125 0.0986328125
1 0.2001953125 0.46044921875 0.0146484375 0.0947265625
1 0.87060546875 0.42138671875 0.0126953125 0.0791015625
1 0.88916015625 0.4140625 0.0166015625 0.087890625
2 0.90869140625 0.4208984375 0.0107421875 0.087890625
0 0.962646484375 0.36865234375 0.01416015625 0.0341796875
0 0.677978515625 0.4169921875 0.01025390625 0.0234375
0 0.768310546875 0.3876953125 0.00537109375 0.015625
0 0.604736328125 0.41943359375 0.00830078125 0.0146484375
0 0.569580078125 0.42041015625 0.00341796875 0.0068359375
0 0.28564453125 0.40380859375 0.005859375 0.0322265625
