1 0.027587890625 0.45556640625 0.02685546875 0.1376953125
1 0.062255859375 0.4619140625 0.02490234375 0.130859375
1 0.09326171875 0.4345703125 0.025390625 0.111328125
1 0.59521484375 0.4208984375 0.0048828125 0.0234375
1 0.60498046875 0.4287109375 0.0087890625 0.04296875
1 0.634765625 0.41796875 0.0068359375 0.025390625
1 0.649169921875 0.412109375 0.00732421875 0.015625
1 0.783935546875 0.384765625 0.02099609375 0.03515625
1 0.828125 0.39404296875 0.017578125 0.0244140625
2 0.51904296875 0.42333984375 0.0029296875 0.0166015625
0 0.4931640625 0.3291015625 0.0048828125 0.021484375
0 0.4775390625 0.3115234375 0.0078125 0.029296875
