1 0.522705078125 0.44384765625 0.00439453125 0.0244140625
1 0.48974609375 0.44091796875 0.005859375 0.0302734375
1 0.483154296875 0.43896484375 0.00537109375 0.0341796875
1 0.47900390625 0.44189453125 0.0068359375 0.0361328125
1 0.466064453125 0.44189453125 0.00732421875 0.0361328125
3 0.389892578125 0.4677734375 0.02099609375 0.06640625
1 0.290771484375 0.4296875 0.01708984375 0.060546875
1 0.842041015625 0.44873046875 0.01611328125 0.1220703125
1 0.91162109375 0.455078125 0.017578125 0.130859375
1 0.826171875 0.4697265625 0.046875 0.248046875
1 0.892333984375 0.4755859375 0.04345703125 0.2109375
1 0.986083984375 0.47119140625 0.03173828125 0.2021484375
2 0.52880859375 0.44091796875 0.00390625 0.0205078125
2 0.54638671875 0.44140625 0.005859375 0.02734375
2 0.659423828125 0.46142578125 0.02587890625 0.1279296875
2 0.68359375 0.4833984375 0.0263671875 0.12890625
0 0.615234375 0.408203125 0.0078125 0.0234375
0 0.609619140625 0.439453125 0.00732421875 0.03515625
0 0.506591796875 0.43212890625 0.00439453125 0.0205078125
0 0.787841796875 0.443359375 0.01025390625 0.05859375
5 0 0 0 0
5 0 0 0 0
5 0 0 0 0
5 0 0 0 0
5 0 0 0 0
5 0 0 0 0
5 0 0 0 0
5 0 0 0 0
5 0 0 0 0
5 0 0 0 0
5 0 0 0 0
