1 0.496337890625 0.39306640625 0.00537109375 0.0224609375
1 0.4892578125 0.39599609375 0.005859375 0.0361328125
1 0.484619140625 0.3974609375 0.00634765625 0.03515625
1 0.47705078125 0.39453125 0.0068359375 0.02734375
1 0.5244140625 0.38427734375 0.0068359375 0.0244140625
1 0.477783203125 0.41943359375 0.00830078125 0.0439453125
1 0.4697265625 0.4208984375 0.009765625 0.048828125
1 0.458251953125 0.421875 0.00927734375 0.048828125
1 0.55908203125 0.419921875 0.0126953125 0.0703125
1 0.549560546875 0.419921875 0.01220703125 0.072265625
4 0.504150390625 0.3818359375 0.00927734375 0.01953125
0 0.728271484375 0.30419921875 0.03759765625 0.1279296875
0 0.901611328125 0.552734375 0.05419921875 0.076171875
0 0.826416015625 0.0419921875 0.05029296875 0.08203125
0 0.325439453125 0.38525390625 0.00927734375 0.0322265625
0 0.35302734375 0.3837890625 0.0107421875 0.03125
0 0.3564453125 0.34033203125 0.0048828125 0.0146484375
0 0.362060546875 0.3427734375 0.00341796875 0.009765625
0 0.5341796875 0.33447265625 0.0029296875 0.0146484375
0 0.539794921875 0.33740234375 0.00244140625 0.0068359375
0 0.58154296875 0.41259765625 0.015625 0.0537109375
0 0.59716796875 0.4169921875 0.0087890625 0.044921875
0 0.514404296875 0.3798828125 0.00830078125 0.02734375
