1 0.693603515625 0.4287109375 0.00341796875 0.029296875
1 0.5419921875 0.43408203125 0.005859375 0.0341796875
1 0.59423828125 0.4296875 0.0078125 0.0390625
3 0.312744140625 0.44140625 0.00634765625 0.0390625
1 0.710205078125 0.42529296875 0.00830078125 0.0380859375
1 0.72119140625 0.42431640625 0.0068359375 0.0322265625
1 0.762451171875 0.42236328125 0.01416015625 0.0771484375
1 0.750732421875 0.41552734375 0.01416015625 0.0576171875
1 0.7861328125 0.431640625 0.005859375 0.029296875
1 0.955810546875 0.41259765625 0.01123046875 0.0712890625
1 0.943115234375 0.4111328125 0.01611328125 0.1015625
1 0.9287109375 0.4111328125 0.0224609375 0.107421875
1 0.172119140625 0.45458984375 0.02392578125 0.1259765625
2 0.64794921875 0.43603515625 0.0205078125 0.1044921875
2 0.740234375 0.431640625 0.0205078125 0.099609375
0 0.09912109375 0.31494140625 0.0087890625 0.0185546875
0 0.1259765625 0.32177734375 0.0048828125 0.0107421875
0 0.451416015625 0.3701171875 0.03173828125 0.0390625
0 0.55712890625 0.4287109375 0.009765625 0.01171875
0 0.571533203125 0.4296875 0.01025390625 0.009765625
0 0.778564453125 0.359375 0.01220703125 0.03125
0 0.8232421875 0.40087890625 0.0166015625 0.0380859375
0 0.772216796875 0.2998046875 0.01513671875 0.01953125
0 0.628173828125 0.42431640625 0.00634765625 0.0302734375
0 0.526611328125 0.4306640625 0.01416015625 0.013671875
0 0.6708984375 0.4228515625 0.0048828125 0.02734375
0 0.822998046875 0.28759765625 0.01123046875 0.0361328125
0 0.974609375 0.3212890625 0.0048828125 0.01953125
0 0.984375 0.2958984375 0.0048828125 0.013671875
5 0 0 0 0
5 0 0 0 0
