1 0.496826171875 0.43212890625 0.00537109375 0.0380859375
1 0.488037109375 0.43505859375 0.00830078125 0.0380859375
1 0.41357421875 0.4462890625 0.0078125 0.0390625
1 0.437255859375 0.43798828125 0.00537109375 0.0615234375
1 0.4521484375 0.43603515625 0.009765625 0.0693359375
1 0.443603515625 0.43994140625 0.01611328125 0.0791015625
1 0.468505859375 0.4453125 0.01416015625 0.0703125
3 0.71826171875 0.46044921875 0.013671875 0.0498046875
3 0.705810546875 0.4990234375 0.04052734375 0.126953125
3 0.728759765625 0.49755859375 0.01708984375 0.1318359375
1 0.33642578125 0.4541015625 0.044921875 0.314453125
1 0.131591796875 0.46630859375 0.06591796875 0.3544921875
3 0.0244140625 0.41650390625 0.04296875 0.1298828125
1 0.19287109375 0.46435546875 0.0595703125 0.3583984375
0 0.31787109375 0.0341796875 0.0234375 0.0625
0 0.327392578125 0.18505859375 0.03076171875 0.0888671875
0 0.926513671875 0.1875 0.03466796875 0.076171875
