1 0.32958984375 0.4736328125 0.029296875 0.16796875
1 0.067138671875 0.4677734375 0.06787109375 0.2734375
1 0.54638671875 0.474609375 0.0302734375 0.146484375
1 0.6064453125 0.47265625 0.0205078125 0.111328125
1 0.622802734375 0.466796875 0.02099609375 0.119140625
1 0.677490234375 0.45166015625 0.02197265625 0.0791015625
1 0.658447265625 0.46435546875 0.01708984375 0.1416015625
1 0.644287109375 0.4677734375 0.02880859375 0.142578125
0 0.69091796875 0.255859375 0.009765625 0.041015625
0 0.70703125 0.2607421875 0.009765625 0.0234375
0 0.427001953125 0.3583984375 0.01220703125 0.029296875
