1 0.513916015625 0.44970703125 0.00634765625 0.0283203125
1 0.5205078125 0.4541015625 0.0048828125 0.025390625
1 0.52587890625 0.45361328125 0.0048828125 0.0283203125
1 0.533447265625 0.45361328125 0.00634765625 0.0302734375
1 0.537841796875 0.45263671875 0.00732421875 0.0361328125
1 0.638427734375 0.44775390625 0.01220703125 0.0888671875
1 0.6494140625 0.4453125 0.017578125 0.091796875
1 0.6650390625 0.4453125 0.017578125 0.1015625
1 0.27978515625 0.46533203125 0.0244140625 0.1181640625
1 0.315185546875 0.46923828125 0.02294921875 0.1123046875
1 0.60986328125 0.44970703125 0.021484375 0.1103515625
0 0.688232421875 0.42333984375 0.01025390625 0.0478515625
0 0.48779296875 0.41552734375 0.001953125 0.0048828125
0 0.52294921875 0.41552734375 0.001953125 0.0048828125
0 0.437255859375 0.43505859375 0.00927734375 0.0263671875
0 0.48046875 0.44140625 0.0029296875 0.013671875
0 0.52880859375 0.44677734375 0.00390625 0.0224609375
