1 0.67236328125 0.400390625 0.021484375 0.05859375
1 0.692138671875 0.4267578125 0.01025390625 0.052734375
1 0.7041015625 0.455078125 0.017578125 0.087890625
1 0.716796875 0.42919921875 0.0234375 0.1396484375
1 0.728271484375 0.45166015625 0.01611328125 0.0927734375
0 0.6865234375 0.287109375 0.0224609375 0.0703125
0 0.622314453125 0.3720703125 0.01416015625 0.033203125
0 0.38134765625 0.38671875 0.005859375 0.015625
0 0.367431640625 0.39111328125 0.00341796875 0.0068359375
0 0.411865234375 0.3857421875 0.00830078125 0.0234375
0 0.904052734375 0.3662109375 0.01123046875 0.03125
0 0.94140625 0.3095703125 0.0107421875 0.0859375
0 0.683837890625 0.36376953125 0.01318359375 0.0478515625
0 0.771240234375 0.41162109375 0.00830078125 0.0107421875
0 0.80078125 0.349609375 0.009765625 0.029296875
0 0.75732421875 0.35302734375 0.0068359375 0.0185546875
0 0.9169921875 0.36279296875 0.0146484375 0.1103515625
