1 0.609375 0.4365234375 0.00390625 0.0234375
1 0.686767578125 0.439453125 0.00634765625 0.029296875
1 0.619384765625 0.43505859375 0.00634765625 0.0283203125
1 0.588134765625 0.43310546875 0.00830078125 0.0400390625
1 0.41162109375 0.43505859375 0.0341796875 0.1650390625
1 0.34765625 0.4248046875 0.0390625 0.193359375
0 0.702392578125 0.1171875 0.01513671875 0.13671875
0 0.687255859375 0.16357421875 0.01611328125 0.0634765625
0 0.697265625 0.359375 0.013671875 0.18359375
0 0.646728515625 0.419921875 0.00830078125 0.015625
0 0.486572265625 0.4111328125 0.00439453125 0.013671875
5 0 0 0 0
