1 0.416015625 0.42333984375 0.00390625 0.0205078125
1 0.411376953125 0.42431640625 0.00341796875 0.0244140625
1 0.406982421875 0.42431640625 0.00537109375 0.0244140625
1 0.389892578125 0.42724609375 0.00537109375 0.0322265625
1 0.378173828125 0.42724609375 0.00537109375 0.0322265625
1 0.3955078125 0.419921875 0.0078125 0.037109375
1 0.32373046875 0.44384765625 0.0126953125 0.0615234375
1 0.30322265625 0.423828125 0.015625 0.06640625
1 0.286865234375 0.4189453125 0.01904296875 0.09375
1 0.217529296875 0.4013671875 0.01806640625 0.05078125
1 0.24072265625 0.41650390625 0.01953125 0.0830078125
1 0.057373046875 0.443359375 0.03466796875 0.16796875
1 0.016357421875 0.431640625 0.02587890625 0.181640625
1 0.530517578125 0.43017578125 0.01318359375 0.0654296875
3 0.240478515625 0.44580078125 0.01318359375 0.0400390625
3 0.2490234375 0.47705078125 0.0224609375 0.0693359375
4 0.274658203125 0.49072265625 0.01806640625 0.1044921875
3 0.238525390625 0.47412109375 0.07177734375 0.1455078125
3 0.2255859375 0.4873046875 0.02734375 0.125
4 0.27734375 0.4921875 0.046875 0.103515625
2 0.546875 0.4443359375 0.0068359375 0.03515625
2 0.712890625 0.44287109375 0.0341796875 0.1669921875
2 0.77490234375 0.51904296875 0.0234375 0.1123046875
2 0.875244140625 0.45361328125 0.06787109375 0.3466796875
4 0.859130859375 0.51904296875 0.02978515625 0.1533203125
0 0.578125 0.36962890625 0.0224609375 0.0458984375
0 0.624267578125 0.36962890625 0.02685546875 0.0595703125
0 0.46142578125 0.4228515625 0.0068359375 0.037109375
0 0.47021484375 0.43017578125 0.0048828125 0.0263671875
0 0.1484375 0.404296875 0.005859375 0.0625
0 0.16455078125 0.40283203125 0.0087890625 0.0634765625
0 0.185791015625 0.3984375 0.00732421875 0.076171875
0 0.200439453125 0.3759765625 0.01318359375 0.05078125
0 0.073974609375 0.2412109375 0.01318359375 0.052734375
0 0.200439453125 0.15673828125 0.00927734375 0.0263671875
0 0.595703125 0.314453125 0.0126953125 0.0234375
0 0.598876953125 0.376953125 0.01806640625 0.033203125
0 0.739501953125 0.3818359375 0.00439453125 0.01171875
5 0 0 0 0
5 0 0 0 0
5 0 0 0 0
5 0 0 0 0
5 0 0 0 0
5 0 0 0 0
5 0 0 0 0
5 0 0 0 0
