1 0.13134765625 0.4072265625 0.0166015625 0.052734375
1 0.488037109375 0.427734375 0.00341796875 0.0546875
1 0.500732421875 0.4501953125 0.01318359375 0.064453125
1 0.535400390625 0.42919921875 0.01220703125 0.0712890625
1 0.543212890625 0.4326171875 0.01123046875 0.068359375
1 0.517578125 0.4296875 0.021484375 0.103515625
1 0.6494140625 0.447265625 0.037109375 0.1796875
1 0.6796875 0.4560546875 0.033203125 0.171875
1 0.851318359375 0.44580078125 0.02001953125 0.1279296875
1 0.863037109375 0.44140625 0.02294921875 0.1328125
1 0.962890625 0.44140625 0.01953125 0.158203125
1 0.95556640625 0.4462890625 0.0244140625 0.1484375
1 0.440185546875 0.45166015625 0.03076171875 0.1533203125
0 0.622314453125 0.22119140625 0.02294921875 0.0654296875
0 0.9130859375 0.23974609375 0.0068359375 0.0341796875
0 0.925537109375 0.24658203125 0.00732421875 0.0166015625
0 0.71240234375 0.4208984375 0.01171875 0.037109375
0 0.27001953125 0.4306640625 0.01171875 0.025390625
0 0.30322265625 0.42919921875 0.01171875 0.0283203125
0 0.74560546875 0.41064453125 0.0078125 0.0361328125
