1 0.387451171875 0.4189453125 0.00341796875 0.044921875
1 0.394775390625 0.42236328125 0.00732421875 0.0419921875
1 0.401123046875 0.42333984375 0.00830078125 0.0341796875
1 0.257080078125 0.45068359375 0.03564453125 0.1748046875
1 0.309814453125 0.4384765625 0.03662109375 0.193359375
2 0.508544921875 0.419921875 0.01611328125 0.060546875
2 0.521728515625 0.4189453125 0.01708984375 0.076171875
0 0.43603515625 0.33935546875 0.0087890625 0.0263671875
0 0.53271484375 0.353515625 0.0029296875 0.009765625
0 0.53662109375 0.35498046875 0.001953125 0.0048828125
0 0.487060546875 0.41259765625 0.00927734375 0.0283203125
5 0 0 0 0
