1 0.43408203125 0.40185546875 0.015625 0.0966796875
1 0.4267578125 0.41064453125 0.0146484375 0.0888671875
1 0.65625 0.390625 0.0224609375 0.1171875
1 0.708984375 0.4345703125 0.02734375 0.259765625
1 0.837890625 0.37353515625 0.0166015625 0.0986328125
2 0.56005859375 0.353515625 0.005859375 0.015625
2 0.55859375 0.3935546875 0.0205078125 0.099609375
0 0.781982421875 0.21875 0.00732421875 0.015625
0 0.286376953125 0.3642578125 0.01025390625 0.046875
0 0.25634765625 0.32568359375 0.01171875 0.0322265625
