1 0.197021484375 0.43359375 0.01025390625 0.041015625
1 0.977294921875 0.3994140625 0.01220703125 0.07421875
1 0.9951171875 0.40283203125 0.005859375 0.0849609375
3 0.89599609375 0.40673828125 0.0107421875 0.0556640625
3 0.906982421875 0.42041015625 0.02490234375 0.0947265625
0 0.306640625 0.3349609375 0.017578125 0.048828125
0 0.306396484375 0.44873046875 0.01416015625 0.0380859375
0 0.786376953125 0.37353515625 0.01318359375 0.0302734375
0 0.4521484375 0.37548828125 0.0029296875 0.0068359375
0 0.7666015625 0.38623046875 0.01171875 0.0341796875
