1 0.444580078125 0.38720703125 0.00341796875 0.0185546875
1 0.412841796875 0.38818359375 0.00341796875 0.0263671875
1 0.737548828125 0.4150390625 0.04345703125 0.25390625
2 0.590087890625 0.3857421875 0.01025390625 0.046875
2 0.60693359375 0.3876953125 0.0107421875 0.05078125
2 0.764892578125 0.4365234375 0.03759765625 0.18359375
4 0.751953125 0.45849609375 0.009765625 0.0498046875
0 0.5986328125 0.30908203125 0.00390625 0.0107421875
0 0.6201171875 0.37109375 0.0048828125 0.01171875
0 0.22119140625 0.35107421875 0.0048828125 0.0166015625
