1 0.6015625 0.4140625 0.013671875 0.072265625
1 0.6162109375 0.41162109375 0.013671875 0.0712890625
1 0.26171875 0.4541015625 0.01953125 0.10546875
2 0.2353515625 0.4296875 0.025390625 0.12890625
2 0.37451171875 0.4228515625 0.0244140625 0.119140625
0 0.6015625 0.2685546875 0.015625 0.037109375
0 0.023681640625 0.212890625 0.01416015625 0.033203125
0 0.0224609375 0.25146484375 0.0087890625 0.0224609375
0 0.029541015625 0.322265625 0.01318359375 0.05078125
0 0.03076171875 0.3828125 0.0126953125 0.0546875
