1 0.5234375 0.3974609375 0.0068359375 0.03515625
1 0.2314453125 0.38720703125 0.013671875 0.0341796875
1 0.202880859375 0.37890625 0.02197265625 0.05078125
1 0.540283203125 0.41455078125 0.01025390625 0.0576171875
1 0.550048828125 0.40966796875 0.01318359375 0.0634765625
1 0.74853515625 0.4384765625 0.04296875 0.2734375
1 0.794677734375 0.44677734375 0.04833984375 0.2744140625
1 0.9287109375 0.482421875 0.1123046875 0.587890625
4 0.97998046875 0.478515625 0.03515625 0.42578125
0 0.559814453125 0.3115234375 0.00537109375 0.015625
0 0.5634765625 0.388671875 0.0048828125 0.015625
0 0.45556640625 0.310546875 0.005859375 0.017578125
0 0.097900390625 0.36083984375 0.01123046875 0.0166015625
0 0.4482421875 0.3837890625 0.013671875 0.017578125
