3 0.10302734375 0.43603515625 0.0087890625 0.0244140625
1 0.224365234375 0.431640625 0.00634765625 0.025390625
1 0.2177734375 0.44580078125 0.0107421875 0.0791015625
1 0.281494140625 0.4375 0.01220703125 0.05859375
1 0.449462890625 0.43701171875 0.00439453125 0.0361328125
1 0.517333984375 0.44580078125 0.00439453125 0.0380859375
1 0.523681640625 0.43798828125 0.00732421875 0.0537109375
1 0.54638671875 0.4375 0.005859375 0.044921875
1 0.53857421875 0.43359375 0.0107421875 0.052734375
1 0.612548828125 0.41845703125 0.00439453125 0.0087890625
1 0.5595703125 0.45654296875 0.0439453125 0.2197265625
1 0.586669921875 0.4892578125 0.02880859375 0.16796875
1 0.576416015625 0.47900390625 0.03759765625 0.1962890625
1 0.960205078125 0.43701171875 0.00634765625 0.0380859375
1 0.929931640625 0.4931640625 0.01904296875 0.04296875
1 0.903564453125 0.4443359375 0.01806640625 0.130859375
1 0.860107421875 0.4609375 0.02392578125 0.1328125
1 0.871337890625 0.451171875 0.03369140625 0.1640625
1 0.831298828125 0.45654296875 0.03662109375 0.1865234375
1 0.773193359375 0.4482421875 0.01513671875 0.140625
1 0.653076171875 0.45703125 0.01904296875 0.142578125
1 0.668212890625 0.4521484375 0.01904296875 0.15234375
1 0.69091796875 0.37890625 0.009765625 0.0234375
1 0.677734375 0.451171875 0.0205078125 0.15234375
1 0.711181640625 0.4482421875 0.01318359375 0.169921875
1 0.692626953125 0.451171875 0.03173828125 0.1796875
1 0.75341796875 0.45361328125 0.0283203125 0.1669921875
1 0.723388671875 0.45703125 0.03662109375 0.1796875
1 0.7890625 0.4482421875 0.0283203125 0.16796875
1 0.92626953125 0.44873046875 0.0322265625 0.1962890625
0 0.282958984375 0.25830078125 0.00732421875 0.0263671875
0 0.369140625 0.43408203125 0.0126953125 0.0595703125
0 0.38720703125 0.43994140625 0.0166015625 0.0400390625
0 0.010009765625 0.44140625 0.00732421875 0.01953125
0 0.025634765625 0.451171875 0.00634765625 0.02734375
0 0.237548828125 0.43359375 0.01318359375 0.033203125
0 0.50244140625 0.43408203125 0.0029296875 0.0244140625
0 0.2080078125 0.4267578125 0.0068359375 0.03125
0 0.1044921875 0.4501953125 0.013671875 0.056640625
0 0.52880859375 0.43603515625 0.0048828125 0.0224609375
0 0.474365234375 0.396484375 0.00439453125 0.009765625
0 0.40283203125 0.42724609375 0.009765625 0.0341796875
0 0.885498046875 0.3779296875 0.00927734375 0.029296875
5 0 0 0 0
5 0 0 0 0
5 0 0 0 0
5 0 0 0 0
5 0 0 0 0
5 0 0 0 0
5 0 0 0 0
5 0 0 0 0
5 0 0 0 0
5 0 0 0 0
