1 0.501953125 0.47900390625 0.015625 0.0751953125
1 0.516357421875 0.4755859375 0.01611328125 0.076171875
1 0.530029296875 0.4833984375 0.02001953125 0.099609375
1 0.65966796875 0.49365234375 0.0478515625 0.2392578125
1 0.407470703125 0.49755859375 0.03564453125 0.2119140625
0 0.313720703125 0.43701171875 0.02587890625 0.0849609375
0 0.345947265625 0.45068359375 0.02587890625 0.1064453125
0 0.375244140625 0.451171875 0.01513671875 0.103515625
0 0.428466796875 0.365234375 0.00634765625 0.0234375
0 0.713623046875 0.166015625 0.01708984375 0.046875
0 0.806640625 0.49365234375 0.0302734375 0.2373046875
0 0.84765625 0.4453125 0.025390625 0.33984375
0 0.813232421875 0.1708984375 0.01513671875 0.05078125
0 0.730712890625 0.46240234375 0.01123046875 0.0498046875
5 0 0 0 0
