1 0.360595703125 0.4599609375 0.00439453125 0.021484375
1 0.355224609375 0.46044921875 0.00341796875 0.0224609375
1 0.346435546875 0.46142578125 0.00537109375 0.0263671875
1 0.3662109375 0.4599609375 0.0048828125 0.021484375
1 0.944580078125 0.408203125 0.02099609375 0.125
1 0.96533203125 0.43310546875 0.0146484375 0.0712890625
0 0.91064453125 0.35205078125 0.0341796875 0.0654296875
0 0.882080078125 0.4228515625 0.02099609375 0.12890625
0 0.702392578125 0.3671875 0.00537109375 0.013671875
0 0.660888671875 0.40185546875 0.00830078125 0.0283203125
0 0.662353515625 0.43212890625 0.00439453125 0.0283203125
0 0.60791015625 0.4375 0.0068359375 0.013671875
0 0.607177734375 0.41943359375 0.00439453125 0.0126953125
0 0.236083984375 0.439453125 0.00927734375 0.0234375
0 0.23681640625 0.46533203125 0.0078125 0.0205078125
0 0.382568359375 0.45654296875 0.00732421875 0.0244140625
