1 0.205810546875 0.4130859375 0.01123046875 0.03125
1 0.450439453125 0.447265625 0.01025390625 0.0546875
1 0.496337890625 0.4228515625 0.00439453125 0.01171875
1 0.425537109375 0.45166015625 0.01513671875 0.0732421875
1 0.945556640625 0.45068359375 0.01220703125 0.0830078125
0 0.879638671875 0.33642578125 0.01806640625 0.0419921875
0 0.034912109375 0.3701171875 0.01025390625 0.02734375
0 0.6240234375 0.38671875 0.0068359375 0.013671875
0 0.703369140625 0.38232421875 0.00439453125 0.0126953125
0 0.614501953125 0.4189453125 0.00732421875 0.015625
0 0.898193359375 0.4033203125 0.00341796875 0.009765625
