1 0.430419921875 0.4267578125 0.01025390625 0.052734375
1 0.479248046875 0.41162109375 0.00732421875 0.0244140625
1 0.652587890625 0.431640625 0.01708984375 0.08984375
1 0.448974609375 0.4306640625 0.02587890625 0.12890625
1 0.378662109375 0.4404296875 0.02490234375 0.12109375
1 0.39697265625 0.43603515625 0.0263671875 0.1318359375
1 0.33349609375 0.43798828125 0.041015625 0.2041015625
0 0.663330078125 0.35498046875 0.00634765625 0.0146484375
0 0.66162109375 0.3701171875 0.005859375 0.013671875
0 0.4716796875 0.41650390625 0.0029296875 0.0263671875
0 0.44140625 0.43408203125 0.0087890625 0.0419921875
0 0.6708984375 0.4169921875 0.005859375 0.013671875
