1 0.367431640625 0.44482421875 0.00830078125 0.0517578125
1 0.376220703125 0.4423828125 0.01123046875 0.056640625
1 0.38525390625 0.4453125 0.0078125 0.04296875
1 0.39794921875 0.44384765625 0.0068359375 0.0478515625
1 0.412353515625 0.44140625 0.00634765625 0.0390625
1 0.671875 0.314453125 0.0166015625 0.08203125
1 0.95654296875 0.11474609375 0.0419921875 0.2158203125
4 0.502197265625 0.42431640625 0.00537109375 0.0205078125
0 0.75927734375 0.09228515625 0.0205078125 0.0498046875
0 0.48974609375 0.4169921875 0.00390625 0.01171875
