1 0.180419921875 0.40966796875 0.00830078125 0.0185546875
1 0.1650390625 0.46630859375 0.029296875 0.1455078125
1 0.134521484375 0.470703125 0.02880859375 0.140625
1 0.186279296875 0.462890625 0.03173828125 0.15625
1 0.228271484375 0.4599609375 0.02978515625 0.15625
1 0.03369140625 0.50439453125 0.060546875 0.3447265625
1 0.604248046875 0.45849609375 0.02099609375 0.1044921875
1 0.580810546875 0.42724609375 0.02099609375 0.0615234375
0 0.219970703125 0.365234375 0.00732421875 0.029296875
0 0.581787109375 0.45458984375 0.02001953125 0.1162109375
