1 0.6455078125 0.3564453125 0.0048828125 0.013671875
1 0.637451171875 0.36572265625 0.00732421875 0.0283203125
1 0.606689453125 0.39013671875 0.00634765625 0.0302734375
1 0.62451171875 0.39599609375 0.0068359375 0.0478515625
1 0.629150390625 0.3857421875 0.01416015625 0.064453125
1 0.61962890625 0.39404296875 0.009765625 0.0537109375
1 0.614501953125 0.3955078125 0.00830078125 0.046875
1 0.68701171875 0.34375 0.00390625 0.01171875
1 0.68994140625 0.34228515625 0.005859375 0.0146484375
1 0.6962890625 0.341796875 0.0078125 0.013671875
1 0.70654296875 0.34521484375 0.0068359375 0.0126953125
1 0.728759765625 0.337890625 0.00732421875 0.013671875
1 0.8212890625 0.30322265625 0.017578125 0.0322265625
1 0.977294921875 0.29248046875 0.01904296875 0.0322265625
1 0.511962890625 0.35693359375 0.00439453125 0.0087890625
1 0.51904296875 0.39453125 0.009765625 0.0703125
1 0.5166015625 0.392578125 0.0166015625 0.08203125
1 0.49853515625 0.40185546875 0.0087890625 0.0498046875
1 0.504150390625 0.40771484375 0.00439453125 0.0283203125
1 0.5087890625 0.39892578125 0.0146484375 0.0732421875
4 0.443115234375 0.396484375 0.00439453125 0.005859375
1 0.439697265625 0.41748046875 0.00341796875 0.0166015625
1 0.427734375 0.40380859375 0.0068359375 0.0419921875
1 0.413818359375 0.38671875 0.00439453125 0.015625
1 0.41064453125 0.3916015625 0.0048828125 0.021484375
1 0.419189453125 0.39208984375 0.01513671875 0.0517578125
1 0.43359375 0.4033203125 0.013671875 0.072265625
1 0.474365234375 0.3935546875 0.01220703125 0.087890625
1 0.488525390625 0.3974609375 0.02001953125 0.09765625
1 0.464111328125 0.3994140625 0.01513671875 0.080078125
1 0.4599609375 0.40283203125 0.015625 0.0751953125
1 0.376953125 0.36767578125 0.0048828125 0.0087890625
1 0.37255859375 0.3662109375 0.0068359375 0.0078125
1 0.351318359375 0.365234375 0.00732421875 0.005859375
1 0.29736328125 0.3837890625 0.0029296875 0.017578125
1 0.28369140625 0.37744140625 0.00390625 0.0087890625
1 0.287109375 0.37744140625 0.0009765625 0.0107421875
1 0.27001953125 0.37646484375 0.005859375 0.0068359375
1 0.261474609375 0.375 0.00732421875 0.009765625
1 0.224365234375 0.37353515625 0.01611328125 0.0244140625
1 0.18896484375 0.38037109375 0.0087890625 0.0205078125
1 0.201171875 0.38525390625 0.0146484375 0.0361328125
1 0.1083984375 0.50537109375 0.0810546875 0.4384765625
1 0.0576171875 0.53515625 0.0625 0.466796875
0 0.1923828125 0.3408203125 0.0078125 0.017578125
