1 0.23046875 0.38916015625 0.005859375 0.0107421875
1 0.219970703125 0.39208984375 0.00634765625 0.0048828125
1 0.25048828125 0.390625 0.0078125 0.01171875
1 0.26025390625 0.39501953125 0.0068359375 0.0263671875
1 0.271728515625 0.4267578125 0.00634765625 0.060546875
1 0.265625 0.42041015625 0.01171875 0.0751953125
1 0.27392578125 0.43212890625 0.009765625 0.0673828125
1 0.29150390625 0.39013671875 0.0087890625 0.0166015625
1 0.30078125 0.39404296875 0.0078125 0.0244140625
1 0.311767578125 0.38720703125 0.00927734375 0.0244140625
1 0.318115234375 0.39111328125 0.00732421875 0.0126953125
1 0.42822265625 0.380859375 0.0048828125 0.005859375
1 0.419189453125 0.3857421875 0.00732421875 0.013671875
1 0.40966796875 0.39208984375 0.0078125 0.0224609375
1 0.626953125 0.37060546875 0.01171875 0.0205078125
1 0.611328125 0.373046875 0.0166015625 0.01953125
1 0.510009765625 0.37451171875 0.00634765625 0.0126953125
1 0.753173828125 0.35400390625 0.01123046875 0.0146484375
1 0.772705078125 0.353515625 0.01025390625 0.021484375
1 0.917236328125 0.37646484375 0.00830078125 0.0693359375
1 0.927734375 0.37255859375 0.01171875 0.0380859375
4 0.990966796875 0.625 0.01318359375 0.029296875
1 0.156005859375 0.44140625 0.03857421875 0.26953125
1 0.035888671875 0.4580078125 0.05224609375 0.25390625
4 0.005126953125 0.529296875 0.00439453125 0.130859375
1 0.18701171875 0.4677734375 0.0322265625 0.279296875
1 0.1728515625 0.46435546875 0.0537109375 0.3291015625
1 0.130859375 0.4609375 0.0771484375 0.443359375
1 0.075439453125 0.47705078125 0.06689453125 0.4287109375
1 0.490478515625 0.4990234375 0.08349609375 0.408203125
2 0.670654296875 0.3701171875 0.02294921875 0.048828125
2 0.87939453125 0.400390625 0.017578125 0.08984375
2 0.854736328125 0.3740234375 0.05029296875 0.236328125
2 0.821533203125 0.3994140625 0.05224609375 0.255859375
0 0.355712890625 0.36572265625 0.00830078125 0.0595703125
0 0.28955078125 0.3564453125 0.0087890625 0.044921875
0 0.1005859375 0.7177734375 0.0751953125 0.072265625
0 0.1552734375 0.72265625 0.0625 0.078125
0 0.233642578125 0.64404296875 0.12255859375 0.0693359375
0 0.0380859375 0.59130859375 0.0361328125 0.0185546875
0 0.55615234375 0.73095703125 0.126953125 0.0556640625
0 0.98486328125 0.3193359375 0.0244140625 0.095703125
0 0.7373046875 0.349609375 0.0078125 0.015625
0 0.68408203125 0.3544921875 0.0068359375 0.017578125
0 0.6767578125 0.35107421875 0.00390625 0.0146484375
