1 0.279541015625 0.40185546875 0.00634765625 0.0126953125
1 0.15478515625 0.396484375 0.005859375 0.009765625
1 0.13525390625 0.400390625 0.0107421875 0.021484375
1 0.27392578125 0.404296875 0.005859375 0.0078125
1 0.57958984375 0.4052734375 0.0087890625 0.021484375
1 0.587890625 0.3994140625 0.0068359375 0.021484375
1 0.765380859375 0.38623046875 0.01611328125 0.0380859375
1 0.789306640625 0.42822265625 0.02197265625 0.1064453125
1 0.860107421875 0.416015625 0.02099609375 0.1015625
1 0.88623046875 0.41015625 0.021484375 0.109375
1 0.78662109375 0.42919921875 0.025390625 0.1220703125
0 0.362060546875 0.39208984375 0.00537109375 0.0244140625
5 0 0 0 0
