3 0.09912109375 0.34326171875 0.013671875 0.0439453125
1 0.556640625 0.357421875 0.0087890625 0.04296875
3 0.716064453125 0.32958984375 0.01123046875 0.0224609375
3 0.73583984375 0.3408203125 0.0166015625 0.033203125
3 0.739013671875 0.3369140625 0.00537109375 0.017578125
3 0.74658203125 0.3349609375 0.009765625 0.03515625
1 0.682373046875 0.341796875 0.01806640625 0.0859375
3 0.707275390625 0.3447265625 0.01025390625 0.0390625
3 0.702880859375 0.36279296875 0.02587890625 0.0791015625
3 0.72021484375 0.35302734375 0.0224609375 0.0517578125
3 0.753662109375 0.3515625 0.01611328125 0.033203125
3 0.78271484375 0.33642578125 0.0166015625 0.0244140625
3 0.74853515625 0.37548828125 0.029296875 0.0869140625
3 0.76904296875 0.37451171875 0.021484375 0.0849609375
3 0.833251953125 0.3359375 0.01318359375 0.017578125
3 0.824462890625 0.33447265625 0.00537109375 0.0205078125
3 0.802734375 0.37451171875 0.025390625 0.0869140625
3 0.82080078125 0.357421875 0.0234375 0.060546875
3 0.8486328125 0.35009765625 0.021484375 0.0224609375
3 0.847900390625 0.361328125 0.01904296875 0.0625
3 0.887451171875 0.34619140625 0.01513671875 0.0517578125
3 0.901123046875 0.3466796875 0.01904296875 0.05078125
3 0.90234375 0.3759765625 0.015625 0.0859375
3 0.915283203125 0.3544921875 0.02294921875 0.046875
3 0.98681640625 0.3544921875 0.0126953125 0.03125
3 0.157958984375 0.369140625 0.00634765625 0.01953125
1 0.63671875 0.369140625 0.02734375 0.134765625
1 0.007080078125 0.3896484375 0.00732421875 0.142578125
3 0.052734375 0.34619140625 0.0048828125 0.0224609375
3 0.048583984375 0.36083984375 0.01220703125 0.0517578125
3 0.040283203125 0.3603515625 0.02099609375 0.05078125
1 0.080810546875 0.32666015625 0.00732421875 0.0400390625
3 0.147216796875 0.4033203125 0.02880859375 0.068359375
3 0.07861328125 0.3701171875 0.009765625 0.0625
1 0.132080078125 0.322265625 0.01611328125 0.05078125
3 0.13671875 0.3369140625 0.0107421875 0.01953125
3 0.12744140625 0.34375 0.0107421875 0.03125
3 0.1181640625 0.3525390625 0.0166015625 0.044921875
3 0.106689453125 0.35009765625 0.01025390625 0.0185546875
1 0.01708984375 0.3974609375 0.02734375 0.203125
3 0.090576171875 0.3974609375 0.03076171875 0.107421875
1 0.066650390625 0.3798828125 0.02587890625 0.169921875
3 0.12353515625 0.4013671875 0.025390625 0.078125
1 0.259765625 0.359375 0.0087890625 0.0703125
3 0.251220703125 0.35986328125 0.01318359375 0.0732421875
1 0.283935546875 0.34716796875 0.02001953125 0.1064453125
1 0.186767578125 0.37060546875 0.02490234375 0.1650390625
1 0.154541015625 0.373046875 0.03271484375 0.158203125
1 0.244140625 0.330078125 0.0107421875 0.083984375
1 0.23779296875 0.3623046875 0.029296875 0.14453125
1 0.272216796875 0.369140625 0.02099609375 0.126953125
1 0.43408203125 0.3525390625 0.009765625 0.048828125
1 0.537353515625 0.369140625 0.02880859375 0.140625
1 0.48095703125 0.36962890625 0.02734375 0.1513671875
2 0.5302734375 0.3671875 0.0068359375 0.025390625
0 0.922607421875 0.27197265625 0.00634765625 0.0224609375
0 0.366455078125 0.3427734375 0.00830078125 0.046875
0 0.3359375 0.11572265625 0.033203125 0.1416015625
0 0.39697265625 0.3388671875 0.009765625 0.04296875
0 0.6513671875 0.11083984375 0.021484375 0.1455078125
5 0 0 0 0
5 0 0 0 0
5 0 0 0 0
5 0 0 0 0
5 0 0 0 0
5 0 0 0 0
5 0 0 0 0
5 0 0 0 0
5 0 0 0 0
