1 0.987548828125 0.29833984375 0.02099609375 0.1201171875
1 0.831298828125 0.31201171875 0.00830078125 0.0126953125
1 0.83203125 0.34716796875 0.009765625 0.0712890625
1 0.640380859375 0.36865234375 0.00439453125 0.0166015625
1 0.716064453125 0.369140625 0.01025390625 0.025390625
1 0.842041015625 0.36669921875 0.03173828125 0.1416015625
1 0.7822265625 0.3779296875 0.029296875 0.146484375
1 0.725830078125 0.3798828125 0.01220703125 0.083984375
1 0.742919921875 0.384765625 0.02978515625 0.1640625
3 0.700439453125 0.36669921875 0.00634765625 0.0185546875
1 0.6484375 0.38330078125 0.01171875 0.0810546875
1 0.70654296875 0.3583984375 0.0087890625 0.03515625
1 0.68994140625 0.3779296875 0.015625 0.08984375
1 0.658935546875 0.38037109375 0.01318359375 0.0693359375
1 0.62109375 0.3857421875 0.0087890625 0.04296875
1 0.673583984375 0.384765625 0.02001953125 0.103515625
3 0.672119140625 0.3857421875 0.01025390625 0.03125
1 0.63330078125 0.3662109375 0.0107421875 0.02734375
1 0.60986328125 0.37060546875 0.0107421875 0.0224609375
1 0.598876953125 0.37109375 0.00634765625 0.01953125
1 0.52392578125 0.37255859375 0.0048828125 0.0126953125
1 0.51708984375 0.3740234375 0.00390625 0.013671875
1 0.455078125 0.3916015625 0.005859375 0.03125
1 0.41015625 0.38671875 0.0048828125 0.01953125
1 0.3935546875 0.40087890625 0.0048828125 0.0341796875
1 0.661376953125 0.3798828125 0.01025390625 0.068359375
1 0.397705078125 0.396484375 0.00732421875 0.037109375
1 0.389892578125 0.3984375 0.00439453125 0.0390625
1 0.327880859375 0.39501953125 0.00439453125 0.0341796875
1 0.353271484375 0.39453125 0.00537109375 0.029296875
1 0.33837890625 0.39892578125 0.0048828125 0.0283203125
1 0.331787109375 0.39013671875 0.00439453125 0.0205078125
1 0.33544921875 0.4111328125 0.0048828125 0.033203125
1 0.331298828125 0.4140625 0.00830078125 0.0390625
1 0.322998046875 0.396484375 0.00439453125 0.02734375
1 0.31884765625 0.39697265625 0.005859375 0.0283203125
1 0.30517578125 0.400390625 0.0048828125 0.02734375
3 0.4970703125 0.39013671875 0.0068359375 0.0302734375
0 0.205810546875 0.21826171875 0.01220703125 0.0439453125
0 0.21826171875 0.1748046875 0.009765625 0.037109375
0 0.23779296875 0.17431640625 0.0078125 0.0439453125
0 0.023681640625 0.4208984375 0.00634765625 0.029296875
