1 0.105224609375 0.44873046875 0.00537109375 0.0263671875
1 0.127685546875 0.44677734375 0.00634765625 0.0185546875
1 0.093505859375 0.45263671875 0.00830078125 0.0205078125
1 0.08056640625 0.462890625 0.0107421875 0.05078125
1 0.06396484375 0.47021484375 0.0322265625 0.1806640625
1 0.024169921875 0.47314453125 0.03271484375 0.1708984375
1 0.02783203125 0.51171875 0.048828125 0.4453125
1 0.52490234375 0.427734375 0.015625 0.087890625
1 0.3388671875 0.46044921875 0.044921875 0.2841796875
1 0.25830078125 0.4658203125 0.0224609375 0.169921875
1 0.281005859375 0.4697265625 0.03173828125 0.154296875
1 0.179931640625 0.458984375 0.01611328125 0.134765625
1 0.16552734375 0.45458984375 0.025390625 0.1669921875
1 0.2060546875 0.46533203125 0.0361328125 0.1943359375
1 0.22265625 0.4814453125 0.0625 0.302734375
1 0.86767578125 0.42138671875 0.0048828125 0.0283203125
4 0.869384765625 0.4248046875 0.00341796875 0.025390625
4 0.871337890625 0.42333984375 0.00439453125 0.0283203125
3 0.873291015625 0.4208984375 0.01220703125 0.03125
1 0.9453125 0.42724609375 0.0439453125 0.2275390625
1 0.965087890625 0.4365234375 0.04638671875 0.234375
1 0.985107421875 0.4345703125 0.02587890625 0.251953125
1 0.906005859375 0.3896484375 0.00927734375 0.0625
1 0.892333984375 0.44677734375 0.03955078125 0.2392578125
1 0.93408203125 0.4365234375 0.060546875 0.29296875
3 0.77685546875 0.4189453125 0.0087890625 0.033203125
3 0.7666015625 0.4033203125 0.0078125 0.01953125
3 0.77099609375 0.4208984375 0.0107421875 0.03125
1 0.713134765625 0.40869140625 0.01123046875 0.0751953125
1 0.72900390625 0.421875 0.015625 0.083984375
1 0.7919921875 0.43701171875 0.0380859375 0.1845703125
1 0.794677734375 0.44189453125 0.03759765625 0.1826171875
1 0.826416015625 0.45263671875 0.05419921875 0.3173828125
1 0.84765625 0.46044921875 0.0537109375 0.3056640625
1 0.535888671875 0.42822265625 0.01318359375 0.0830078125
1 0.556396484375 0.44384765625 0.03662109375 0.2119140625
1 0.615966796875 0.3515625 0.00634765625 0.02734375
1 0.55859375 0.451171875 0.0361328125 0.2265625
1 0.57275390625 0.453125 0.0361328125 0.232421875
1 0.63525390625 0.45849609375 0.0205078125 0.1396484375
1 0.65478515625 0.4501953125 0.037109375 0.17578125
1 0.668701171875 0.44921875 0.02978515625 0.19140625
1 0.66552734375 0.4443359375 0.0361328125 0.2109375
1 0.634521484375 0.439453125 0.03662109375 0.22265625
1 0.601318359375 0.45947265625 0.06494140625 0.3076171875
1 0.599365234375 0.47998046875 0.08251953125 0.4013671875
1 0.5126953125 0.43017578125 0.0078125 0.0791015625
1 0.512939453125 0.4677734375 0.01904296875 0.1796875
1 0.482666015625 0.44482421875 0.02685546875 0.2197265625
1 0.497314453125 0.45263671875 0.03955078125 0.2236328125
1 0.451171875 0.607421875 0.0615234375 0.060546875
1 0.462158203125 0.4580078125 0.05810546875 0.37109375
1 0.468505859375 0.59912109375 0.02099609375 0.0849609375
1 0.387939453125 0.490234375 0.06982421875 0.359375
1 0.436767578125 0.4990234375 0.08837890625 0.4296875
1 0.424072265625 0.4990234375 0.09423828125 0.458984375
1 0.317138671875 0.47021484375 0.09228515625 0.4501953125
1 0.7080078125 0.43310546875 0.0400390625 0.1943359375
0 0.751708984375 0.4208984375 0.01025390625 0.02734375
