1 0.275146484375 0.4189453125 0.00634765625 0.0546875
1 0.653076171875 0.4013671875 0.00927734375 0.044921875
1 0.14892578125 0.43310546875 0.0234375 0.1416015625
1 0.1142578125 0.38916015625 0.017578125 0.0595703125
1 0.02001953125 0.41748046875 0.0107421875 0.0302734375
1 0.0341796875 0.42578125 0.013671875 0.0625
1 0.245361328125 0.4169921875 0.00537109375 0.033203125
1 0.28466796875 0.39794921875 0.0068359375 0.0185546875
1 0.290283203125 0.3974609375 0.00537109375 0.015625
1 0.294921875 0.39453125 0.009765625 0.0234375
1 0.351806640625 0.40673828125 0.00341796875 0.0107421875
1 0.348388671875 0.4072265625 0.00439453125 0.015625
1 0.34423828125 0.4091796875 0.00390625 0.013671875
1 0.453369140625 0.41552734375 0.00634765625 0.0263671875
1 0.467041015625 0.43505859375 0.01416015625 0.0341796875
1 0.4794921875 0.41845703125 0.00390625 0.0205078125
1 0.5048828125 0.408203125 0.00390625 0.02734375
1 0.50146484375 0.4091796875 0.0048828125 0.02734375
1 0.49462890625 0.40966796875 0.0029296875 0.0341796875
1 0.49169921875 0.408203125 0.005859375 0.037109375
1 0.49755859375 0.40966796875 0.0048828125 0.0302734375
1 0.489013671875 0.40966796875 0.01416015625 0.0849609375
1 0.537841796875 0.3984375 0.00439453125 0.017578125
1 0.533935546875 0.404296875 0.00537109375 0.029296875
1 0.572509765625 0.392578125 0.00634765625 0.021484375
1 0.60791015625 0.388671875 0.0078125 0.015625
1 0.623779296875 0.39013671875 0.00537109375 0.0107421875
1 0.64111328125 0.39013671875 0.0068359375 0.0185546875
1 0.640869140625 0.408203125 0.00732421875 0.03125
1 0.6611328125 0.400390625 0.0087890625 0.0390625
1 0.66748046875 0.384765625 0.0048828125 0.015625
1 0.423828125 0.41552734375 0.005859375 0.0302734375
1 0.093017578125 0.4091796875 0.01318359375 0.0234375
1 0.07861328125 0.40283203125 0.017578125 0.0615234375
0 0.698974609375 0.36669921875 0.01025390625 0.0498046875
0 0.73046875 0.38623046875 0.0048828125 0.0185546875
0 0.74072265625 0.25244140625 0.00390625 0.0107421875
0 0.6826171875 0.267578125 0.0068359375 0.017578125
0 0.670654296875 0.26953125 0.00537109375 0.01171875
0 0.557861328125 0.40625 0.00537109375 0.017578125
0 0.2177734375 0.4052734375 0.0068359375 0.01953125
0 0.4384765625 0.3701171875 0.0029296875 0.009765625
