1 0.87353515625 0.35546875 0.0078125 0.033203125
1 0.914794921875 0.3330078125 0.01416015625 0.037109375
1 0.896484375 0.34375 0.015625 0.046875
1 0.88232421875 0.40380859375 0.02734375 0.1259765625
1 0.286865234375 0.3828125 0.00732421875 0.013671875
1 0.727783203125 0.3779296875 0.00537109375 0.03515625
1 0.664794921875 0.357421875 0.00732421875 0.015625
1 0.63134765625 0.35302734375 0.00390625 0.0205078125
1 0.654052734375 0.35595703125 0.00439453125 0.0087890625
1 0.658447265625 0.357421875 0.00439453125 0.01171875
1 0.6201171875 0.3564453125 0.0068359375 0.01953125
1 0.537109375 0.41064453125 0.017578125 0.1123046875
1 0.564453125 0.39404296875 0.0224609375 0.0849609375
1 0.5771484375 0.40283203125 0.015625 0.1318359375
1 0.474365234375 0.40087890625 0.00439453125 0.0205078125
1 0.602294921875 0.40087890625 0.01611328125 0.0849609375
1 0.615966796875 0.4013671875 0.01318359375 0.076171875
1 0.640869140625 0.4072265625 0.01806640625 0.1171875
1 0.614990234375 0.4345703125 0.00927734375 0.064453125
1 0.62353515625 0.39892578125 0.0185546875 0.0986328125
1 0.82958984375 0.38134765625 0.0087890625 0.0458984375
1 0.838623046875 0.3779296875 0.01025390625 0.0546875
1 0.819580078125 0.37451171875 0.00927734375 0.0595703125
1 0.79443359375 0.3818359375 0.0068359375 0.044921875
1 0.788330078125 0.37744140625 0.00830078125 0.0537109375
1 0.78076171875 0.373046875 0.0107421875 0.0625
1 0.801025390625 0.3701171875 0.01123046875 0.068359375
1 0.80078125 0.373046875 0.009765625 0.0625
4 0.690185546875 0.36376953125 0.00244140625 0.0146484375
1 0.820556640625 0.37109375 0.01220703125 0.06640625
1 0.810791015625 0.36962890625 0.01416015625 0.0673828125
1 0.847900390625 0.3798828125 0.00732421875 0.05078125
1 0.677734375 0.35498046875 0.005859375 0.0107421875
1 0.85400390625 0.3701171875 0.0126953125 0.0703125
1 0.866455078125 0.3681640625 0.01416015625 0.072265625
1 0.67041015625 0.40966796875 0.013671875 0.1123046875
1 0.684326171875 0.35595703125 0.01123046875 0.0380859375
1 0.681640625 0.3896484375 0.015625 0.060546875
1 0.675537109375 0.41162109375 0.01904296875 0.1044921875
1 0.69677734375 0.34375 0.00390625 0.01953125
1 0.704833984375 0.33984375 0.00634765625 0.021484375
1 0.717041015625 0.3505859375 0.00732421875 0.0234375
1 0.710205078125 0.35400390625 0.00830078125 0.0361328125
1 0.717529296875 0.40673828125 0.01513671875 0.1162109375
1 0.706298828125 0.40673828125 0.01123046875 0.1162109375
1 0.693603515625 0.39013671875 0.00927734375 0.0830078125
1 0.65087890625 0.35205078125 0.0029296875 0.0146484375
1 0.672119140625 0.3505859375 0.00439453125 0.009765625
0 0.95556640625 0.33837890625 0.0126953125 0.0283203125
0 0.937744140625 0.33544921875 0.01318359375 0.0380859375
0 0.727294921875 0.32958984375 0.00732421875 0.0244140625
0 0.415771484375 0.37255859375 0.00634765625 0.0361328125
0 0.39501953125 0.3681640625 0.0087890625 0.068359375
0 0.361328125 0.35498046875 0.0048828125 0.0068359375
0 0.088134765625 0.35693359375 0.00341796875 0.0146484375
