1 0.2490234375 0.3466796875 0.01953125 0.05078125
1 0.312255859375 0.345703125 0.01806640625 0.03125
1 0.343994140625 0.3525390625 0.00927734375 0.015625
1 0.27001953125 0.3623046875 0.0185546875 0.052734375
1 0.359619140625 0.3505859375 0.00732421875 0.015625
1 0.12451171875 0.3388671875 0.0234375 0.04296875
1 0.147705078125 0.34716796875 0.02880859375 0.0517578125
1 0.014892578125 0.345703125 0.02294921875 0.095703125
1 0.04541015625 0.3193359375 0.0380859375 0.083984375
1 0.738037109375 0.3251953125 0.02294921875 0.044921875
1 0.737548828125 0.36962890625 0.02880859375 0.1201171875
1 0.81201171875 0.35546875 0.005859375 0.0546875
1 0.89208984375 0.33203125 0.0244140625 0.07421875
1 0.8759765625 0.35791015625 0.037109375 0.1630859375
3 0.81591796875 0.45263671875 0.013671875 0.0966796875
1 0.21875 0.33349609375 0.01171875 0.0322265625
1 0.715087890625 0.3583984375 0.02099609375 0.0859375
1 0.7646484375 0.4072265625 0.0166015625 0.19140625
0 0.853759765625 0.18603515625 0.00830078125 0.0302734375
