1 0.49462890625 0.42919921875 0.0029296875 0.0166015625
1 0.904296875 0.41552734375 0.03125 0.1533203125
1 0.55078125 0.43359375 0.015625 0.111328125
1 0.56298828125 0.4375 0.0244140625 0.1171875
1 0.761962890625 0.404296875 0.01220703125 0.0390625
1 0.8076171875 0.40185546875 0.0205078125 0.0791015625
1 0.843017578125 0.39697265625 0.02294921875 0.0751953125
1 0.671142578125 0.3828125 0.02490234375 0.138671875
1 0.66162109375 0.439453125 0.0322265625 0.166015625
1 0.6962890625 0.439453125 0.02734375 0.1640625
2 0.346923828125 0.4150390625 0.01806640625 0.048828125
0 0.962158203125 0.32666015625 0.00830078125 0.0322265625
0 0.978271484375 0.38134765625 0.00439453125 0.0087890625
0 0.94970703125 0.4306640625 0.0126953125 0.041015625
0 0.17529296875 0.40234375 0.01171875 0.02734375
