1 0.93701171875 0.337890625 0.0166015625 0.05859375
1 0.906982421875 0.345703125 0.02392578125 0.056640625
1 0.82275390625 0.314453125 0.0078125 0.041015625
3 0.540771484375 0.37744140625 0.01708984375 0.0576171875
3 0.5009765625 0.3798828125 0.021484375 0.0625
1 0.369384765625 0.4345703125 0.03759765625 0.2421875
1 0.8447265625 0.3095703125 0.0146484375 0.05078125
4 0.855224609375 0.3642578125 0.03662109375 0.046875
3 0.501220703125 0.369140625 0.01123046875 0.041015625
3 0.535400390625 0.365234375 0.00927734375 0.03125
0 0.077880859375 0.39208984375 0.01318359375 0.0322265625
