1 0.439697265625 0.3876953125 0.00537109375 0.01171875
1 0.49658203125 0.3916015625 0.0029296875 0.01953125
1 0.49853515625 0.39111328125 0.00390625 0.0205078125
1 0.528076171875 0.39306640625 0.00634765625 0.0302734375
1 0.632568359375 0.39111328125 0.00634765625 0.0302734375
1 0.564208984375 0.4111328125 0.01123046875 0.07421875
1 0.584716796875 0.4130859375 0.01123046875 0.0703125
1 0.668701171875 0.38671875 0.00732421875 0.033203125
1 0.759033203125 0.40234375 0.02001953125 0.08203125
1 0.8681640625 0.42138671875 0.0341796875 0.1650390625
1 0.81884765625 0.416015625 0.0361328125 0.1875
1 0.21484375 0.39111328125 0.01171875 0.0302734375
1 0.22705078125 0.38818359375 0.0146484375 0.0302734375
1 0.610107421875 0.37255859375 0.00439453125 0.0107421875
0 0.740234375 0.03759765625 0.0146484375 0.0400390625
0 0.462890625 0.376953125 0.0029296875 0.017578125
5 0 0 0 0
