1 0.661865234375 0.40283203125 0.00634765625 0.0263671875
1 0.536376953125 0.43798828125 0.00439453125 0.0068359375
4 0.5400390625 0.44287109375 0.0029296875 0.0048828125
3 0.323486328125 0.41357421875 0.00830078125 0.0283203125
3 0.33935546875 0.408203125 0.00390625 0.01171875
3 0.329833984375 0.41748046875 0.01708984375 0.0400390625
1 0.31201171875 0.4111328125 0.009765625 0.046875
1 0.30224609375 0.4111328125 0.013671875 0.046875
3 0.283447265625 0.44189453125 0.00927734375 0.0244140625
3 0.274169921875 0.435546875 0.02294921875 0.05859375
3 0.229248046875 0.44384765625 0.03271484375 0.0888671875
3 0.192138671875 0.42724609375 0.02099609375 0.0458984375
1 0.110107421875 0.37353515625 0.03466796875 0.1318359375
1 0.086181640625 0.3515625 0.08056640625 0.17578125
1 0.674072265625 0.4013671875 0.00927734375 0.029296875
1 0.4951171875 0.47216796875 0.04296875 0.2099609375
1 0.58544921875 0.43994140625 0.02734375 0.1318359375
3 0.7607421875 0.4365234375 0.033203125 0.0625
3 0.792724609375 0.4365234375 0.03173828125 0.072265625
1 0.86376953125 0.4443359375 0.0224609375 0.138671875
1 0.845458984375 0.44677734375 0.02197265625 0.1455078125
1 0.900146484375 0.4248046875 0.03173828125 0.14453125
3 0.207275390625 0.423828125 0.01416015625 0.052734375
1 0.016357421875 0.42578125 0.02587890625 0.1953125
0 0.695068359375 0.39599609375 0.00439453125 0.0283203125
