1 0.3828125 0.34033203125 0.0029296875 0.0166015625
1 0.370361328125 0.341796875 0.00341796875 0.013671875
1 0.36279296875 0.345703125 0.0048828125 0.01953125
1 0.264404296875 0.34423828125 0.00537109375 0.0283203125
1 0.258544921875 0.3388671875 0.00537109375 0.025390625
1 0.614501953125 0.34033203125 0.00537109375 0.0361328125
1 0.604736328125 0.3388671875 0.00537109375 0.03515625
1 0.6201171875 0.3388671875 0.0048828125 0.033203125
1 0.721435546875 0.37646484375 0.01708984375 0.0810546875
1 0.737548828125 0.37548828125 0.01220703125 0.0693359375
1 0.754638671875 0.38037109375 0.01513671875 0.0732421875
1 0.93798828125 0.41748046875 0.013671875 0.0712890625
2 0.39208984375 0.390625 0.0244140625 0.12109375
0 0.847412109375 0.392578125 0.00830078125 0.01953125
0 0.05517578125 0.3076171875 0.0126953125 0.06640625
5 0 0 0 0
5 0 0 0 0
5 0 0 0 0
