3 0.908447265625 0.36962890625 0.03955078125 0.0810546875
1 0.989501953125 0.244140625 0.01708984375 0.064453125
1 0.39306640625 0.3828125 0.00390625 0.0078125
1 0.397216796875 0.38623046875 0.00537109375 0.0244140625
1 0.4150390625 0.3876953125 0.0048828125 0.029296875
1 0.4111328125 0.38818359375 0.0048828125 0.0302734375
1 0.489990234375 0.3583984375 0.00537109375 0.013671875
1 0.71240234375 0.37841796875 0.0126953125 0.0673828125
1 0.7509765625 0.33544921875 0.009765625 0.0751953125
1 0.9677734375 0.26025390625 0.0078125 0.0380859375
3 0.984619140625 0.3173828125 0.02197265625 0.12109375
1 0.8291015625 0.3662109375 0.0146484375 0.12890625
3 0.966064453125 0.4033203125 0.00634765625 0.029296875
4 0.993896484375 0.353515625 0.00732421875 0.197265625
4 0.88623046875 0.38525390625 0.0341796875 0.1923828125
1 0.953369140625 0.3388671875 0.01513671875 0.146484375
1 0.96826171875 0.3603515625 0.0322265625 0.185546875
1 0.668701171875 0.3466796875 0.00634765625 0.0234375
1 0.665283203125 0.37255859375 0.01025390625 0.0712890625
1 0.674072265625 0.34814453125 0.00732421875 0.0263671875
1 0.705810546875 0.37060546875 0.00634765625 0.0732421875
1 0.69482421875 0.37353515625 0.009765625 0.0712890625
1 0.68798828125 0.35986328125 0.009765625 0.0556640625
1 0.67919921875 0.3486328125 0.01171875 0.025390625
1 0.701171875 0.37255859375 0.013671875 0.0771484375
4 0.673828125 0.38818359375 0.01953125 0.0595703125
1 0.7275390625 0.35205078125 0.009765625 0.0458984375
1 0.73193359375 0.35986328125 0.013671875 0.0712890625
1 0.736328125 0.35791015625 0.0107421875 0.0810546875
1 0.85986328125 0.36572265625 0.0205078125 0.1396484375
1 0.861572265625 0.3623046875 0.02294921875 0.15625
1 0.84326171875 0.3720703125 0.02734375 0.162109375
1 0.88134765625 0.3876953125 0.0390625 0.189453125
2 0.822998046875 0.36474609375 0.01513671875 0.0615234375
1 0.788818359375 0.37255859375 0.03076171875 0.1494140625
0 0.926025390625 0.27880859375 0.01220703125 0.0322265625
5 0 0 0 0
5 0 0 0 0
5 0 0 0 0
5 0 0 0 0
5 0 0 0 0
5 0 0 0 0
5 0 0 0 0
5 0 0 0 0
