1 0.95556640625 0.35546875 0.0087890625 0.013671875
1 0.96875 0.3544921875 0.0146484375 0.01953125
1 0.768798828125 0.35595703125 0.00634765625 0.0302734375
1 0.90478515625 0.37744140625 0.009765625 0.0673828125
1 0.89453125 0.37890625 0.0146484375 0.0703125
1 0.936767578125 0.3544921875 0.01123046875 0.015625
1 0.86572265625 0.37255859375 0.0126953125 0.0673828125
1 0.6708984375 0.37744140625 0.005859375 0.0654296875
1 0.6767578125 0.37744140625 0.0107421875 0.0654296875
1 0.8505859375 0.373046875 0.009765625 0.068359375
1 0.707275390625 0.37548828125 0.01123046875 0.0556640625
1 0.799560546875 0.47314453125 0.06005859375 0.3994140625
1 0.472412109375 0.34619140625 0.00439453125 0.0263671875
1 0.479736328125 0.34716796875 0.00439453125 0.0263671875
1 0.415283203125 0.353515625 0.00634765625 0.03515625
1 0.41943359375 0.353515625 0.0068359375 0.03515625
2 0.75244140625 0.3720703125 0.01171875 0.056640625
2 0.7265625 0.3662109375 0.013671875 0.060546875
2 0.430419921875 0.3486328125 0.00634765625 0.029296875
2 0.603271484375 0.37451171875 0.01318359375 0.0771484375
2 0.557373046875 0.38232421875 0.01416015625 0.0732421875
