1 0.47119140625 0.45556640625 0.0078125 0.0283203125
1 0.039794921875 0.453125 0.01220703125 0.021484375
1 0.533203125 0.47412109375 0.01953125 0.1083984375
1 0.494873046875 0.45263671875 0.02099609375 0.0771484375
1 0.44580078125 0.458984375 0.0126953125 0.044921875
1 0.478759765625 0.46533203125 0.01513671875 0.0732421875
1 0.421142578125 0.466796875 0.01318359375 0.076171875
1 0.299072265625 0.47119140625 0.02294921875 0.1103515625
1 0.1484375 0.46484375 0.0234375 0.1015625
1 0.0498046875 0.455078125 0.009765625 0.02734375
1 0.021728515625 0.4423828125 0.01806640625 0.06640625
1 0.010986328125 0.44677734375 0.01513671875 0.1025390625
2 0.692626953125 0.4736328125 0.00634765625 0.025390625
0 0.670166015625 0.4560546875 0.00244140625 0.013671875
0 0.30908203125 0.44384765625 0.0087890625 0.0302734375
0 0.226318359375 0.46728515625 0.01123046875 0.0263671875
0 0.615478515625 0.447265625 0.00634765625 0.01171875
5 0 0 0 0
5 0 0 0 0
