1 0.504638671875 0.41455078125 0.00341796875 0.0185546875
1 0.58642578125 0.41015625 0.0107421875 0.052734375
1 0.641845703125 0.4130859375 0.00927734375 0.044921875
1 0.6181640625 0.40966796875 0.0087890625 0.0458984375
1 0.61962890625 0.4130859375 0.0087890625 0.04296875
1 0.603515625 0.41162109375 0.009765625 0.0458984375
1 0.72216796875 0.40673828125 0.0078125 0.0498046875
1 0.759765625 0.4052734375 0.0048828125 0.03125
1 0.769287109375 0.40185546875 0.00537109375 0.0302734375
1 0.7744140625 0.40185546875 0.005859375 0.0302734375
1 0.80029296875 0.396484375 0.0107421875 0.05078125
1 0.96484375 0.36474609375 0.0185546875 0.0361328125
1 0.491943359375 0.41650390625 0.00927734375 0.0439453125
1 0.4853515625 0.41357421875 0.0107421875 0.0517578125
1 0.470458984375 0.41845703125 0.00537109375 0.0380859375
1 0.465576171875 0.41845703125 0.00830078125 0.0439453125
1 0.45849609375 0.41748046875 0.0078125 0.0439453125
1 0.452392578125 0.41455078125 0.00634765625 0.0498046875
1 0.44287109375 0.416015625 0.0068359375 0.052734375
1 0.42333984375 0.41748046875 0.0078125 0.0498046875
1 0.432373046875 0.41796875 0.00732421875 0.05078125
1 0.259765625 0.4208984375 0.0068359375 0.0234375
1 0.245849609375 0.41748046875 0.00732421875 0.0205078125
1 0.146728515625 0.42138671875 0.00830078125 0.0595703125
1 0.16162109375 0.427734375 0.0078125 0.0703125
1 0.15283203125 0.4248046875 0.0146484375 0.072265625
1 0.168212890625 0.42626953125 0.01416015625 0.0732421875
1 0.788818359375 0.39892578125 0.01025390625 0.0556640625
1 0.447021484375 0.41552734375 0.00927734375 0.0517578125
1 0.13818359375 0.42236328125 0.0087890625 0.0498046875
0 0.887451171875 0.3544921875 0.01513671875 0.0703125
0 0.8076171875 0.28759765625 0.0048828125 0.0126953125
0 0.7451171875 0.3935546875 0.0166015625 0.013671875
0 0.7080078125 0.404296875 0.005859375 0.01953125
0 0.375732421875 0.38671875 0.00439453125 0.01171875
5 0 0 0 0
5 0 0 0 0
5 0 0 0 0
5 0 0 0 0
5 0 0 0 0
5 0 0 0 0
5 0 0 0 0
5 0 0 0 0
5 0 0 0 0
