1 0.974609375 0.3798828125 0.0322265625 0.1796875
1 0.93359375 0.3857421875 0.0322265625 0.169921875
1 0.790283203125 0.38720703125 0.01806640625 0.0908203125
1 0.57275390625 0.38916015625 0.0048828125 0.0205078125
1 0.63720703125 0.3798828125 0.009765625 0.02734375
1 0.54931640625 0.408203125 0.005859375 0.052734375
1 0.5458984375 0.40771484375 0.0078125 0.0576171875
0 0.990478515625 0.3876953125 0.01416015625 0.046875
0 0.532470703125 0.35205078125 0.01611328125 0.0126953125
0 0.462646484375 0.39794921875 0.00439453125 0.0126953125
0 0.490966796875 0.392578125 0.00244140625 0.0078125
0 0.036865234375 0.4287109375 0.01513671875 0.099609375
0 0.05908203125 0.40673828125 0.0126953125 0.0439453125
0 0.112060546875 0.42041015625 0.00341796875 0.0224609375
0 0.087158203125 0.41357421875 0.00634765625 0.0068359375
0 0.24169921875 0.41748046875 0.005859375 0.0263671875
0 0.217529296875 0.4228515625 0.00927734375 0.041015625
0 0.322509765625 0.40771484375 0.00634765625 0.0166015625
