1 0.5146484375 0.37109375 0.0068359375 0.01171875
1 0.107421875 0.322265625 0.0126953125 0.033203125
1 0.017822265625 0.3896484375 0.01806640625 0.05859375
1 0.03955078125 0.37939453125 0.025390625 0.0732421875
1 0.713623046875 0.38232421875 0.01123046875 0.0576171875
1 0.6953125 0.3818359375 0.0078125 0.06640625
1 0.689208984375 0.380859375 0.00927734375 0.064453125
1 0.682861328125 0.38427734375 0.01220703125 0.0615234375
1 0.7041015625 0.38427734375 0.01171875 0.0576171875
1 0.806396484375 0.3603515625 0.01123046875 0.041015625
1 0.46923828125 0.37646484375 0.005859375 0.0126953125
1 0.8173828125 0.37451171875 0.0205078125 0.1005859375
1 0.714111328125 0.38232421875 0.00927734375 0.0615234375
5 0 0 0 0
5 0 0 0 0
5 0 0 0 0
5 0 0 0 0
5 0 0 0 0
