1 0.595947265625 0.31689453125 0.00146484375 0.0068359375
1 0.560791015625 0.32275390625 0.00146484375 0.0029296875
1 0.58544921875 0.3193359375 0.001953125 0.0078125
1 0.564208984375 0.32177734375 0.00146484375 0.0048828125
1 0.587646484375 0.3173828125 0.00146484375 0.005859375
1 0.605712890625 0.3154296875 0.00146484375 0.0078125
1 0.60888671875 0.31494140625 0.0009765625 0.0068359375
1 0.59228515625 0.3173828125 0.0009765625 0.0078125
1 0.59375 0.31689453125 0.0009765625 0.0068359375
1 0.82470703125 0.3486328125 0.0087890625 0.060546875
1 0.81591796875 0.3466796875 0.01171875 0.0625
2 0.572998046875 0.34814453125 0.00341796875 0.0068359375
2 0.6044921875 0.40380859375 0.0244140625 0.1416015625
2 0.57421875 0.408203125 0.03125 0.150390625
2 0.5380859375 0.40380859375 0.02734375 0.1337890625
0 0.7451171875 0.29296875 0.0087890625 0.025390625
5 0 0 0 0
5 0 0 0 0
5 0 0 0 0
5 0 0 0 0
