1 0.65234375 0.37353515625 0.0078125 0.0517578125
1 0.6591796875 0.37646484375 0.0087890625 0.0478515625
1 0.66943359375 0.36474609375 0.0068359375 0.0556640625
1 0.665771484375 0.37060546875 0.01123046875 0.0595703125
1 0.60400390625 0.3701171875 0.0126953125 0.06640625
1 0.56982421875 0.36767578125 0.0078125 0.0693359375
1 0.55419921875 0.3896484375 0.0322265625 0.189453125
1 0.5859375 0.38671875 0.03515625 0.21484375
1 0.618408203125 0.39013671875 0.02880859375 0.1904296875
1 0.690673828125 0.37548828125 0.03955078125 0.1923828125
1 0.719482421875 0.3779296875 0.04052734375 0.19921875
1 0.8642578125 0.3779296875 0.025390625 0.1953125
1 0.885009765625 0.380859375 0.04052734375 0.197265625
1 0.4560546875 0.38134765625 0.0146484375 0.1337890625
1 0.443115234375 0.3720703125 0.02001953125 0.15234375
1 0.427978515625 0.38037109375 0.02978515625 0.1513671875
1 0.45849609375 0.36962890625 0.03515625 0.1728515625
1 0.37890625 0.38134765625 0.01953125 0.1455078125
1 0.4013671875 0.375 0.03125 0.154296875
1 0.1708984375 0.388671875 0.0087890625 0.046875
1 0.18310546875 0.39013671875 0.01171875 0.0576171875
3 0.32080078125 0.38232421875 0.0087890625 0.0322265625
1 0.06787109375 0.39501953125 0.009765625 0.0556640625
1 0.031982421875 0.396484375 0.00830078125 0.052734375
1 0.038818359375 0.39697265625 0.01025390625 0.0517578125
2 0.098876953125 0.3857421875 0.04443359375 0.216796875
2 0.01513671875 0.39599609375 0.0234375 0.1787109375
0 0.801513671875 0.32080078125 0.00634765625 0.0166015625
5 0 0 0 0
