1 0.2734375 0.32421875 0.017578125 0.029296875
1 0.800048828125 0.376953125 0.01123046875 0.0703125
1 0.587890625 0.36181640625 0.0048828125 0.0244140625
1 0.60546875 0.36572265625 0.00390625 0.0224609375
1 0.5693359375 0.373046875 0.005859375 0.01953125
1 0.574951171875 0.3701171875 0.00634765625 0.015625
1 0.56298828125 0.3779296875 0.0078125 0.029296875
1 0.55615234375 0.37646484375 0.0078125 0.0322265625
1 0.78662109375 0.36328125 0.0283203125 0.087890625
1 0.815673828125 0.37353515625 0.02392578125 0.0810546875
1 0.695068359375 0.37255859375 0.01220703125 0.0439453125
1 0.708984375 0.3740234375 0.013671875 0.037109375
