1 0.1552734375 0.359375 0.005859375 0.021484375
1 0.283203125 0.38232421875 0.0029296875 0.0146484375
1 0.927978515625 0.0537109375 0.00146484375 0.052734375
1 0.924072265625 0.056640625 0.00927734375 0.060546875
1 0.169921875 0.35546875 0.009765625 0.029296875
1 0.18310546875 0.35986328125 0.0068359375 0.0224609375
1 0.9150390625 0.41064453125 0.0224609375 0.1435546875
1 0.64892578125 0.38427734375 0.0048828125 0.0224609375
1 0.631103515625 0.3857421875 0.00537109375 0.03515625
1 0.62451171875 0.38134765625 0.0146484375 0.0439453125
1 0.62451171875 0.38427734375 0.013671875 0.0400390625
1 0.76611328125 0.38330078125 0.0068359375 0.0283203125
4 0.696533203125 0.40869140625 0.00341796875 0.0185546875
1 0.640380859375 0.421875 0.01904296875 0.14453125
1 0.057861328125 0.404296875 0.00439453125 0.078125
1 0.161865234375 0.35400390625 0.00830078125 0.0302734375
3 0.018798828125 0.4052734375 0.03173828125 0.07421875
1 0.280029296875 0.3798828125 0.00634765625 0.01953125
1 0.2666015625 0.38037109375 0.0078125 0.0185546875
1 0.275390625 0.3798828125 0.0068359375 0.01953125
1 0.25634765625 0.3798828125 0.005859375 0.017578125
1 0.251953125 0.3798828125 0.0048828125 0.01953125
1 0.489501953125 0.38623046875 0.00537109375 0.0087890625
1 0.54052734375 0.40185546875 0.0048828125 0.0361328125
1 0.2490234375 0.36962890625 0.0029296875 0.0126953125
1 0.738037109375 0.4150390625 0.00927734375 0.123046875
1 0.706298828125 0.41357421875 0.02099609375 0.1279296875
1 0.72900390625 0.3974609375 0.02734375 0.123046875
1 0.75244140625 0.4130859375 0.025390625 0.1484375
1 0.72607421875 0.423828125 0.0234375 0.158203125
1 0.747314453125 0.43310546875 0.02001953125 0.1708984375
1 0.79296875 0.37353515625 0.021484375 0.0478515625
1 0.790771484375 0.3779296875 0.01513671875 0.04296875
1 0.7763671875 0.41552734375 0.03515625 0.1708984375
4 0.843505859375 0.3798828125 0.00732421875 0.033203125
1 0.85546875 0.37451171875 0.0166015625 0.0478515625
1 0.854248046875 0.421875 0.01708984375 0.130859375
1 0.8701171875 0.4228515625 0.0283203125 0.13671875
1 0.880615234375 0.41796875 0.03076171875 0.150390625
1 0.81298828125 0.41748046875 0.0166015625 0.1630859375
1 0.826171875 0.4150390625 0.0390625 0.189453125
1 0.821044921875 0.423828125 0.03076171875 0.193359375
1 0.920166015625 0.0615234375 0.01025390625 0.05859375
1 0.9140625 0.0888671875 0.0087890625 0.02734375
2 0.0166015625 0.3828125 0.01171875 0.046875
2 0.574951171875 0.40380859375 0.01611328125 0.0849609375
2 0.552734375 0.4033203125 0.0185546875 0.087890625
1 0.668701171875 0.4189453125 0.00927734375 0.09765625
1 0.658935546875 0.43310546875 0.02392578125 0.1259765625
1 0.677001953125 0.42236328125 0.02587890625 0.1552734375
0 0.404541015625 0.3271484375 0.04150390625 0.009765625
0 0.366455078125 0.3232421875 0.01806640625 0.015625
0 0.63427734375 0.33203125 0.0048828125 0.0078125
5 0 0 0 0
