4 0.0126953125 0.57470703125 0.01953125 0.0712890625
1 0.739013671875 0.349609375 0.01611328125 0.0234375
1 0.916015625 0.30126953125 0.013671875 0.0302734375
1 0.901611328125 0.3046875 0.01806640625 0.0390625
1 0.93701171875 0.33447265625 0.056640625 0.1337890625
1 0.977783203125 0.349609375 0.02392578125 0.119140625
1 0.992919921875 0.306640625 0.01025390625 0.037109375
1 0.9833984375 0.35986328125 0.029296875 0.1669921875
0 0.6845703125 0.30029296875 0.00390625 0.0146484375
0 0.72998046875 0.3564453125 0.0068359375 0.009765625
0 0.820556640625 0.318359375 0.00927734375 0.01171875
