1 0.620849609375 0.43701171875 0.00634765625 0.0361328125
1 0.649658203125 0.4296875 0.01025390625 0.068359375
1 0.635986328125 0.43896484375 0.00634765625 0.0322265625
1 0.710693359375 0.37890625 0.01416015625 0.015625
1 0.843994140625 0.4306640625 0.01123046875 0.111328125
1 0.9482421875 0.435546875 0.0244140625 0.12890625
1 0.82421875 0.47314453125 0.07421875 0.4013671875
1 0.786865234375 0.494140625 0.08154296875 0.3984375
1 0.023193359375 0.4521484375 0.01025390625 0.0703125
1 0.10205078125 0.4501953125 0.0068359375 0.06640625
1 0.165771484375 0.44384765625 0.01220703125 0.0712890625
1 0.15576171875 0.44921875 0.013671875 0.078125
1 0.146240234375 0.44482421875 0.01025390625 0.0810546875
3 0.277099609375 0.44921875 0.01025390625 0.041015625
1 0.262451171875 0.4404296875 0.00732421875 0.0625
1 0.267822265625 0.44140625 0.01318359375 0.072265625
1 0.318359375 0.4208984375 0.0087890625 0.02734375
1 0.310791015625 0.42236328125 0.00927734375 0.0244140625
1 0.30126953125 0.43408203125 0.009765625 0.0498046875
1 0.292236328125 0.43896484375 0.01220703125 0.0615234375
1 0.43212890625 0.44091796875 0.0185546875 0.0888671875
1 0.41796875 0.443359375 0.013671875 0.076171875
1 0.45458984375 0.46533203125 0.009765625 0.0439453125
1 0.475341796875 0.46630859375 0.06396484375 0.3369140625
1 0.3857421875 0.46240234375 0.0751953125 0.3896484375
1 0.678466796875 0.5341796875 0.06396484375 0.220703125
1 0.6748046875 0.46240234375 0.0654296875 0.4287109375
1 0.5029296875 0.50244140625 0.1015625 0.4951171875
1 0.202392578125 0.4423828125 0.01025390625 0.091796875
1 0.183837890625 0.44189453125 0.01708984375 0.0810546875
1 0.23486328125 0.453125 0.0625 0.34375
3 0.2841796875 0.45654296875 0.01171875 0.0263671875
2 0.5810546875 0.4423828125 0.0224609375 0.109375
2 0.050537109375 0.4345703125 0.06591796875 0.3203125
2 0.12744140625 0.43505859375 0.05859375 0.2861328125
3 0.890380859375 0.44384765625 0.02197265625 0.0263671875
