1 0.633056640625 0.42138671875 0.02490234375 0.1162109375
1 0.21923828125 0.416015625 0.0234375 0.078125
1 0.23779296875 0.42529296875 0.013671875 0.1279296875
1 0.80078125 0.40576171875 0.0390625 0.2275390625
1 0.752685546875 0.43212890625 0.04248046875 0.2333984375
0 0.58740234375 0.3525390625 0.015625 0.09765625
0 0.540283203125 0.36181640625 0.03076171875 0.0888671875
0 0.400634765625 0.365234375 0.02587890625 0.119140625
0 0.4814453125 0.4111328125 0.009765625 0.01953125
0 0.929931640625 0.34619140625 0.01416015625 0.0400390625
0 0.92333984375 0.42138671875 0.0068359375 0.0224609375
