1 0.86962890625 0.3955078125 0.0048828125 0.029296875
1 0.84765625 0.40380859375 0.0078125 0.0380859375
1 0.839599609375 0.3994140625 0.00927734375 0.04296875
1 0.701904296875 0.4130859375 0.00732421875 0.048828125
1 0.60400390625 0.40185546875 0.0068359375 0.0146484375
1 0.5341796875 0.421875 0.01171875 0.056640625
1 0.513427734375 0.42431640625 0.01220703125 0.0634765625
1 0.484130859375 0.42578125 0.01025390625 0.0625
1 0.468017578125 0.42626953125 0.01025390625 0.0576171875
1 0.45361328125 0.42822265625 0.0087890625 0.0595703125
1 0.436279296875 0.4296875 0.01025390625 0.05859375
1 0.6884765625 0.42333984375 0.0244140625 0.1201171875
1 0.736083984375 0.49658203125 0.08447265625 0.4638671875
1 0.89501953125 0.51171875 0.0966796875 0.5546875
1 0.39892578125 0.4287109375 0.0107421875 0.068359375
1 0.385498046875 0.4345703125 0.01123046875 0.064453125
1 0.340087890625 0.419921875 0.01025390625 0.04296875
1 0.32421875 0.4306640625 0.013671875 0.078125
1 0.30419921875 0.43359375 0.01171875 0.076171875
1 0.06884765625 0.40576171875 0.009765625 0.0146484375
1 0.22021484375 0.42822265625 0.0166015625 0.1025390625
1 0.10888671875 0.4443359375 0.0126953125 0.044921875
1 0.2646484375 0.57275390625 0.140625 0.6826171875
1 0.4140625 0.42041015625 0.0126953125 0.0517578125
0 0.055908203125 0.43701171875 0.00830078125 0.0224609375
0 0.845947265625 0.365234375 0.00830078125 0.033203125
