1 0.4453125 0.36669921875 0.005859375 0.0361328125
1 0.526611328125 0.3662109375 0.01123046875 0.0546875
1 0.415283203125 0.37060546875 0.00439453125 0.0341796875
1 0.292724609375 0.390625 0.01123046875 0.0546875
1 0.254150390625 0.37060546875 0.00439453125 0.0107421875
1 0.26513671875 0.37890625 0.0048828125 0.01953125
1 0.28369140625 0.388671875 0.013671875 0.06640625
1 0.2177734375 0.3955078125 0.0126953125 0.0625
1 0.05712890625 0.3974609375 0.005859375 0.064453125
1 0.061767578125 0.39697265625 0.01416015625 0.0673828125
1 0.04638671875 0.3955078125 0.01171875 0.056640625
1 0.02880859375 0.404296875 0.0087890625 0.046875
2 0.505126953125 0.3642578125 0.01416015625 0.056640625
2 0.455078125 0.35888671875 0.01171875 0.0341796875
2 0.50732421875 0.3779296875 0.0146484375 0.068359375
2 0.142578125 0.39208984375 0.009765625 0.0478515625
5 0 0 0 0
5 0 0 0 0
5 0 0 0 0
