1 0.540283203125 0.37744140625 0.00732421875 0.0400390625
1 0.448974609375 0.38134765625 0.00537109375 0.0283203125
1 0.463134765625 0.38525390625 0.00634765625 0.0439453125
1 0.457763671875 0.38671875 0.00927734375 0.046875
1 0.292724609375 0.35498046875 0.02001953125 0.0615234375
1 0.27294921875 0.34521484375 0.01171875 0.0498046875
1 0.244873046875 0.35888671875 0.01025390625 0.0361328125
1 0.216064453125 0.35009765625 0.01904296875 0.0791015625
1 0.177001953125 0.36865234375 0.02978515625 0.1689453125
1 0.046875 0.37841796875 0.0439453125 0.2197265625
4 0.00732421875 0.33837890625 0.0087890625 0.1064453125
1 0.359375 0.396484375 0.0244140625 0.177734375
1 0.333740234375 0.39208984375 0.03857421875 0.1884765625
1 0.5771484375 0.3740234375 0.005859375 0.0234375
1 0.651611328125 0.41455078125 0.03466796875 0.1689453125
1 0.42724609375 0.38232421875 0.0068359375 0.0458984375
2 0.565673828125 0.39501953125 0.02001953125 0.0986328125
