1 0.586669921875 0.3837890625 0.00830078125 0.041015625
1 0.593505859375 0.3828125 0.00732421875 0.041015625
1 0.60498046875 0.3857421875 0.0048828125 0.044921875
1 0.599853515625 0.38427734375 0.00927734375 0.0517578125
1 0.6123046875 0.3828125 0.0087890625 0.052734375
1 0.6455078125 0.35791015625 0.0048828125 0.0087890625
1 0.642333984375 0.3671875 0.00732421875 0.03515625
1 0.64208984375 0.4033203125 0.00390625 0.029296875
1 0.63525390625 0.38818359375 0.0166015625 0.0810546875
1 0.650390625 0.38330078125 0.009765625 0.0751953125
1 0.656005859375 0.3828125 0.01318359375 0.087890625
1 0.696044921875 0.36572265625 0.00927734375 0.0322265625
1 0.798828125 0.345703125 0.0146484375 0.0390625
1 0.72314453125 0.38720703125 0.0146484375 0.1103515625
1 0.708251953125 0.39404296875 0.02490234375 0.1201171875
1 0.73388671875 0.39599609375 0.021484375 0.1083984375
1 0.778076171875 0.38134765625 0.01611328125 0.1103515625
1 0.762939453125 0.38671875 0.02197265625 0.107421875
4 0.8759765625 0.40185546875 0.0078125 0.0341796875
1 0.86328125 0.3857421875 0.0302734375 0.15625
1 0.83740234375 0.38671875 0.0322265625 0.15625
4 0.88232421875 0.40234375 0.005859375 0.013671875
1 0.898193359375 0.38916015625 0.03271484375 0.1591796875
1 0.92919921875 0.3740234375 0.03125 0.171875
1 0.2216796875 0.40185546875 0.0048828125 0.0107421875
1 0.2861328125 0.40380859375 0.005859375 0.0302734375
0 0.60791015625 0.1484375 0.033203125 0.193359375
0 0.55419921875 0.35498046875 0.0078125 0.0380859375
0 0.9013671875 0.10546875 0.021484375 0.119140625
5 0 0 0 0
5 0 0 0 0
5 0 0 0 0
5 0 0 0 0
5 0 0 0 0
5 0 0 0 0
5 0 0 0 0
5 0 0 0 0
5 0 0 0 0
5 0 0 0 0
5 0 0 0 0
