1 0.0244140625 0.39892578125 0.0166015625 0.0498046875
1 0.050048828125 0.384765625 0.01123046875 0.01953125
1 0.161865234375 0.40478515625 0.00830078125 0.0322265625
1 0.381591796875 0.39990234375 0.01318359375 0.0654296875
1 0.418701171875 0.3974609375 0.00732421875 0.046875
1 0.428466796875 0.40576171875 0.00927734375 0.0322265625
1 0.54443359375 0.38134765625 0.0078125 0.0458984375
1 0.622314453125 0.37255859375 0.00634765625 0.0400390625
1 0.628662109375 0.3720703125 0.00634765625 0.044921875
1 0.6376953125 0.36328125 0.0087890625 0.029296875
1 0.673828125 0.3701171875 0.0078125 0.041015625
1 0.685546875 0.359375 0.00390625 0.017578125
1 0.6923828125 0.35546875 0.0068359375 0.013671875
0 0.27587890625 0.32470703125 0.0166015625 0.0537109375
0 0.047119140625 0.38232421875 0.00927734375 0.0166015625
0 0.096435546875 0.37353515625 0.00439453125 0.0185546875
0 0.57568359375 0.3759765625 0.017578125 0.015625
0 0.310546875 0.39501953125 0.0185546875 0.0380859375
5 0 0 0 0
5 0 0 0 0
