1 0.041259765625 0.4150390625 0.00244140625 0.017578125
1 0.03466796875 0.416015625 0.00390625 0.017578125
1 0.3330078125 0.39453125 0.0107421875 0.0390625
1 0.349365234375 0.4052734375 0.00732421875 0.05859375
1 0.3642578125 0.40673828125 0.0107421875 0.0634765625
1 0.371826171875 0.4091796875 0.00341796875 0.0546875
1 0.38037109375 0.40625 0.005859375 0.0625
1 0.3828125 0.40625 0.009765625 0.056640625
1 0.6669921875 0.40576171875 0.025390625 0.1455078125
1 0.650146484375 0.40869140625 0.01513671875 0.1396484375
1 0.69384765625 0.41064453125 0.0166015625 0.0791015625
1 0.801513671875 0.4140625 0.00732421875 0.041015625
1 0.848876953125 0.416015625 0.00439453125 0.0234375
1 0.93798828125 0.4189453125 0.0048828125 0.029296875
1 0.951171875 0.41845703125 0.005859375 0.0322265625
4 0.1787109375 0.40283203125 0.009765625 0.0244140625
2 0.20849609375 0.41357421875 0.01171875 0.0576171875
2 0.621826171875 0.3984375 0.02294921875 0.111328125
2 0.78515625 0.4072265625 0.009765625 0.046875
2 0.82275390625 0.41015625 0.0087890625 0.04296875
4 0.82568359375 0.423828125 0.00390625 0.0234375
4 0.78759765625 0.4228515625 0.00390625 0.01953125
2 0.966064453125 0.41259765625 0.00732421875 0.0361328125
1 0.886474609375 0.39892578125 0.00634765625 0.0185546875
0 0.445556640625 0.3955078125 0.01123046875 0.029296875
5 0 0 0 0
5 0 0 0 0
5 0 0 0 0
5 0 0 0 0
5 0 0 0 0
5 0 0 0 0
5 0 0 0 0
5 0 0 0 0
5 0 0 0 0
