1 0.46044921875 0.38720703125 0.0048828125 0.0244140625
1 0.48779296875 0.4287109375 0.0263671875 0.20703125
1 0.512939453125 0.43212890625 0.02880859375 0.1865234375
1 0.5263671875 0.42626953125 0.044921875 0.2197265625
1 0.36376953125 0.39111328125 0.0087890625 0.0458984375
1 0.326171875 0.39013671875 0.0087890625 0.0634765625
1 0.305908203125 0.39453125 0.00732421875 0.072265625
1 0.29931640625 0.39501953125 0.0107421875 0.1005859375
1 0.286376953125 0.3896484375 0.00732421875 0.060546875
1 0.2802734375 0.38525390625 0.01171875 0.0595703125
1 0.247802734375 0.3642578125 0.00927734375 0.017578125
1 0.232177734375 0.36181640625 0.01025390625 0.0205078125
1 0.203369140625 0.359375 0.00927734375 0.0234375
1 0.25341796875 0.369140625 0.0078125 0.017578125
1 0.177978515625 0.3779296875 0.01611328125 0.052734375
1 0.158203125 0.3955078125 0.0146484375 0.095703125
1 0.13720703125 0.40087890625 0.0380859375 0.1865234375
1 0.6337890625 0.38427734375 0.0078125 0.0205078125
1 0.613525390625 0.423828125 0.04345703125 0.212890625
1 0.712158203125 0.375 0.01513671875 0.046875
1 0.3359375 0.39599609375 0.0107421875 0.0595703125
2 0.349853515625 0.39013671875 0.01318359375 0.0537109375
2 0.4052734375 0.4033203125 0.029296875 0.142578125
5 0 0 0 0
5 0 0 0 0
5 0 0 0 0
5 0 0 0 0
5 0 0 0 0
