1 0.0732421875 0.37646484375 0.005859375 0.0556640625
1 0.05224609375 0.3681640625 0.0087890625 0.05859375
1 0.08447265625 0.373046875 0.0126953125 0.060546875
1 0.2255859375 0.37890625 0.0107421875 0.05859375
1 0.223388671875 0.37841796875 0.01416015625 0.0693359375
1 0.982177734375 0.2041015625 0.01904296875 0.037109375
1 0.9404296875 0.20703125 0.0234375 0.048828125
1 0.984130859375 0.373046875 0.02783203125 0.251953125
1 0.755126953125 0.31640625 0.01318359375 0.029296875
1 0.734619140625 0.35498046875 0.02099609375 0.0576171875
1 0.781982421875 0.30078125 0.02783203125 0.044921875
1 0.547119140625 0.37255859375 0.00634765625 0.0576171875
1 0.53857421875 0.37939453125 0.0107421875 0.0576171875
1 0.5419921875 0.373046875 0.013671875 0.0703125
1 0.525634765625 0.37939453125 0.01220703125 0.0595703125
1 0.575927734375 0.34521484375 0.00537109375 0.0205078125
1 0.58544921875 0.36572265625 0.0068359375 0.0478515625
1 0.600341796875 0.341796875 0.00341796875 0.015625
1 0.57763671875 0.3828125 0.013671875 0.06640625
1 0.611083984375 0.34130859375 0.00341796875 0.0126953125
1 0.61767578125 0.34228515625 0.013671875 0.0224609375
1 0.59326171875 0.38134765625 0.01953125 0.1005859375
1 0.643798828125 0.37060546875 0.01123046875 0.0791015625
1 0.635986328125 0.37646484375 0.01318359375 0.1044921875
1 0.618408203125 0.3896484375 0.01318359375 0.109375
1 0.604736328125 0.39013671875 0.02001953125 0.1201171875
1 0.627197265625 0.39013671875 0.02294921875 0.1142578125
1 0.654052734375 0.38623046875 0.01611328125 0.1123046875
1 0.675537109375 0.3798828125 0.02197265625 0.12109375
1 0.651123046875 0.40478515625 0.01904296875 0.0947265625
1 0.483154296875 0.37744140625 0.01220703125 0.0595703125
1 0.36328125 0.37060546875 0.0126953125 0.0673828125
2 0.511474609375 0.35888671875 0.00634765625 0.0341796875
2 0.50537109375 0.35888671875 0.0068359375 0.0361328125
0 0.475341796875 0.16943359375 0.01318359375 0.0732421875
0 0.51123046875 0.166015625 0.0146484375 0.072265625
0 0.5341796875 0.16650390625 0.01953125 0.0673828125
0 0.571044921875 0.16943359375 0.01123046875 0.0712890625
5 0 0 0 0
5 0 0 0 0
5 0 0 0 0
5 0 0 0 0
