1 0.209716796875 0.365234375 0.01025390625 0.09375
1 0.199462890625 0.37255859375 0.01416015625 0.0908203125
1 0.23095703125 0.36767578125 0.015625 0.0888671875
1 0.21728515625 0.37158203125 0.015625 0.0927734375
1 0.4052734375 0.34130859375 0.00390625 0.0244140625
1 0.41357421875 0.3837890625 0.0234375 0.11328125
1 0.385009765625 0.384765625 0.01904296875 0.111328125
1 0.51220703125 0.380859375 0.017578125 0.083984375
1 0.51904296875 0.3818359375 0.0166015625 0.08984375
1 0.6142578125 0.33154296875 0.01953125 0.0693359375
3 0.597900390625 0.3935546875 0.01025390625 0.046875
3 0.603759765625 0.390625 0.02001953125 0.056640625
3 0.63818359375 0.3828125 0.015625 0.048828125
1 0.400390625 0.341796875 0.0048828125 0.0234375
1 0.639404296875 0.3544921875 0.01318359375 0.060546875
5 0 0 0 0
5 0 0 0 0
5 0 0 0 0
5 0 0 0 0
5 0 0 0 0
5 0 0 0 0
5 0 0 0 0
5 0 0 0 0
