1 0.435302734375 0.41015625 0.00830078125 0.048828125
1 0.427978515625 0.4111328125 0.00927734375 0.05078125
1 0.406494140625 0.4150390625 0.00927734375 0.044921875
1 0.352294921875 0.388671875 0.00439453125 0.0078125
1 0.35107421875 0.41748046875 0.005859375 0.0556640625
1 0.3564453125 0.41552734375 0.0087890625 0.0693359375
1 0.345947265625 0.416015625 0.01025390625 0.0703125
1 0.336669921875 0.400390625 0.00634765625 0.015625
1 0.277587890625 0.4150390625 0.00732421875 0.056640625
1 0.2041015625 0.4375 0.0068359375 0.048828125
1 0.178466796875 0.4287109375 0.01220703125 0.07421875
1 0.165771484375 0.4345703125 0.00634765625 0.06640625
1 0.170166015625 0.431640625 0.01416015625 0.0703125
1 0.109130859375 0.42724609375 0.00927734375 0.0810546875
1 0.097900390625 0.40966796875 0.00439453125 0.0224609375
1 0.092529296875 0.43994140625 0.01513671875 0.0751953125
1 0.102783203125 0.43212890625 0.01806640625 0.0869140625
1 0.366943359375 0.419921875 0.01123046875 0.05859375
1 0.070068359375 0.412109375 0.00732421875 0.01171875
1 0.06201171875 0.43994140625 0.0107421875 0.0869140625
1 0.02783203125 0.458984375 0.0107421875 0.056640625
1 0.015869140625 0.458984375 0.01318359375 0.0625
1 0.537841796875 0.41064453125 0.01220703125 0.0654296875
1 0.67041015625 0.38671875 0.0078125 0.025390625
1 0.674072265625 0.42919921875 0.00048828125 0.0166015625
1 0.6767578125 0.408203125 0.0107421875 0.060546875
1 0.583251953125 0.41357421875 0.01123046875 0.0615234375
1 0.58984375 0.40869140625 0.0146484375 0.0712890625
1 0.6943359375 0.4013671875 0.01171875 0.06640625
1 0.692138671875 0.4013671875 0.01123046875 0.068359375
1 0.700927734375 0.4091796875 0.00927734375 0.052734375
1 0.71875 0.38916015625 0.0068359375 0.0322265625
1 0.7138671875 0.3935546875 0.0087890625 0.02734375
1 0.74267578125 0.39501953125 0.0068359375 0.0517578125
1 0.734619140625 0.39794921875 0.01416015625 0.0791015625
1 0.755859375 0.37939453125 0.0078125 0.0498046875
1 0.74853515625 0.40087890625 0.0146484375 0.0712890625
1 0.761962890625 0.3955078125 0.00927734375 0.0703125
1 0.769287109375 0.39208984375 0.00927734375 0.0712890625
1 0.7822265625 0.39501953125 0.009765625 0.0595703125
1 0.795654296875 0.39111328125 0.01318359375 0.0634765625
1 0.804443359375 0.39013671875 0.00830078125 0.0556640625
1 0.806884765625 0.37744140625 0.00537109375 0.0361328125
1 0.810302734375 0.390625 0.00830078125 0.0625
1 0.812744140625 0.3935546875 0.00732421875 0.0625
1 0.86181640625 0.36572265625 0.0068359375 0.0322265625
1 0.855224609375 0.37890625 0.00927734375 0.046875
1 0.88525390625 0.38330078125 0.01171875 0.0634765625
1 0.907958984375 0.3779296875 0.01220703125 0.0625
2 0.30078125 0.41796875 0.0107421875 0.052734375
1 0.331787109375 0.41748046875 0.00732421875 0.0576171875
1 0.19580078125 0.431640625 0.009765625 0.0625
1 0.852294921875 0.361328125 0.00439453125 0.01171875
1 0.4208984375 0.41357421875 0.0068359375 0.0478515625
1 0.017333984375 0.46533203125 0.01416015625 0.0576171875
4 0.086181640625 0.44140625 0.00537109375 0.01171875
5 0 0 0 0
5 0 0 0 0
