1 0.775390625 0.39697265625 0.013671875 0.0498046875
1 0.4765625 0.3984375 0.00390625 0.017578125
1 0.595947265625 0.412109375 0.00927734375 0.044921875
1 0.61572265625 0.4111328125 0.0078125 0.04296875
1 0.605224609375 0.404296875 0.00439453125 0.02734375
1 0.692626953125 0.384765625 0.00537109375 0.0703125
1 0.675048828125 0.38232421875 0.00927734375 0.0810546875
1 0.736328125 0.38623046875 0.0166015625 0.0712890625
1 0.794677734375 0.3828125 0.02685546875 0.078125
1 0.843505859375 0.37353515625 0.03271484375 0.0947265625
1 0.8642578125 0.3740234375 0.017578125 0.095703125
1 0.87744140625 0.37646484375 0.0224609375 0.1259765625
1 0.92236328125 0.37939453125 0.025390625 0.0498046875
1 0.9609375 0.376953125 0.0263671875 0.048828125
4 0.993408203125 0.3818359375 0.00830078125 0.029296875
1 0.2041015625 0.36279296875 0.0068359375 0.0146484375
1 0.059814453125 0.36962890625 0.01025390625 0.0439453125
1 0.031982421875 0.376953125 0.01318359375 0.048828125
1 0.015625 0.37841796875 0.0146484375 0.0458984375
1 0.24462890625 0.37890625 0.0087890625 0.0234375
1 0.469970703125 0.3955078125 0.00341796875 0.021484375
0 0.731201171875 0.31640625 0.00634765625 0.009765625
0 0.50439453125 0.38720703125 0.00390625 0.0087890625
5 0 0 0 0
5 0 0 0 0
5 0 0 0 0
5 0 0 0 0
