1 0.640869140625 0.3583984375 0.00634765625 0.029296875
1 0.699462890625 0.35986328125 0.00634765625 0.0263671875
1 0.81005859375 0.38623046875 0.0048828125 0.0166015625
1 0.805908203125 0.3828125 0.00537109375 0.017578125
1 0.8017578125 0.38427734375 0.0068359375 0.0107421875
1 0.767333984375 0.3818359375 0.00537109375 0.015625
1 0.77490234375 0.37939453125 0.0087890625 0.0146484375
1 0.71875 0.37548828125 0.0068359375 0.0107421875
1 0.68701171875 0.43505859375 0.0185546875 0.1689453125
1 0.579345703125 0.4365234375 0.03466796875 0.16796875
4 0.99072265625 0.39208984375 0.013671875 0.1435546875
1 0.408935546875 0.34326171875 0.00830078125 0.0400390625
1 0.420166015625 0.35693359375 0.00634765625 0.0263671875
1 0.446533203125 0.3583984375 0.00927734375 0.044921875
1 0.47265625 0.4306640625 0.0224609375 0.166015625
1 0.46484375 0.44287109375 0.0302734375 0.1611328125
1 0.418701171875 0.41552734375 0.00634765625 0.0322265625
1 0.470703125 0.4375 0.03515625 0.197265625
1 0.435791015625 0.44921875 0.03759765625 0.16015625
1 0.43701171875 0.43408203125 0.0458984375 0.2236328125
1 0.516357421875 0.435546875 0.03173828125 0.15625
1 0.52880859375 0.42822265625 0.037109375 0.1826171875
1 0.35009765625 0.33349609375 0.0048828125 0.0166015625
1 0.3447265625 0.33935546875 0.009765625 0.0341796875
1 0.33642578125 0.34619140625 0.01171875 0.0400390625
1 0.3564453125 0.33154296875 0.0048828125 0.0107421875
1 0.36962890625 0.33154296875 0.0068359375 0.0166015625
1 0.378662109375 0.3369140625 0.00830078125 0.021484375
1 0.38623046875 0.3515625 0.009765625 0.05078125
1 0.367431640625 0.34228515625 0.01123046875 0.0361328125
1 0.312255859375 0.35205078125 0.00341796875 0.0400390625
1 0.3193359375 0.341796875 0.005859375 0.009765625
1 0.328369140625 0.36181640625 0.01318359375 0.0537109375
1 0.3681640625 0.34765625 0.0068359375 0.017578125
1 0.338134765625 0.421875 0.02001953125 0.15234375
1 0.337890625 0.44140625 0.0205078125 0.134765625
1 0.368408203125 0.369140625 0.00830078125 0.03125
1 0.3515625 0.43408203125 0.0205078125 0.1572265625
1 0.364501953125 0.376953125 0.00830078125 0.03515625
1 0.385986328125 0.421875 0.01611328125 0.146484375
1 0.395263671875 0.4267578125 0.02197265625 0.15625
1 0.38134765625 0.4296875 0.02734375 0.166015625
1 0.360595703125 0.43310546875 0.03662109375 0.1962890625
1 0.060546875 0.34228515625 0.00390625 0.0341796875
1 0.0517578125 0.35693359375 0.0107421875 0.0615234375
1 0.068603515625 0.326171875 0.01416015625 0.05859375
1 0.125 0.333984375 0.0078125 0.05078125
1 0.11962890625 0.34423828125 0.01171875 0.0947265625
1 0.083984375 0.34716796875 0.009765625 0.0810546875
1 0.090087890625 0.3466796875 0.01220703125 0.080078125
1 0.099609375 0.3125 0.015625 0.044921875
1 0.11083984375 0.31982421875 0.017578125 0.0556640625
1 0.1328125 0.326171875 0.01171875 0.064453125
1 0.099365234375 0.3701171875 0.02099609375 0.1015625
1 0.154052734375 0.32080078125 0.01318359375 0.0517578125
1 0.112060546875 0.3935546875 0.02587890625 0.146484375
1 0.169677734375 0.3408203125 0.01025390625 0.044921875
1 0.161376953125 0.3994140625 0.01318359375 0.12109375
1 0.147216796875 0.392578125 0.02587890625 0.154296875
1 0.1298828125 0.40087890625 0.01953125 0.1337890625
1 0.169677734375 0.3935546875 0.01416015625 0.087890625
1 0.0419921875 0.404296875 0.0205078125 0.13671875
1 0.026611328125 0.40380859375 0.03271484375 0.1572265625
1 0.07080078125 0.4052734375 0.029296875 0.1484375
1 0.290283203125 0.3369140625 0.00537109375 0.0234375
1 0.26318359375 0.337890625 0.01171875 0.044921875
1 0.248046875 0.32958984375 0.0087890625 0.0205078125
1 0.224853515625 0.326171875 0.00537109375 0.013671875
1 0.232666015625 0.32470703125 0.00244140625 0.0068359375
1 0.228515625 0.33203125 0.0078125 0.025390625
1 0.20361328125 0.34375 0.0087890625 0.03515625
1 0.206298828125 0.3486328125 0.00927734375 0.029296875
1 0.19580078125 0.32861328125 0.0166015625 0.0556640625
1 0.234375 0.3349609375 0.0126953125 0.0390625
1 0.21923828125 0.33447265625 0.0126953125 0.0263671875
1 0.19189453125 0.412109375 0.013671875 0.185546875
1 0.274169921875 0.33642578125 0.01318359375 0.0419921875
1 0.25927734375 0.40185546875 0.0185546875 0.1357421875
1 0.213134765625 0.416015625 0.02392578125 0.150390625
1 0.265380859375 0.41357421875 0.02001953125 0.1416015625
1 0.206298828125 0.43408203125 0.01025390625 0.1123046875
1 0.297607421875 0.39697265625 0.01806640625 0.1259765625
1 0.28271484375 0.42333984375 0.03515625 0.1826171875
1 0.246826171875 0.43115234375 0.03466796875 0.1923828125
1 0.240478515625 0.43310546875 0.04150390625 0.2041015625
1 0.194580078125 0.443359375 0.03564453125 0.173828125
1 0.179443359375 0.4423828125 0.03564453125 0.1796875
1 0.21728515625 0.4423828125 0.041015625 0.19921875
1 0.319091796875 0.4384765625 0.03271484375 0.189453125
2 0.64501953125 0.40771484375 0.0146484375 0.0283203125
2 0.700439453125 0.42041015625 0.01904296875 0.1162109375
0 0.8916015625 0.32373046875 0.0419921875 0.0185546875
0 0.8193359375 0.3798828125 0.0107421875 0.0234375
0 0.614501953125 0.32080078125 0.00537109375 0.0205078125
