1 0.4072265625 0.40966796875 0.01953125 0.1318359375
1 0.377197265625 0.40771484375 0.01220703125 0.1201171875
1 0.428466796875 0.40380859375 0.02685546875 0.1416015625
1 0.451904296875 0.40966796875 0.02490234375 0.1298828125
1 0.365478515625 0.41748046875 0.02978515625 0.1455078125
1 0.3916015625 0.40576171875 0.029296875 0.1669921875
1 0.1640625 0.41552734375 0.0078125 0.0166015625
1 0.554931640625 0.4052734375 0.01220703125 0.060546875
1 0.54296875 0.4033203125 0.015625 0.0859375
1 0.607177734375 0.412109375 0.00830078125 0.0390625
1 0.598388671875 0.4072265625 0.00927734375 0.048828125
1 0.737060546875 0.39306640625 0.01123046875 0.0556640625
1 0.65234375 0.40673828125 0.009765625 0.0498046875
1 0.561767578125 0.39990234375 0.02001953125 0.0966796875
1 0.0458984375 0.4091796875 0.01171875 0.048828125
1 0.060791015625 0.40478515625 0.00830078125 0.0263671875
2 0.205810546875 0.400390625 0.01220703125 0.1171875
2 0.266845703125 0.392578125 0.02490234375 0.123046875
2 0.481689453125 0.3974609375 0.01220703125 0.05859375
2 0.49560546875 0.39501953125 0.0146484375 0.0712890625
0 0.821533203125 0.38720703125 0.00732421875 0.0185546875
0 0.799072265625 0.369140625 0.02001953125 0.037109375
0 0.931884765625 0.36962890625 0.01513671875 0.0244140625
0 0.521240234375 0.3828125 0.00732421875 0.03125
0 0.712646484375 0.39306640625 0.03564453125 0.0478515625
0 0.665771484375 0.3837890625 0.02294921875 0.0234375
0 0.139404296875 0.36328125 0.01708984375 0.046875
0 0.29296875 0.3740234375 0.005859375 0.025390625
0 0.302978515625 0.3798828125 0.01025390625 0.052734375
