1 0.41552734375 0.43408203125 0.00390625 0.0185546875
1 0.392822265625 0.42626953125 0.00341796875 0.0068359375
1 0.394775390625 0.44384765625 0.00341796875 0.0263671875
1 0.397705078125 0.44189453125 0.00439453125 0.0302734375
1 0.392333984375 0.4453125 0.00537109375 0.033203125
1 0.42236328125 0.43505859375 0.00390625 0.0205078125
1 0.438232421875 0.43408203125 0.00439453125 0.0107421875
1 0.43212890625 0.43359375 0.00390625 0.017578125
1 0.434326171875 0.43701171875 0.00341796875 0.0126953125
1 0.429443359375 0.44677734375 0.00146484375 0.0224609375
1 0.48046875 0.43408203125 0.0029296875 0.0185546875
1 0.489501953125 0.43408203125 0.00439453125 0.0224609375
1 0.49560546875 0.43359375 0.0029296875 0.01953125
1 0.49951171875 0.43115234375 0.0048828125 0.0224609375
1 0.510009765625 0.4345703125 0.00341796875 0.01953125
1 0.520263671875 0.43408203125 0.00244140625 0.0166015625
1 0.517822265625 0.43212890625 0.00341796875 0.0146484375
1 0.53515625 0.4404296875 0.0048828125 0.02734375
1 0.54296875 0.4384765625 0.0029296875 0.02734375
1 0.540771484375 0.44140625 0.00537109375 0.02734375
1 0.546875 0.43994140625 0.0048828125 0.0263671875
1 0.555908203125 0.4345703125 0.00537109375 0.01953125
1 0.55126953125 0.4287109375 0.00390625 0.0078125
1 0.551513671875 0.44970703125 0.00732421875 0.0380859375
1 0.567626953125 0.4326171875 0.00341796875 0.015625
1 0.57080078125 0.43115234375 0.00390625 0.0185546875
1 0.573486328125 0.44140625 0.00244140625 0.021484375
1 0.569580078125 0.45068359375 0.00732421875 0.0380859375
1 0.5615234375 0.4619140625 0.0146484375 0.0703125
1 0.601806640625 0.470703125 0.00341796875 0.037109375
1 0.5986328125 0.46337890625 0.005859375 0.0498046875
1 0.6181640625 0.455078125 0.0068359375 0.072265625
1 0.621826171875 0.44677734375 0.01123046875 0.0888671875
1 0.60693359375 0.4462890625 0.0185546875 0.08984375
1 0.660888671875 0.4765625 0.00537109375 0.029296875
1 0.656494140625 0.44287109375 0.00830078125 0.0888671875
1 0.6328125 0.43359375 0.025390625 0.125
1 0.687744140625 0.4775390625 0.00439453125 0.033203125
1 0.646484375 0.46923828125 0.0048828125 0.0322265625
1 0.648193359375 0.43994140625 0.01611328125 0.1142578125
1 0.688232421875 0.43994140625 0.01513671875 0.1162109375
1 0.681884765625 0.43603515625 0.00439453125 0.1044921875
1 0.662353515625 0.43603515625 0.01318359375 0.1162109375
1 0.672607421875 0.4326171875 0.02392578125 0.1328125
1 0.698486328125 0.4423828125 0.00830078125 0.11328125
1 0.75244140625 0.443359375 0.0087890625 0.12109375
1 0.743408203125 0.44775390625 0.01513671875 0.1083984375
1 0.779296875 0.44384765625 0.009765625 0.1201171875
1 0.771728515625 0.43994140625 0.01806640625 0.1240234375
1 0.805419921875 0.43994140625 0.01806640625 0.1298828125
1 0.764404296875 0.43701171875 0.02490234375 0.1357421875
1 0.728515625 0.43115234375 0.0234375 0.1552734375
1 0.7080078125 0.43994140625 0.0283203125 0.1396484375
1 0.791259765625 0.4404296875 0.02880859375 0.146484375
1 0.83154296875 0.43408203125 0.0380859375 0.2197265625
2 0.337158203125 0.44482421875 0.00830078125 0.0205078125
2 0.34375 0.4462890625 0.0078125 0.017578125
2 0.5146484375 0.46044921875 0.0126953125 0.0615234375
2 0.52734375 0.45849609375 0.013671875 0.0673828125
