1 0.6376953125 0.37939453125 0.005859375 0.0283203125
1 0.641357421875 0.37890625 0.00732421875 0.021484375
1 0.724853515625 0.365234375 0.00634765625 0.01953125
1 0.719482421875 0.36474609375 0.00634765625 0.0185546875
1 0.71337890625 0.369140625 0.0078125 0.0234375
1 0.77783203125 0.470703125 0.0625 0.357421875
1 0.803955078125 0.46826171875 0.08154296875 0.3974609375
1 0.533447265625 0.3896484375 0.00537109375 0.015625
1 0.5146484375 0.453125 0.0693359375 0.349609375
1 0.508544921875 0.484375 0.06884765625 0.33984375
1 0.326171875 0.4140625 0.00390625 0.0234375
1 0.264404296875 0.41162109375 0.00634765625 0.0400390625
1 0.366455078125 0.462890625 0.05419921875 0.279296875
1 0.350341796875 0.4697265625 0.06005859375 0.29296875
1 0.40087890625 0.455078125 0.05078125 0.365234375
1 0.449462890625 0.4970703125 0.08447265625 0.412109375
1 0.411865234375 0.5166015625 0.08837890625 0.431640625
1 0.6337890625 0.51611328125 0.0234375 0.1298828125
1 0.61181640625 0.46044921875 0.060546875 0.3857421875
1 0.269287109375 0.41455078125 0.00830078125 0.0400390625
1 0.277587890625 0.41162109375 0.00830078125 0.0458984375
1 0.31298828125 0.478515625 0.0537109375 0.302734375
1 0.208984375 0.4677734375 0.0302734375 0.296875
1 0.1787109375 0.42529296875 0.0107421875 0.0517578125
1 0.248779296875 0.4658203125 0.08642578125 0.4453125
1 0.16064453125 0.46923828125 0.0283203125 0.2392578125
1 0.1494140625 0.5 0.0517578125 0.41796875
1 0.199462890625 0.494140625 0.04443359375 0.287109375
1 0.16064453125 0.572265625 0.021484375 0.087890625
4 0.01416015625 0.71435546875 0.0224609375 0.0908203125
1 0.197265625 0.50537109375 0.095703125 0.4658203125
1 0.095947265625 0.49365234375 0.07861328125 0.4482421875
1 0.131103515625 0.51513671875 0.10009765625 0.4853515625
1 0.67431640625 0.46142578125 0.0654296875 0.3193359375
2 0.3125 0.40087890625 0.005859375 0.0263671875
2 0.318115234375 0.41455078125 0.01025390625 0.0498046875
0 0.978515625 0.3720703125 0.021484375 0.041015625
0 0.923095703125 0.359375 0.01318359375 0.04296875
5 0 0 0 0
5 0 0 0 0
5 0 0 0 0
