1 0.638427734375 0.37548828125 0.00439453125 0.0302734375
1 0.72265625 0.365234375 0.001953125 0.009765625
1 0.728271484375 0.3623046875 0.00244140625 0.005859375
1 0.73486328125 0.38525390625 0.0107421875 0.0517578125
1 0.74853515625 0.37744140625 0.0078125 0.0400390625
1 0.76025390625 0.375 0.0048828125 0.03515625
1 0.755859375 0.37841796875 0.0107421875 0.0517578125
1 0.776123046875 0.375 0.00537109375 0.0390625
1 0.77099609375 0.37744140625 0.0048828125 0.0439453125
1 0.778564453125 0.375 0.00634765625 0.02734375
1 0.797119140625 0.376953125 0.00927734375 0.044921875
1 0.8486328125 0.36572265625 0.01171875 0.0283203125
1 0.863525390625 0.36767578125 0.00634765625 0.0224609375
1 0.876953125 0.3662109375 0.005859375 0.021484375
1 0.869140625 0.36474609375 0.013671875 0.0263671875
1 0.89111328125 0.36083984375 0.0087890625 0.0380859375
1 0.8837890625 0.36181640625 0.015625 0.0341796875
1 0.903564453125 0.36328125 0.00927734375 0.033203125
1 0.909423828125 0.3603515625 0.00439453125 0.025390625
1 0.917724609375 0.35498046875 0.00830078125 0.0283203125
1 0.91455078125 0.35888671875 0.009765625 0.0283203125
1 0.925048828125 0.35546875 0.00830078125 0.033203125
1 0.936279296875 0.36962890625 0.01123046875 0.0595703125
1 0.962646484375 0.34619140625 0.00732421875 0.0263671875
1 0.971435546875 0.37255859375 0.01220703125 0.0615234375
1 0.95751953125 0.361328125 0.0126953125 0.03515625
1 0.70751953125 0.40576171875 0.009765625 0.0791015625
1 0.71826171875 0.3798828125 0.0185546875 0.060546875
1 0.744140625 0.408203125 0.0185546875 0.123046875
1 0.702880859375 0.412109375 0.02392578125 0.115234375
1 0.667724609375 0.4267578125 0.01611328125 0.080078125
1 0.675048828125 0.41455078125 0.02001953125 0.1025390625
1 0.634521484375 0.37744140625 0.00439453125 0.0302734375
1 0.598388671875 0.380859375 0.00439453125 0.021484375
1 0.591552734375 0.37939453125 0.00439453125 0.0224609375
1 0.541015625 0.38037109375 0.0029296875 0.0185546875
1 0.566162109375 0.4091796875 0.01416015625 0.103515625
1 0.572509765625 0.41259765625 0.02392578125 0.1162109375
1 0.5810546875 0.416015625 0.0263671875 0.12890625
1 0.53515625 0.40869140625 0.0244140625 0.1181640625
1 0.474365234375 0.40380859375 0.01123046875 0.1103515625
1 0.4697265625 0.41259765625 0.0205078125 0.1103515625
1 0.44677734375 0.39990234375 0.015625 0.0810546875
1 0.154541015625 0.38720703125 0.01318359375 0.0302734375
1 0.12548828125 0.3994140625 0.0087890625 0.015625
1 0.1162109375 0.400390625 0.0087890625 0.021484375
1 0.1064453125 0.40283203125 0.0126953125 0.0224609375
1 0.51220703125 0.4169921875 0.0224609375 0.109375
1 0.072998046875 0.4140625 0.00927734375 0.048828125
1 0.1376953125 0.39501953125 0.0107421875 0.0205078125
1 0.022216796875 0.44580078125 0.03076171875 0.1552734375
4 0.00830078125 0.47509765625 0.0107421875 0.0966796875
2 0.6171875 0.37841796875 0.0048828125 0.0224609375
2 0.608642578125 0.3798828125 0.00537109375 0.025390625
1 0.789306640625 0.39111328125 0.02197265625 0.0966796875
1 0.44921875 0.3994140625 0.0146484375 0.095703125
5 0 0 0 0
5 0 0 0 0
5 0 0 0 0
5 0 0 0 0
5 0 0 0 0
5 0 0 0 0
5 0 0 0 0
5 0 0 0 0
5 0 0 0 0
