1 0.32666015625 0.44384765625 0.005859375 0.0341796875
3 0.00927734375 0.4375 0.0087890625 0.04296875
3 0.017333984375 0.4375 0.01318359375 0.04296875
1 0.05029296875 0.43701171875 0.02734375 0.1337890625
1 0.12841796875 0.4423828125 0.0283203125 0.13671875
1 0.08984375 0.43505859375 0.029296875 0.1513671875
1 0.63720703125 0.44384765625 0.0068359375 0.0361328125
1 0.649169921875 0.4462890625 0.00634765625 0.03125
1 0.825927734375 0.42236328125 0.01220703125 0.0654296875
1 0.88720703125 0.42724609375 0.0068359375 0.1005859375
4 0.880859375 0.4541015625 0.0029296875 0.015625
4 0.90869140625 0.4208984375 0.009765625 0.041015625
1 0.875244140625 0.42822265625 0.02001953125 0.0986328125
4 0.90625 0.44140625 0.0048828125 0.03125
1 0.9462890625 0.421875 0.0146484375 0.099609375
1 0.975830078125 0.41943359375 0.01904296875 0.1162109375
1 0.927978515625 0.39697265625 0.01318359375 0.0673828125
2 0.657958984375 0.43212890625 0.00927734375 0.0439453125
0 0.4453125 0.41162109375 0.0107421875 0.0361328125
