3 0.893798828125 0.42822265625 0.00732421875 0.0166015625
3 0.8681640625 0.42822265625 0.0107421875 0.0380859375
1 0.884765625 0.41845703125 0.0029296875 0.0146484375
1 0.888671875 0.42529296875 0.00390625 0.0166015625
1 0.88134765625 0.41552734375 0.00390625 0.0087890625
3 0.88134765625 0.43701171875 0.0263671875 0.0595703125
3 0.7080078125 0.45361328125 0.0234375 0.0556640625
3 0.712646484375 0.43115234375 0.01416015625 0.0439453125
3 0.646484375 0.45263671875 0.005859375 0.0458984375
1 0.771240234375 0.43115234375 0.02783203125 0.1708984375
1 0.592041015625 0.44189453125 0.00634765625 0.0712890625
1 0.60693359375 0.44580078125 0.01171875 0.0849609375
1 0.5966796875 0.4482421875 0.015625 0.083984375
1 0.942626953125 0.4404296875 0.03369140625 0.1796875
1 0.914306640625 0.43115234375 0.03369140625 0.1943359375
1 0.6591796875 0.42724609375 0.0322265625 0.1826171875
1 0.66455078125 0.44189453125 0.029296875 0.1572265625
3 0.58203125 0.4306640625 0.0068359375 0.048828125
1 0.695068359375 0.43212890625 0.03076171875 0.1806640625
1 0.558349609375 0.44384765625 0.00830078125 0.0888671875
1 0.63427734375 0.41650390625 0.029296875 0.2080078125
1 0.571533203125 0.423828125 0.03369140625 0.169921875
1 0.46875 0.412109375 0.01171875 0.0390625
1 0.489990234375 0.431640625 0.02587890625 0.162109375
1 0.516845703125 0.43017578125 0.03271484375 0.1767578125
1 0.56787109375 0.4326171875 0.025390625 0.173828125
1 0.544189453125 0.4326171875 0.02783203125 0.169921875
1 0.301025390625 0.4111328125 0.00537109375 0.021484375
1 0.290283203125 0.41650390625 0.00927734375 0.0283203125
1 0.30615234375 0.41162109375 0.01171875 0.0205078125
1 0.296875 0.41650390625 0.0068359375 0.0185546875
1 0.28125 0.4130859375 0.009765625 0.03125
3 0.2734375 0.41943359375 0.0068359375 0.0263671875
1 0.264404296875 0.4169921875 0.01318359375 0.044921875
1 0.111572265625 0.400390625 0.00341796875 0.013671875
1 0.10546875 0.408203125 0.009765625 0.033203125
1 0.123779296875 0.40087890625 0.01025390625 0.0322265625
1 0.112548828125 0.40869140625 0.01123046875 0.0283203125
4 0.00341796875 0.4169921875 0.0009765625 0.00390625
1 0.768798828125 0.37646484375 0.00830078125 0.0146484375
