1 0.480224609375 0.39453125 0.00537109375 0.017578125
1 0.459228515625 0.3837890625 0.00439453125 0.009765625
1 0.453857421875 0.38720703125 0.00244140625 0.0087890625
1 0.40283203125 0.3857421875 0.005859375 0.017578125
1 0.393798828125 0.3935546875 0.00732421875 0.03125
1 0.3994140625 0.3857421875 0.0078125 0.015625
1 0.35009765625 0.37353515625 0.009765625 0.0146484375
1 0.158935546875 0.482421875 0.01708984375 0.05078125
3 0.022216796875 0.46337890625 0.03857421875 0.1630859375
1 0.182861328125 0.41845703125 0.03564453125 0.1787109375
1 0.148193359375 0.42822265625 0.02783203125 0.1787109375
1 0.11962890625 0.42236328125 0.0322265625 0.1845703125
1 0.09765625 0.43115234375 0.025390625 0.1767578125
1 0.11572265625 0.44091796875 0.029296875 0.1689453125
1 0.1630859375 0.44091796875 0.0302734375 0.1650390625
1 0.545166015625 0.4111328125 0.03955078125 0.193359375
1 0.61181640625 0.4169921875 0.0341796875 0.16796875
0 0.938720703125 0.306640625 0.01708984375 0.05078125
0 0.046142578125 0.32763671875 0.00732421875 0.0185546875
0 0.22509765625 0.4228515625 0.0107421875 0.123046875
