1 0.49267578125 0.4091796875 0.0048828125 0.0234375
1 0.46728515625 0.40380859375 0.00390625 0.0107421875
1 0.092041015625 0.3837890625 0.01904296875 0.041015625
1 0.353759765625 0.42578125 0.02880859375 0.140625
1 0.91845703125 0.4140625 0.025390625 0.16796875
1 0.072265625 0.384765625 0.021484375 0.0546875
1 0.759521484375 0.34326171875 0.02978515625 0.2626953125
1 0.750732421875 0.45556640625 0.05712890625 0.3076171875
1 0.9638671875 0.37939453125 0.0234375 0.1123046875
1 0.848876953125 0.45703125 0.06396484375 0.376953125
2 0.40673828125 0.43359375 0.02734375 0.1328125
