1 0.318603515625 0.4091796875 0.01904296875 0.09375
1 0.49169921875 0.40966796875 0.0146484375 0.0712890625
1 0.473388671875 0.416015625 0.00830078125 0.0546875
1 0.458984375 0.39697265625 0.0107421875 0.0595703125
1 0.464599609375 0.4033203125 0.01220703125 0.05859375
1 0.435791015625 0.3828125 0.01416015625 0.02734375
1 0.43212890625 0.40087890625 0.009765625 0.0654296875
1 0.396484375 0.404296875 0.0087890625 0.0703125
1 0.404296875 0.41943359375 0.013671875 0.0791015625
1 0.33837890625 0.41162109375 0.0166015625 0.0986328125
1 0.279052734375 0.384765625 0.00439453125 0.0234375
1 0.284423828125 0.38671875 0.00439453125 0.025390625
1 0.290283203125 0.38671875 0.00439453125 0.0234375
2 0.45263671875 0.41650390625 0.017578125 0.0869140625
2 0.43505859375 0.4267578125 0.013671875 0.087890625
2 0.37060546875 0.41015625 0.0185546875 0.08984375
2 0.58544921875 0.39990234375 0.009765625 0.0556640625
1 0.41552734375 0.4228515625 0.0087890625 0.05078125
