1 0.757080078125 0.40234375 0.01806640625 0.109375
1 0.736328125 0.40380859375 0.021484375 0.1103515625
1 0.71826171875 0.40283203125 0.01953125 0.1162109375
1 0.80224609375 0.3837890625 0.01171875 0.09375
1 0.786865234375 0.34814453125 0.00634765625 0.0205078125
1 0.791015625 0.396484375 0.0244140625 0.119140625
1 0.306884765625 0.3955078125 0.00732421875 0.041015625
1 0.3349609375 0.39404296875 0.01171875 0.0361328125
2 0.69970703125 0.39990234375 0.0244140625 0.1181640625
2 0.585205078125 0.412109375 0.05224609375 0.255859375
2 0.298095703125 0.3984375 0.01220703125 0.041015625
2 0.251953125 0.41064453125 0.015625 0.0771484375
1 0.317626953125 0.39599609375 0.01220703125 0.0361328125
0 0.123046875 0.29736328125 0.0244140625 0.0283203125
0 0.7646484375 0.3388671875 0.0048828125 0.015625
