1 0.010009765625 0.3486328125 0.01318359375 0.048828125
1 0.776611328125 0.42138671875 0.03173828125 0.1845703125
1 0.5576171875 0.36279296875 0.00390625 0.0166015625
1 0.549072265625 0.365234375 0.00634765625 0.021484375
1 0.4599609375 0.35888671875 0.0068359375 0.0087890625
1 0.4501953125 0.3583984375 0.005859375 0.009765625
1 0.611328125 0.36669921875 0.0078125 0.0185546875
2 0.510986328125 0.3896484375 0.01904296875 0.09375
2 0.533447265625 0.39990234375 0.02294921875 0.1103515625
1 0.593505859375 0.365234375 0.01025390625 0.029296875
1 0.60791015625 0.369140625 0.005859375 0.025390625
1 0.568115234375 0.365234375 0.00732421875 0.021484375
0 0.79443359375 0.31103515625 0.0419921875 0.0478515625
0 0.991943359375 0.36767578125 0.01416015625 0.1416015625
0 0.445556640625 0.32080078125 0.00244140625 0.0068359375
0 0.53466796875 0.322265625 0.0029296875 0.009765625
