1 0.3671875 0.390625 0.0087890625 0.025390625
1 0.387939453125 0.39697265625 0.01025390625 0.0400390625
3 0.281005859375 0.4140625 0.00634765625 0.025390625
1 0.321044921875 0.38818359375 0.01123046875 0.0166015625
1 0.314453125 0.392578125 0.0087890625 0.013671875
1 0.615234375 0.37158203125 0.001953125 0.0029296875
1 0.626220703125 0.37109375 0.00634765625 0.0078125
1 0.640625 0.37353515625 0.0029296875 0.0126953125
1 0.715087890625 0.365234375 0.00537109375 0.005859375
1 0.74072265625 0.3828125 0.0078125 0.04296875
1 0.75 0.40234375 0.017578125 0.087890625
1 0.758544921875 0.35498046875 0.00830078125 0.0283203125
1 0.774169921875 0.35888671875 0.00732421875 0.0185546875
1 0.76123046875 0.4091796875 0.02734375 0.1484375
1 0.784912109375 0.4052734375 0.02978515625 0.15234375
1 0.83349609375 0.38916015625 0.0205078125 0.1337890625
1 0.822021484375 0.38525390625 0.02392578125 0.1474609375
1 0.877685546875 0.34814453125 0.04052734375 0.1005859375
1 0.904541015625 0.34619140625 0.00927734375 0.0185546875
1 0.914306640625 0.3388671875 0.01416015625 0.017578125
1 0.975341796875 0.31884765625 0.01416015625 0.0126953125
1 0.8505859375 0.38671875 0.044921875 0.130859375
3 0.08935546875 0.42919921875 0.0087890625 0.0322265625
3 0.09326171875 0.439453125 0.0107421875 0.04296875
3 0.103759765625 0.44775390625 0.02001953125 0.0791015625
3 0.22607421875 0.408203125 0.0107421875 0.0234375
3 0.232177734375 0.41259765625 0.00634765625 0.0126953125
3 0.240478515625 0.41162109375 0.00830078125 0.0166015625
1 0.25341796875 0.3984375 0.0087890625 0.01953125
3 0.24755859375 0.41162109375 0.0078125 0.0205078125
3 0.260498046875 0.42041015625 0.00732421875 0.0283203125
3 0.26708984375 0.41552734375 0.0107421875 0.0322265625
3 0.25244140625 0.421875 0.0126953125 0.041015625
3 0.18505859375 0.41650390625 0.009765625 0.0322265625
3 0.1923828125 0.41796875 0.0068359375 0.03125
3 0.198486328125 0.41845703125 0.01220703125 0.0302734375
3 0.20654296875 0.423828125 0.0078125 0.041015625
3 0.173828125 0.41943359375 0.01171875 0.0302734375
3 0.188232421875 0.435546875 0.02392578125 0.0625
3 0.212646484375 0.44189453125 0.02392578125 0.0791015625
1 0.13037109375 0.43359375 0.0439453125 0.279296875
0 0.57470703125 0.35498046875 0.0048828125 0.0107421875
0 0.492431640625 0.2724609375 0.00341796875 0.009765625
5 0 0 0 0
5 0 0 0 0
