1 0.610107421875 0.3603515625 0.00927734375 0.017578125
1 0.597900390625 0.365234375 0.00732421875 0.009765625
1 0.60546875 0.36328125 0.0048828125 0.013671875
1 0.600830078125 0.36279296875 0.00732421875 0.0126953125
1 0.61767578125 0.3623046875 0.005859375 0.013671875
1 0.219970703125 0.37109375 0.02001953125 0.041015625
1 0.241455078125 0.3642578125 0.01708984375 0.03125
1 0.26220703125 0.365234375 0.01171875 0.0234375
1 0.185791015625 0.34716796875 0.02197265625 0.0400390625
1 0.149169921875 0.3505859375 0.02197265625 0.033203125
1 0.08935546875 0.4609375 0.056640625 0.310546875
1 0.08740234375 0.4619140625 0.056640625 0.365234375
2 0.44921875 0.388671875 0.0048828125 0.025390625
2 0.4599609375 0.3837890625 0.0048828125 0.01953125
5 0 0 0 0
5 0 0 0 0
