1 0.032470703125 0.38818359375 0.00634765625 0.0146484375
1 0.072021484375 0.41064453125 0.00732421875 0.0595703125
1 0.048828125 0.39111328125 0.0048828125 0.0185546875
1 0.04296875 0.40625 0.0126953125 0.046875
1 0.095947265625 0.41162109375 0.00732421875 0.0615234375
1 0.090087890625 0.408203125 0.01025390625 0.0625
1 0.081298828125 0.4267578125 0.01806640625 0.09765625
1 0.100341796875 0.412109375 0.00830078125 0.0625
1 0.11474609375 0.4091796875 0.0068359375 0.0546875
1 0.119140625 0.41162109375 0.0087890625 0.0498046875
1 0.125732421875 0.41357421875 0.00830078125 0.0478515625
1 0.138916015625 0.42431640625 0.00732421875 0.0693359375
1 0.14697265625 0.41796875 0.0107421875 0.064453125
1 0.132568359375 0.43603515625 0.01611328125 0.0830078125
1 0.161865234375 0.42919921875 0.01416015625 0.0869140625
1 0.177734375 0.4306640625 0.013671875 0.091796875
1 0.175537109375 0.431640625 0.01904296875 0.08984375
1 0.322021484375 0.4296875 0.01025390625 0.0390625
1 0.21923828125 0.4296875 0.005859375 0.09765625
1 0.3984375 0.43212890625 0.0107421875 0.0634765625
1 0.227783203125 0.43310546875 0.01806640625 0.0966796875
1 0.46435546875 0.4404296875 0.0224609375 0.109375
1 0.47998046875 0.39990234375 0.0087890625 0.0537109375
1 0.487060546875 0.4345703125 0.02685546875 0.134765625
1 0.49462890625 0.43310546875 0.0283203125 0.1396484375
1 0.86865234375 0.41650390625 0.005859375 0.0322265625
1 0.876953125 0.41650390625 0.0068359375 0.0302734375
1 0.865234375 0.4345703125 0.01171875 0.0625
1 0.5458984375 0.4677734375 0.0205078125 0.08203125
1 0.822509765625 0.43798828125 0.02685546875 0.1572265625
1 0.807861328125 0.43603515625 0.03173828125 0.1611328125
1 0.51513671875 0.43212890625 0.015625 0.1396484375
1 0.51953125 0.439453125 0.009765625 0.140625
1 0.53271484375 0.4345703125 0.03515625 0.1796875
1 0.56689453125 0.43115234375 0.02734375 0.1416015625
1 0.5400390625 0.43994140625 0.0361328125 0.1767578125
1 0.62939453125 0.43896484375 0.01953125 0.1181640625
1 0.59033203125 0.44140625 0.0234375 0.13671875
1 0.66357421875 0.4287109375 0.0205078125 0.138671875
1 0.68017578125 0.4345703125 0.0263671875 0.12890625
1 0.64697265625 0.43310546875 0.0205078125 0.1396484375
1 0.65771484375 0.431640625 0.0244140625 0.13671875
1 0.658935546875 0.43994140625 0.02490234375 0.1533203125
1 0.7060546875 0.43115234375 0.0341796875 0.1669921875
1 0.72705078125 0.44775390625 0.02734375 0.1591796875
1 0.76611328125 0.44287109375 0.033203125 0.2138671875
1 0.741455078125 0.458984375 0.03662109375 0.18359375
1 0.2529296875 0.4248046875 0.015625 0.04296875
1 0.255126953125 0.43212890625 0.01513671875 0.1044921875
1 0.278564453125 0.42822265625 0.02294921875 0.1103515625
1 0.291015625 0.43310546875 0.0205078125 0.0986328125
1 0.10888671875 0.42138671875 0.0126953125 0.0693359375
0 0.7412109375 0.2666015625 0.009765625 0.021484375
0 0.509033203125 0.26513671875 0.01025390625 0.0322265625
5 0 0 0 0
5 0 0 0 0
5 0 0 0 0
5 0 0 0 0
