4 0.021728515625 0.4580078125 0.03759765625 0.19140625
1 0.2998046875 0.41748046875 0.0029296875 0.0302734375
1 0.327880859375 0.41552734375 0.00244140625 0.0263671875
1 0.3359375 0.41650390625 0.00390625 0.0322265625
1 0.341552734375 0.4140625 0.00537109375 0.02734375
3 0.35595703125 0.41259765625 0.0087890625 0.0244140625
1 0.436767578125 0.38916015625 0.00830078125 0.0166015625
1 0.434326171875 0.4775390625 0.00634765625 0.033203125
1 0.47216796875 0.4482421875 0.03125 0.15234375
1 0.444580078125 0.44384765625 0.03173828125 0.1669921875
1 0.66455078125 0.4521484375 0.0390625 0.189453125
1 0.616455078125 0.44677734375 0.03857421875 0.2001953125
1 0.710693359375 0.439453125 0.03271484375 0.208984375
1 0.88525390625 0.55615234375 0.0361328125 0.0615234375
1 0.927734375 0.45703125 0.0693359375 0.3671875
1 0.87255859375 0.4482421875 0.0556640625 0.392578125
1 0.834716796875 0.4423828125 0.07861328125 0.435546875
1 0.892333984375 0.37548828125 0.01806640625 0.1591796875
0 0.365478515625 0.28466796875 0.00732421875 0.0205078125
0 0.66015625 0.345703125 0.0263671875 0.033203125
0 0.489501953125 0.4306640625 0.00830078125 0.029296875
5 0 0 0 0
