1 0.406005859375 0.404296875 0.00439453125 0.01171875
1 0.759521484375 0.4345703125 0.01220703125 0.056640625
1 0.77978515625 0.43603515625 0.0087890625 0.0498046875
1 0.791015625 0.4453125 0.0185546875 0.09375
1 0.874755859375 0.439453125 0.02197265625 0.1171875
1 0.92822265625 0.41455078125 0.0302734375 0.1298828125
1 0.951904296875 0.47314453125 0.01611328125 0.0927734375
1 0.97509765625 0.443359375 0.03125 0.15234375
1 0.29443359375 0.4150390625 0.017578125 0.107421875
2 0.705322265625 0.41650390625 0.02294921875 0.1103515625
0 0.26025390625 0.40185546875 0.00390625 0.0107421875
