1 0.242919921875 0.42919921875 0.01025390625 0.0498046875
1 0.500732421875 0.44775390625 0.01123046875 0.0888671875
1 0.52294921875 0.44580078125 0.0126953125 0.0888671875
1 0.487548828125 0.4482421875 0.02001953125 0.09765625
1 0.47265625 0.44677734375 0.017578125 0.1083984375
1 0.684814453125 0.41943359375 0.01025390625 0.0498046875
1 0.71142578125 0.41748046875 0.0087890625 0.0458984375
1 0.718017578125 0.41650390625 0.00732421875 0.0458984375
1 0.703125 0.41650390625 0.005859375 0.0439453125
1 0.69677734375 0.41943359375 0.009765625 0.0537109375
1 0.74365234375 0.4169921875 0.0048828125 0.0390625
1 0.792236328125 0.40185546875 0.00537109375 0.0107421875
2 0.781005859375 0.3984375 0.00732421875 0.013671875
0 0.31982421875 0.35400390625 0.0146484375 0.0634765625
0 0.471435546875 0.35205078125 0.01708984375 0.0751953125
0 0.029541015625 0.40087890625 0.00439453125 0.0126953125
0 0.130615234375 0.419921875 0.00439453125 0.01953125
0 0.217041015625 0.43017578125 0.00244140625 0.0205078125
0 0.22265625 0.41357421875 0.0029296875 0.0087890625
0 0.947021484375 0.4443359375 0.02783203125 0.080078125
0 0.765380859375 0.39794921875 0.00634765625 0.0185546875
