1 0.27099609375 0.39111328125 0.005859375 0.0224609375
1 0.260009765625 0.39501953125 0.00537109375 0.0322265625
1 0.264404296875 0.39453125 0.00634765625 0.03515625
1 0.644287109375 0.41357421875 0.00732421875 0.0380859375
1 0.629150390625 0.40625 0.00927734375 0.06640625
1 0.621337890625 0.40234375 0.01025390625 0.072265625
1 0.668701171875 0.4111328125 0.00927734375 0.0546875
1 0.6748046875 0.4091796875 0.01171875 0.056640625
1 0.75341796875 0.4013671875 0.015625 0.11328125
1 0.73974609375 0.3759765625 0.0146484375 0.06640625
1 0.788818359375 0.4013671875 0.01904296875 0.1015625
1 0.811767578125 0.41064453125 0.01708984375 0.1298828125
1 0.80029296875 0.40966796875 0.0244140625 0.1494140625
1 0.840087890625 0.40869140625 0.02392578125 0.1259765625
1 0.8525390625 0.4111328125 0.01953125 0.126953125
1 0.839111328125 0.408203125 0.02392578125 0.138671875
3 0.742431640625 0.43505859375 0.00927734375 0.0634765625
2 0.729248046875 0.404296875 0.02294921875 0.111328125
0 0.08935546875 0.35693359375 0.0185546875 0.0341796875
0 0.183349609375 0.361328125 0.01025390625 0.064453125
0 0.151123046875 0.37646484375 0.00439453125 0.0263671875
0 0.042236328125 0.38671875 0.00830078125 0.025390625
5 0 0 0 0
5 0 0 0 0
5 0 0 0 0
5 0 0 0 0
