1 0.988525390625 0.41748046875 0.01904296875 0.2294921875
1 0.190185546875 0.24462890625 0.00341796875 0.0087890625
1 0.90966796875 0.4296875 0.0185546875 0.201171875
1 0.950927734375 0.427734375 0.02001953125 0.203125
1 0.193359375 0.24609375 0.0029296875 0.005859375
1 0.26953125 0.32275390625 0.00390625 0.0166015625
1 0.036376953125 0.36962890625 0.00341796875 0.0068359375
1 0.04052734375 0.39599609375 0.0048828125 0.0458984375
1 0.047119140625 0.3759765625 0.00732421875 0.015625
1 0.063720703125 0.37744140625 0.00927734375 0.0322265625
1 0.031494140625 0.39306640625 0.01416015625 0.0673828125
1 0.16015625 0.38720703125 0.005859375 0.0498046875
1 0.15576171875 0.38623046875 0.0087890625 0.0576171875
1 0.150146484375 0.38427734375 0.01123046875 0.0615234375
1 0.088623046875 0.390625 0.01123046875 0.0546875
1 0.100830078125 0.38427734375 0.01123046875 0.0419921875
1 0.117919921875 0.38525390625 0.01416015625 0.0693359375
1 0.126708984375 0.388671875 0.01318359375 0.0625
1 0.16748046875 0.3798828125 0.0126953125 0.08203125
1 0.22021484375 0.396484375 0.009765625 0.060546875
1 0.21142578125 0.39453125 0.0126953125 0.0625
1 0.197998046875 0.38427734375 0.01611328125 0.0830078125
1 0.261474609375 0.3857421875 0.01611328125 0.08984375
1 0.245849609375 0.3935546875 0.01513671875 0.07421875
1 0.4873046875 0.380859375 0.015625 0.08984375
1 0.5087890625 0.35693359375 0.00390625 0.0146484375
1 0.47412109375 0.404296875 0.0224609375 0.1171875
1 0.513916015625 0.400390625 0.01806640625 0.1171875
1 0.53076171875 0.3955078125 0.015625 0.126953125
1 0.546630859375 0.3974609375 0.01708984375 0.123046875
1 0.534912109375 0.404296875 0.02197265625 0.115234375
1 0.566162109375 0.39794921875 0.02197265625 0.1318359375
1 0.585693359375 0.4013671875 0.02099609375 0.126953125
1 0.629638671875 0.41357421875 0.02294921875 0.1298828125
1 0.609375 0.4033203125 0.0283203125 0.158203125
1 0.669677734375 0.41064453125 0.01904296875 0.1591796875
1 0.646240234375 0.41259765625 0.02978515625 0.1552734375
1 0.704833984375 0.40576171875 0.02978515625 0.1806640625
1 0.682861328125 0.41162109375 0.02685546875 0.1689453125
1 0.78271484375 0.41552734375 0.0244140625 0.1689453125
1 0.740234375 0.41357421875 0.0322265625 0.1748046875
2 0.493408203125 0.39990234375 0.02294921875 0.1123046875
0 0.509033203125 0.2470703125 0.00927734375 0.017578125
0 0.15283203125 0.34033203125 0.0029296875 0.0107421875
0 0.144287109375 0.3349609375 0.00634765625 0.05859375
1 0.765625 0.43408203125 0.0263671875 0.1494140625
