1 0.0849609375 0.384765625 0.0166015625 0.109375
1 0.20849609375 0.3984375 0.021484375 0.13671875
1 0.2275390625 0.37158203125 0.025390625 0.1123046875
1 0.572998046875 0.3857421875 0.00439453125 0.0234375
1 0.5869140625 0.38916015625 0.001953125 0.0126953125
1 0.0849609375 0.3974609375 0.0244140625 0.1484375
3 0.02490234375 0.40869140625 0.015625 0.1083984375
3 0.05810546875 0.39013671875 0.0341796875 0.0693359375
1 0.351318359375 0.40625 0.02392578125 0.115234375
1 0.38671875 0.41259765625 0.021484375 0.1044921875
1 0.415283203125 0.3955078125 0.02783203125 0.13671875
1 0.439453125 0.4697265625 0.0908203125 0.443359375
1 0.528564453125 0.38427734375 0.00439453125 0.0166015625
3 0.947998046875 0.41552734375 0.07666015625 0.1845703125
3 0.95703125 0.4365234375 0.0810546875 0.140625
1 0.88330078125 0.3818359375 0.0419921875 0.25390625
3 0.052978515625 0.4111328125 0.02783203125 0.107421875
3 0.017578125 0.41015625 0.029296875 0.11328125
1 0.40966796875 0.41796875 0.01953125 0.095703125
1 0.583251953125 0.3857421875 0.00439453125 0.025390625
1 0.578369140625 0.38427734375 0.00439453125 0.0244140625
1 0.589599609375 0.38720703125 0.00341796875 0.0166015625
3 0.243408203125 0.41015625 0.02783203125 0.1015625
0 0.59228515625 0.6962890625 0.1875 0.01953125
0 0.1416015625 0.013671875 0.041015625 0.01953125
0 0.797607421875 0.22216796875 0.00732421875 0.0244140625
