1 0.522216796875 0.4189453125 0.01318359375 0.072265625
1 0.531982421875 0.42724609375 0.00830078125 0.0517578125
1 0.553955078125 0.4208984375 0.01123046875 0.060546875
1 0.5439453125 0.43115234375 0.013671875 0.0849609375
1 0.73388671875 0.53515625 0.0986328125 0.66015625
4 0.802978515625 0.78759765625 0.01416015625 0.0322265625
4 0.451416015625 0.74169921875 0.00634765625 0.0283203125
1 0.822021484375 0.52392578125 0.15380859375 0.7470703125
4 0.326904296875 0.638671875 0.00732421875 0.107421875
1 0.362548828125 0.5107421875 0.09228515625 0.49609375
1 0.346923828125 0.53564453125 0.08935546875 0.5419921875
1 0.4453125 0.5166015625 0.1435546875 0.751953125
1 0.415771484375 0.5361328125 0.13330078125 0.74609375
1 0.139404296875 0.51953125 0.08251953125 0.517578125
1 0.07568359375 0.51953125 0.0771484375 0.576171875
2 0.562744140625 0.421875 0.01611328125 0.078125
0 0.2646484375 0.42431640625 0.0048828125 0.0185546875
0 0.281494140625 0.42333984375 0.00634765625 0.0205078125
