1 0.56982421875 0.43310546875 0.017578125 0.0849609375
1 0.572509765625 0.43798828125 0.01708984375 0.0849609375
1 0.69580078125 0.44482421875 0.013671875 0.0830078125
1 0.7080078125 0.44189453125 0.017578125 0.0966796875
1 0.717529296875 0.4443359375 0.01904296875 0.091796875
1 0.77294921875 0.44384765625 0.0205078125 0.0986328125
1 0.85009765625 0.451171875 0.0517578125 0.396484375
1 0.91259765625 0.4775390625 0.076171875 0.37109375
1 0.88037109375 0.47216796875 0.103515625 0.5166015625
1 0.643798828125 0.47021484375 0.06005859375 0.3564453125
1 0.614013671875 0.4619140625 0.08154296875 0.3984375
1 0.486572265625 0.47412109375 0.05810546875 0.3212890625
1 0.333984375 0.4169921875 0.037109375 0.259765625
1 0.33935546875 0.47802734375 0.056640625 0.3798828125
1 0.22265625 0.45166015625 0.0732421875 0.3740234375
1 0.28076171875 0.47314453125 0.076171875 0.3720703125
1 0.173095703125 0.474609375 0.05615234375 0.369140625
2 0.363525390625 0.416015625 0.08447265625 0.39453125
1 0.917236328125 0.4921875 0.04443359375 0.44140625
0 0.791015625 0.4296875 0.0068359375 0.025390625
0 0.662841796875 0.6767578125 0.08935546875 0.041015625
0 0.95458984375 0.76513671875 0.0810546875 0.0771484375
0 0.969482421875 0.69482421875 0.05712890625 0.0595703125
0 0.500732421875 0.66162109375 0.05029296875 0.0322265625
0 0.39990234375 0.791015625 0.1357421875 0.076171875
0 0.204345703125 0.66552734375 0.06689453125 0.0244140625
0 0.281005859375 0.685546875 0.05810546875 0.052734375
