1 0.244140625 0.44384765625 0.005859375 0.0419921875
1 0.29052734375 0.43505859375 0.005859375 0.0224609375
1 0.584716796875 0.47412109375 0.01611328125 0.1025390625
1 0.255859375 0.43994140625 0.0087890625 0.0478515625
2 0.66015625 0.46435546875 0.021484375 0.1142578125
2 0.84423828125 0.47412109375 0.0185546875 0.0908203125
2 0.986328125 0.47705078125 0.017578125 0.0849609375
0 0.548828125 0.357421875 0.0068359375 0.015625
0 0.78955078125 0.4423828125 0.0205078125 0.041015625
0 0.572509765625 0.42041015625 0.01513671875 0.0146484375
