1 0.49462890625 0.427734375 0.0068359375 0.1015625
1 0.491455078125 0.42578125 0.01708984375 0.09375
1 0.4794921875 0.42529296875 0.0166015625 0.1103515625
1 0.494140625 0.43359375 0.021484375 0.103515625
1 0.58837890625 0.4091796875 0.0107421875 0.03125
1 0.615966796875 0.400390625 0.01513671875 0.0546875
1 0.5703125 0.427734375 0.0126953125 0.107421875
1 0.640869140625 0.4423828125 0.05419921875 0.27734375
1 0.66552734375 0.39892578125 0.064453125 0.2490234375
1 0.52099609375 0.4326171875 0.013671875 0.091796875
1 0.380859375 0.41357421875 0.005859375 0.0224609375
1 0.373046875 0.40673828125 0.005859375 0.0126953125
1 0.36328125 0.40673828125 0.0068359375 0.0126953125
1 0.388916015625 0.41796875 0.00634765625 0.03515625
1 0.3857421875 0.4228515625 0.0068359375 0.037109375
1 0.40771484375 0.43212890625 0.0166015625 0.0986328125
1 0.343994140625 0.404296875 0.00341796875 0.013671875
1 0.33935546875 0.4033203125 0.0068359375 0.01171875
1 0.33203125 0.40283203125 0.0068359375 0.0126953125
1 0.22802734375 0.43505859375 0.0185546875 0.1064453125
1 0.209228515625 0.43408203125 0.01904296875 0.1123046875
1 0.05126953125 0.3984375 0.015625 0.06640625
1 0.03857421875 0.39697265625 0.015625 0.0615234375
1 0.015625 0.39306640625 0.0185546875 0.0498046875
1 0.0087890625 0.43408203125 0.0107421875 0.1279296875
1 0.251708984375 0.44091796875 0.02001953125 0.0986328125
1 0.270263671875 0.44580078125 0.01513671875 0.0927734375
2 0.50634765625 0.43115234375 0.009765625 0.0458984375
2 0.716064453125 0.4052734375 0.03759765625 0.1953125
2 0.743896484375 0.45703125 0.07275390625 0.353515625
0 0.8134765625 0.1865234375 0.03515625 0.095703125
0 0.173828125 0.46240234375 0.0068359375 0.0302734375
5 0 0 0 0
