1 0.55810546875 0.40234375 0.0048828125 0.033203125
1 0.5625 0.40576171875 0.0068359375 0.0341796875
1 0.61669921875 0.40625 0.0078125 0.064453125
1 0.607177734375 0.4091796875 0.01123046875 0.060546875
1 0.622802734375 0.4130859375 0.01611328125 0.076171875
1 0.195068359375 0.42138671875 0.01416015625 0.0869140625
1 0.18115234375 0.4140625 0.0166015625 0.064453125
1 0.56982421875 0.40625 0.005859375 0.03515625
2 0.6806640625 0.416015625 0.0205078125 0.099609375
0 0.994873046875 0.2783203125 0.00732421875 0.048828125
