1 0.9951171875 0.40380859375 0.005859375 0.0302734375
3 0.759033203125 0.40234375 0.00537109375 0.02734375
3 0.763427734375 0.40380859375 0.00830078125 0.0283203125
1 0.793212890625 0.3955078125 0.01318359375 0.064453125
1 0.464111328125 0.3466796875 0.01123046875 0.044921875
1 0.515869140625 0.3818359375 0.01611328125 0.08984375
1 0.53662109375 0.3916015625 0.0146484375 0.087890625
1 0.474853515625 0.3720703125 0.02197265625 0.052734375
1 0.448486328125 0.4228515625 0.03857421875 0.263671875
1 0.426513671875 0.435546875 0.04150390625 0.24609375
1 0.016357421875 0.416015625 0.02587890625 0.16796875
4 0.006591796875 0.44677734375 0.00732421875 0.1240234375
1 0.1064453125 0.4130859375 0.009765625 0.119140625
1 0.09912109375 0.4091796875 0.0205078125 0.134765625
1 0.119140625 0.41748046875 0.0302734375 0.1533203125
1 0.08544921875 0.4189453125 0.033203125 0.16015625
1 0.194091796875 0.4091796875 0.02783203125 0.142578125
1 0.21533203125 0.41162109375 0.0244140625 0.1357421875
1 0.294677734375 0.43701171875 0.03173828125 0.2255859375
1 0.2724609375 0.42919921875 0.05078125 0.2490234375
1 0.6474609375 0.44873046875 0.068359375 0.3330078125
1 0.59521484375 0.44384765625 0.07421875 0.3603515625
2 0.95166015625 0.404296875 0.01953125 0.09375
1 0.497802734375 0.37109375 0.02294921875 0.0546875
