1 0.267578125 0.37060546875 0.001953125 0.0185546875
1 0.263916015625 0.38037109375 0.00830078125 0.0498046875
1 0.29248046875 0.3662109375 0.0078125 0.03515625
1 0.029296875 0.3623046875 0.0048828125 0.01953125
1 0.169189453125 0.37158203125 0.01025390625 0.0185546875
1 0.15283203125 0.36962890625 0.005859375 0.0224609375
1 0.640869140625 0.3994140625 0.00830078125 0.080078125
1 0.5888671875 0.3798828125 0.0107421875 0.064453125
1 0.611328125 0.3935546875 0.017578125 0.1015625
1 0.603271484375 0.39453125 0.02392578125 0.123046875
1 0.67822265625 0.38525390625 0.0185546875 0.1337890625
1 0.65966796875 0.39697265625 0.0263671875 0.1181640625
1 0.656494140625 0.3935546875 0.02294921875 0.140625
1 0.71337890625 0.3994140625 0.0263671875 0.126953125
1 0.69140625 0.3935546875 0.029296875 0.142578125
1 0.628173828125 0.3974609375 0.02197265625 0.12109375
1 0.30615234375 0.39111328125 0.0107421875 0.0693359375
1 0.336669921875 0.3916015625 0.01416015625 0.068359375
1 0.362060546875 0.37109375 0.00634765625 0.01953125
1 0.529052734375 0.36376953125 0.00439453125 0.0126953125
1 0.544189453125 0.384765625 0.01220703125 0.080078125
1 0.523193359375 0.390625 0.01220703125 0.078125
1 0.5439453125 0.388671875 0.01171875 0.08203125
1 0.53369140625 0.39453125 0.0166015625 0.080078125
1 0.533203125 0.400390625 0.0166015625 0.083984375
1 0.560546875 0.39111328125 0.009765625 0.0673828125
1 0.552978515625 0.39306640625 0.01513671875 0.0712890625
1 0.568359375 0.38525390625 0.0078125 0.0732421875
1 0.572509765625 0.38916015625 0.01025390625 0.0908203125
1 0.407958984375 0.38720703125 0.00732421875 0.0595703125
1 0.414306640625 0.3857421875 0.01123046875 0.0625
1 0.350341796875 0.36474609375 0.00537109375 0.0322265625
1 0.354248046875 0.36474609375 0.00732421875 0.0322265625
1 0.379638671875 0.3623046875 0.00341796875 0.013671875
1 0.39697265625 0.3837890625 0.0048828125 0.05078125
1 0.402587890625 0.38720703125 0.01123046875 0.0791015625
1 0.384765625 0.37841796875 0.0087890625 0.0615234375
1 0.388916015625 0.37744140625 0.01025390625 0.0576171875
1 0.376220703125 0.3857421875 0.01123046875 0.076171875
1 0.19580078125 0.384765625 0.009765625 0.05859375
1 0.18603515625 0.3876953125 0.0048828125 0.064453125
1 0.182373046875 0.37158203125 0.00537109375 0.0302734375
1 0.174560546875 0.38525390625 0.01025390625 0.0517578125
1 0.179931640625 0.38818359375 0.00830078125 0.0615234375
1 0.2578125 0.38720703125 0.009765625 0.0634765625
1 0.2509765625 0.3837890625 0.0087890625 0.068359375
1 0.24609375 0.38818359375 0.0107421875 0.0732421875
1 0.229736328125 0.359375 0.00634765625 0.01953125
1 0.234619140625 0.3896484375 0.01318359375 0.0625
1 0.21142578125 0.3818359375 0.0068359375 0.04296875
1 0.219482421875 0.388671875 0.01220703125 0.0703125
1 0.208740234375 0.388671875 0.01513671875 0.07421875
2 0.123779296875 0.38232421875 0.01318359375 0.0634765625
2 0.145751953125 0.384765625 0.01220703125 0.05859375
0 0.45849609375 0.34814453125 0.013671875 0.0400390625
0 0.83740234375 0.42919921875 0.0224609375 0.0205078125
5 0 0 0 0
