1 0.080322265625 0.37451171875 0.00927734375 0.0673828125
1 0.088623046875 0.36865234375 0.00927734375 0.0361328125
1 0.09619140625 0.373046875 0.013671875 0.072265625
1 0.11865234375 0.37158203125 0.0126953125 0.0693359375
1 0.108154296875 0.3720703125 0.01220703125 0.06640625
1 0.126953125 0.3828125 0.009765625 0.076171875
1 0.1591796875 0.3916015625 0.0078125 0.091796875
1 0.189208984375 0.3828125 0.01123046875 0.08984375
1 0.197509765625 0.3837890625 0.02001953125 0.09765625
1 0.239013671875 0.3798828125 0.01708984375 0.1015625
1 0.227294921875 0.38818359375 0.01513671875 0.0908203125
1 0.662841796875 0.3564453125 0.00732421875 0.025390625
1 0.51025390625 0.35498046875 0.0068359375 0.0068359375
1 0.391845703125 0.373046875 0.01318359375 0.072265625
1 0.407470703125 0.3505859375 0.01416015625 0.03515625
1 0.6044921875 0.3876953125 0.01171875 0.09765625
1 0.593505859375 0.38818359375 0.01611328125 0.0927734375
1 0.673583984375 0.392578125 0.01904296875 0.091796875
1 0.704833984375 0.38623046875 0.01904296875 0.1005859375
1 0.70751953125 0.38720703125 0.0146484375 0.0966796875
2 0.07177734375 0.36962890625 0.0126953125 0.0615234375
0 0.64697265625 0.34814453125 0.0048828125 0.0126953125
0 0.273193359375 0.353515625 0.01123046875 0.0703125
0 0.34521484375 0.3515625 0.005859375 0.021484375
5 0 0 0 0
5 0 0 0 0
5 0 0 0 0
5 0 0 0 0
5 0 0 0 0
5 0 0 0 0
5 0 0 0 0
5 0 0 0 0
