1 0.583984375 0.39306640625 0.0029296875 0.0322265625
1 0.619384765625 0.39404296875 0.00830078125 0.0400390625
4 0.766357421875 0.404296875 0.01025390625 0.03125
3 0.76904296875 0.41259765625 0.0234375 0.0595703125
1 0.879150390625 0.41455078125 0.02685546875 0.1298828125
1 0.206298828125 0.376953125 0.00634765625 0.03515625
1 0.210693359375 0.38037109375 0.00732421875 0.0341796875
1 0.221435546875 0.3681640625 0.00341796875 0.01171875
1 0.21826171875 0.37548828125 0.0078125 0.0185546875
1 0.181396484375 0.3779296875 0.00732421875 0.033203125
1 0.24609375 0.380859375 0.005859375 0.029296875
1 0.201904296875 0.376953125 0.00341796875 0.03125
1 0.386474609375 0.3876953125 0.00244140625 0.017578125
1 0.38916015625 0.3837890625 0.0029296875 0.0234375
2 0.829833984375 0.4130859375 0.02099609375 0.1015625
2 0.645263671875 0.41064453125 0.02490234375 0.1201171875
1 0.193359375 0.3857421875 0.001953125 0.03125
0 0.671630859375 0.35302734375 0.03076171875 0.0830078125
0 0.704833984375 0.388671875 0.00732421875 0.03125
0 0.315673828125 0.3525390625 0.00439453125 0.017578125
5 0 0 0 0
5 0 0 0 0
5 0 0 0 0
5 0 0 0 0
