1 0.58251953125 0.392578125 0.0048828125 0.021484375
1 0.587158203125 0.40185546875 0.00537109375 0.0244140625
1 0.59423828125 0.40087890625 0.005859375 0.0283203125
1 0.604248046875 0.39501953125 0.00341796875 0.0205078125
1 0.968994140625 0.38916015625 0.00732421875 0.0439453125
1 0.934814453125 0.37109375 0.00927734375 0.021484375
1 0.797607421875 0.39453125 0.00439453125 0.025390625
4 0.99560546875 0.37646484375 0.00390625 0.0205078125
1 0.9794921875 0.38134765625 0.0078125 0.0224609375
2 0.808837890625 0.3896484375 0.00634765625 0.033203125
0 0.13818359375 0.330078125 0.025390625 0.05859375
0 0.2177734375 0.33251953125 0.041015625 0.0947265625
0 0.328369140625 0.3505859375 0.01708984375 0.080078125
5 0 0 0 0
5 0 0 0 0
5 0 0 0 0
5 0 0 0 0
