1 0.108154296875 0.392578125 0.01318359375 0.083984375
3 0.186279296875 0.4150390625 0.01904296875 0.04296875
1 0.2294921875 0.455078125 0.08203125 0.44140625
4 0.364013671875 0.3857421875 0.00537109375 0.0078125
1 0.5361328125 0.46875 0.072265625 0.349609375
1 0.84375 0.3505859375 0.005859375 0.015625
1 0.864990234375 0.36669921875 0.00927734375 0.0498046875
1 0.684326171875 0.48828125 0.05419921875 0.345703125
1 0.717529296875 0.48046875 0.08154296875 0.421875
4 0.984619140625 0.4501953125 0.02587890625 0.04296875
4 0.993896484375 0.46044921875 0.00732421875 0.0087890625
4 0.99365234375 0.677734375 0.0078125 0.02734375
4 0.08203125 0.455078125 0.0048828125 0.013671875
2 0.082763671875 0.38720703125 0.01611328125 0.0869140625
3 0.917724609375 0.59912109375 0.07373046875 0.1982421875
