1 0.279541015625 0.32666015625 0.00439453125 0.0087890625
1 0.262451171875 0.330078125 0.00341796875 0.009765625
1 0.2568359375 0.330078125 0.00390625 0.017578125
1 0.170166015625 0.3955078125 0.02001953125 0.166015625
1 0.67333984375 0.4375 0.03125 0.166015625
0 0.12939453125 0.3212890625 0.01171875 0.01953125
0 0.11328125 0.31982421875 0.0048828125 0.0107421875
0 0.097412109375 0.31640625 0.01708984375 0.013671875
0 0.081787109375 0.31640625 0.00341796875 0.013671875
0 0.1240234375 0.3544921875 0.00390625 0.0078125
0 0.051025390625 0.3115234375 0.02783203125 0.015625
0 0.016357421875 0.30810546875 0.02490234375 0.0185546875
0 0.19189453125 0.3173828125 0.0048828125 0.005859375
0 0.125 0.3955078125 0.0068359375 0.021484375
0 0.117919921875 0.39501953125 0.00634765625 0.0205078125
