1 0.288818359375 0.42919921875 0.00732421875 0.0419921875
3 0.06396484375 0.462890625 0.005859375 0.029296875
1 0.292724609375 0.42578125 0.01025390625 0.046875
1 0.166259765625 0.44580078125 0.00927734375 0.0400390625
1 0.178466796875 0.44873046875 0.02099609375 0.1025390625
1 0.186767578125 0.447265625 0.01806640625 0.099609375
1 0.23046875 0.435546875 0.0185546875 0.10546875
1 0.236328125 0.4453125 0.0185546875 0.08984375
1 0.378662109375 0.4208984375 0.01806640625 0.091796875
1 0.384765625 0.423828125 0.015625 0.0859375
1 0.830078125 0.3984375 0.052734375 0.291015625
1 0.91943359375 0.3916015625 0.056640625 0.27734375
1 0.961181640625 0.4345703125 0.02978515625 0.18359375
1 0.8720703125 0.44580078125 0.0380859375 0.1865234375
1 0.989501953125 0.4091796875 0.01708984375 0.296875
3 0.303955078125 0.42578125 0.00341796875 0.005859375
0 0.093994140625 0.45166015625 0.00439453125 0.0341796875
5 0 0 0 0
5 0 0 0 0
5 0 0 0 0
