1 0.4560546875 0.39208984375 0.00390625 0.0068359375
1 0.223876953125 0.4208984375 0.00732421875 0.033203125
1 0.23095703125 0.43603515625 0.0107421875 0.0498046875
1 0.218017578125 0.4384765625 0.01318359375 0.064453125
1 0.203857421875 0.4384765625 0.00830078125 0.05078125
1 0.197021484375 0.43994140625 0.00634765625 0.0478515625
1 0.19140625 0.44091796875 0.009765625 0.0595703125
1 0.154296875 0.439453125 0.009765625 0.05078125
1 0.121337890625 0.4375 0.01025390625 0.052734375
1 0.095947265625 0.43798828125 0.00634765625 0.0576171875
1 0.8291015625 0.4267578125 0.0078125 0.041015625
1 0.365478515625 0.400390625 0.00439453125 0.02734375
1 0.396728515625 0.41748046875 0.00537109375 0.0322265625
1 0.402099609375 0.41650390625 0.00634765625 0.0341796875
2 0.84765625 0.4228515625 0.0087890625 0.041015625
1 0.18896484375 0.44189453125 0.009765625 0.0556640625
1 0.16259765625 0.435546875 0.0107421875 0.056640625
1 0.84423828125 0.41064453125 0.0048828125 0.0166015625
0 0.069580078125 0.41796875 0.01904296875 0.0546875
0 0.609619140625 0.3642578125 0.00927734375 0.013671875
0 0.592041015625 0.36279296875 0.01611328125 0.0107421875
0 0.55322265625 0.365234375 0.033203125 0.015625
0 0.525634765625 0.3642578125 0.00439453125 0.013671875
0 0.512939453125 0.36376953125 0.00830078125 0.0126953125
0 0.503173828125 0.36376953125 0.00634765625 0.0087890625
0 0.760498046875 0.0439453125 0.02587890625 0.064453125
