1 0.051025390625 0.34423828125 0.00439453125 0.0087890625
1 0.08642578125 0.361328125 0.0029296875 0.025390625
1 0.090576171875 0.359375 0.00341796875 0.029296875
1 0.093994140625 0.35986328125 0.00830078125 0.0419921875
1 0.0712890625 0.39697265625 0.0146484375 0.0693359375
1 0.265869140625 0.36328125 0.00732421875 0.01171875
1 0.289306640625 0.36376953125 0.00537109375 0.0087890625
1 0.296630859375 0.365234375 0.00341796875 0.005859375
1 0.124267578125 0.39404296875 0.01318359375 0.0732421875
1 0.135498046875 0.39404296875 0.01318359375 0.0712890625
1 0.140380859375 0.404296875 0.01513671875 0.07421875
1 0.157958984375 0.392578125 0.01025390625 0.064453125
1 0.171630859375 0.39013671875 0.01123046875 0.0634765625
1 0.182373046875 0.3916015625 0.01416015625 0.0703125
1 0.164306640625 0.40869140625 0.01513671875 0.0732421875
1 0.9658203125 0.46044921875 0.0927734375 0.5146484375
1 0.487060546875 0.40625 0.02490234375 0.123046875
1 0.522216796875 0.40673828125 0.01611328125 0.1279296875
1 0.509765625 0.4052734375 0.0244140625 0.125
1 0.48583984375 0.43310546875 0.0146484375 0.0830078125
1 0.56201171875 0.4384765625 0.0576171875 0.318359375
1 0.54736328125 0.44140625 0.0732421875 0.361328125
1 0.603759765625 0.46826171875 0.07666015625 0.5146484375
1 0.673828125 0.478515625 0.087890625 0.52734375
1 0.4580078125 0.38037109375 0.0068359375 0.0673828125
1 0.300048828125 0.40234375 0.01904296875 0.095703125
1 0.401123046875 0.52197265625 0.13330078125 0.7138671875
1 0.404296875 0.55908203125 0.150390625 0.7314453125
2 0.712890625 0.37646484375 0.0224609375 0.1083984375
2 0.349609375 0.3994140625 0.046875 0.2265625
