1 0.58642578125 0.30419921875 0.001953125 0.0087890625
1 0.589599609375 0.3037109375 0.00146484375 0.005859375
1 0.594970703125 0.30419921875 0.00048828125 0.0068359375
1 0.59716796875 0.3046875 0.0009765625 0.005859375
1 0.513427734375 0.3134765625 0.00146484375 0.0078125
1 0.506103515625 0.31298828125 0.00146484375 0.0087890625
1 0.498291015625 0.31396484375 0.00244140625 0.0107421875
1 0.492919921875 0.31494140625 0.00146484375 0.0087890625
1 0.4814453125 0.314453125 0.001953125 0.009765625
1 0.478515625 0.31689453125 0.001953125 0.0087890625
1 0.4345703125 0.32666015625 0.001953125 0.0107421875
1 0.436767578125 0.32568359375 0.00146484375 0.0107421875
1 0.432373046875 0.33642578125 0.00244140625 0.0126953125
1 0.423583984375 0.35205078125 0.00244140625 0.0107421875
1 0.4208984375 0.361328125 0.00390625 0.015625
1 0.41796875 0.3681640625 0.0029296875 0.01171875
1 0.412353515625 0.37109375 0.00244140625 0.015625
1 0.41015625 0.3720703125 0.001953125 0.013671875
1 0.407958984375 0.3701171875 0.00244140625 0.015625
1 0.40576171875 0.369140625 0.0029296875 0.01953125
1 0.403076171875 0.37109375 0.00244140625 0.017578125
1 0.39990234375 0.37158203125 0.001953125 0.0126953125
1 0.39111328125 0.36572265625 0.0009765625 0.0087890625
1 0.392578125 0.36865234375 0.001953125 0.0107421875
1 0.39453125 0.3720703125 0.001953125 0.013671875
1 0.4423828125 0.36962890625 0.001953125 0.0146484375
1 0.44140625 0.3701171875 0.001953125 0.013671875
1 0.440185546875 0.37255859375 0.00146484375 0.0126953125
1 0.4375 0.36865234375 0.0029296875 0.0166015625
1 0.460205078125 0.39208984375 0.00537109375 0.0263671875
1 0.447509765625 0.39111328125 0.00537109375 0.0322265625
1 0.868408203125 0.37548828125 0.00439453125 0.0126953125
1 0.8779296875 0.37451171875 0.00390625 0.0146484375
1 0.898681640625 0.376953125 0.00244140625 0.009765625
1 0.901611328125 0.37548828125 0.00244140625 0.0107421875
1 0.889404296875 0.3759765625 0.00439453125 0.01171875
1 0.90673828125 0.375 0.00390625 0.01171875
1 0.91064453125 0.3740234375 0.00390625 0.01171875
1 0.935302734375 0.37451171875 0.00439453125 0.0068359375
1 0.9443359375 0.375 0.0029296875 0.00390625
1 0.609130859375 0.404296875 0.01123046875 0.068359375
2 0.54248046875 0.40966796875 0.0205078125 0.1005859375
2 0.593017578125 0.4150390625 0.02294921875 0.142578125
2 0.5693359375 0.41650390625 0.037109375 0.1806640625
1 0.884521484375 0.375 0.00439453125 0.013671875
5 0 0 0 0
5 0 0 0 0
