1 0.7138671875 0.37255859375 0.0224609375 0.0537109375
1 0.748046875 0.359375 0.0283203125 0.091796875
1 0.8173828125 0.3828125 0.02734375 0.1171875
1 0.7880859375 0.38037109375 0.0283203125 0.1083984375
1 0.01220703125 0.4052734375 0.013671875 0.048828125
1 0.185302734375 0.4228515625 0.01123046875 0.076171875
1 0.178955078125 0.4248046875 0.01611328125 0.078125
1 0.195556640625 0.42724609375 0.01513671875 0.0732421875
1 0.295654296875 0.41650390625 0.01318359375 0.0791015625
1 0.28271484375 0.419921875 0.015625 0.076171875
1 0.352783203125 0.41162109375 0.01318359375 0.0673828125
1 0.373046875 0.396484375 0.0087890625 0.0234375
1 0.382080078125 0.4091796875 0.01025390625 0.0546875
3 0.47265625 0.39599609375 0.0068359375 0.0126953125
1 0.443359375 0.41015625 0.0068359375 0.03125
1 0.403564453125 0.41259765625 0.01220703125 0.0751953125
1 0.430908203125 0.412109375 0.01513671875 0.076171875
1 0.926025390625 0.42431640625 0.07861328125 0.4365234375
2 0.56494140625 0.40576171875 0.0087890625 0.0458984375
2 0.58984375 0.427734375 0.041015625 0.201171875
0 0.530517578125 0.3544921875 0.01025390625 0.05078125
0 0.331298828125 0.36279296875 0.00634765625 0.0166015625
