1 0.176513671875 0.39599609375 0.00927734375 0.0341796875
1 0.200439453125 0.38134765625 0.00439453125 0.0126953125
1 0.19384765625 0.384765625 0.0107421875 0.0234375
1 0.18359375 0.3955078125 0.009765625 0.025390625
1 0.278076171875 0.396484375 0.00927734375 0.03515625
1 0.287353515625 0.39306640625 0.00927734375 0.0361328125
1 0.45849609375 0.3642578125 0.0068359375 0.009765625
1 0.451904296875 0.36279296875 0.00732421875 0.0107421875
1 0.52001953125 0.376953125 0.013671875 0.041015625
1 0.370361328125 0.40087890625 0.01220703125 0.0888671875
1 0.53125 0.40576171875 0.01171875 0.0849609375
1 0.559814453125 0.38671875 0.01416015625 0.048828125
1 0.58056640625 0.3720703125 0.0078125 0.0390625
1 0.572021484375 0.37548828125 0.01220703125 0.0576171875
1 0.61669921875 0.36083984375 0.0126953125 0.0205078125
1 0.64501953125 0.36181640625 0.009765625 0.0185546875
1 0.657958984375 0.36083984375 0.01123046875 0.0361328125
1 0.388671875 0.439453125 0.046875 0.33203125
1 0.42626953125 0.45361328125 0.0625 0.3291015625
1 0.337158203125 0.43115234375 0.08154296875 0.3955078125
1 0.251953125 0.48388671875 0.072265625 0.3544921875
1 0.019775390625 0.47021484375 0.03271484375 0.2841796875
2 0.7353515625 0.484375 0.0986328125 0.482421875
0 0.747314453125 0.34326171875 0.01513671875 0.0419921875
0 0.912841796875 0.34521484375 0.01611328125 0.0576171875
0 0.989501953125 0.3115234375 0.01806640625 0.0625
0 0.284912109375 0.3515625 0.01025390625 0.046875
0 0.268310546875 0.36376953125 0.00537109375 0.0185546875
0 0.169189453125 0.390625 0.00732421875 0.05078125
0 0.03564453125 0.40478515625 0.009765625 0.0244140625
0 0.88232421875 0.87744140625 0.2333984375 0.0927734375
0 0.449462890625 0.63671875 0.10888671875 0.041015625
0 0.36474609375 0.65576171875 0.083984375 0.0947265625
0 0.274169921875 0.68603515625 0.08056640625 0.0712890625
0 0.023193359375 0.6513671875 0.03759765625 0.05078125
