1 0.29296875 0.392578125 0.0146484375 0.0859375
1 0.22021484375 0.39404296875 0.005859375 0.0185546875
1 0.283935546875 0.39697265625 0.02099609375 0.0830078125
1 0.37841796875 0.37109375 0.0068359375 0.044921875
1 0.703857421875 0.162109375 0.01318359375 0.083984375
3 0.723876953125 0.1689453125 0.00634765625 0.015625
3 0.7421875 0.16455078125 0.0068359375 0.0205078125
1 0.735595703125 0.14404296875 0.01611328125 0.0439453125
3 0.7841796875 0.1552734375 0.0205078125 0.048828125
3 0.9931640625 0.1005859375 0.0087890625 0.029296875
1 0.979736328125 0.0927734375 0.01513671875 0.0625
3 0.9375 0.10595703125 0.0185546875 0.0517578125
3 0.914794921875 0.12451171875 0.01220703125 0.0380859375
3 0.88232421875 0.12841796875 0.009765625 0.0478515625
3 0.89892578125 0.12158203125 0.017578125 0.0478515625
3 0.825439453125 0.1572265625 0.01611328125 0.029296875
3 0.84521484375 0.13671875 0.0224609375 0.05078125
3 0.86669921875 0.130859375 0.017578125 0.041015625
1 0.776123046875 0.3720703125 0.01220703125 0.08984375
1 0.7490234375 0.421875 0.015625 0.177734375
1 0.715087890625 0.4345703125 0.03369140625 0.205078125
1 0.736083984375 0.43017578125 0.02685546875 0.2216796875
1 0.76025390625 0.423828125 0.03125 0.216796875
0 0.72607421875 0.2734375 0.01171875 0.0390625
