1 0.58935546875 0.39306640625 0.005859375 0.0283203125
1 0.5966796875 0.390625 0.00390625 0.01953125
1 0.439208984375 0.39697265625 0.00634765625 0.0341796875
1 0.422607421875 0.3984375 0.00634765625 0.04296875
1 0.4140625 0.39990234375 0.0048828125 0.0419921875
1 0.408203125 0.39990234375 0.0068359375 0.0419921875
1 0.40283203125 0.39892578125 0.005859375 0.0419921875
0 0.369384765625 0.330078125 0.02392578125 0.07421875
0 0.5048828125 0.39453125 0.0048828125 0.01171875
0 0.566650390625 0.39208984375 0.00439453125 0.0146484375
0 0.716552734375 0.38671875 0.00439453125 0.021484375
