1 0.7666015625 0.34912109375 0.005859375 0.0283203125
1 0.771240234375 0.34912109375 0.00537109375 0.0263671875
3 0.498046875 0.3408203125 0.0068359375 0.0234375
3 0.5029296875 0.3388671875 0.0078125 0.02734375
3 0.509765625 0.34130859375 0.0087890625 0.0322265625
1 0.55615234375 0.33984375 0.005859375 0.048828125
1 0.552734375 0.3408203125 0.0087890625 0.05859375
1 0.534423828125 0.33984375 0.00830078125 0.05078125
1 0.5439453125 0.33984375 0.0107421875 0.0546875
3 0.531005859375 0.34765625 0.00537109375 0.046875
1 0.369384765625 0.33544921875 0.00634765625 0.0107421875
1 0.341064453125 0.314453125 0.00439453125 0.005859375
1 0.361328125 0.345703125 0.01171875 0.08984375
1 0.352783203125 0.31103515625 0.01220703125 0.0380859375
1 0.31640625 0.28369140625 0.0126953125 0.0439453125
1 0.3076171875 0.283203125 0.0146484375 0.044921875
1 0.276611328125 0.28369140625 0.01611328125 0.0439453125
1 0.24072265625 0.27392578125 0.0107421875 0.0400390625
1 0.387939453125 0.3583984375 0.01806640625 0.08984375
1 0.229248046875 0.28271484375 0.01904296875 0.1064453125
1 0.099853515625 0.37744140625 0.02685546875 0.1318359375
1 0.1083984375 0.3828125 0.0185546875 0.126953125
1 0.097412109375 0.3818359375 0.02783203125 0.134765625
1 0.41357421875 0.37646484375 0.0244140625 0.1123046875
1 0.912841796875 0.3447265625 0.00537109375 0.04296875
3 0.873046875 0.37841796875 0.0166015625 0.0361328125
3 0.845703125 0.37158203125 0.0146484375 0.0556640625
3 0.98681640625 0.37109375 0.017578125 0.052734375
3 0.96630859375 0.3701171875 0.017578125 0.048828125
1 0.74072265625 0.3837890625 0.021484375 0.103515625
1 0.757568359375 0.3759765625 0.01904296875 0.123046875
1 0.562744140625 0.39892578125 0.02001953125 0.1279296875
1 0.5908203125 0.39697265625 0.0234375 0.1357421875
1 0.64208984375 0.4072265625 0.0283203125 0.13671875
1 0.660400390625 0.41845703125 0.01904296875 0.1416015625
5 0 0 0 0
5 0 0 0 0
5 0 0 0 0
5 0 0 0 0
5 0 0 0 0
5 0 0 0 0
5 0 0 0 0
5 0 0 0 0
5 0 0 0 0
5 0 0 0 0
5 0 0 0 0
