1 0.68701171875 0.39404296875 0.0029296875 0.0146484375
1 0.630615234375 0.39208984375 0.00537109375 0.0263671875
1 0.62646484375 0.39404296875 0.001953125 0.0224609375
1 0.0986328125 0.427734375 0.00390625 0.025390625
1 0.950439453125 0.35498046875 0.00537109375 0.0146484375
1 0.007080078125 0.4326171875 0.00732421875 0.037109375
2 0.877197265625 0.3740234375 0.01123046875 0.03125
0 0.458251953125 0.30322265625 0.00830078125 0.0146484375
5 0 0 0 0
5 0 0 0 0
5 0 0 0 0
5 0 0 0 0
5 0 0 0 0
5 0 0 0 0
5 0 0 0 0
