1 0.156494140625 0.388671875 0.01611328125 0.05078125
1 0.40185546875 0.353515625 0.0283203125 0.05859375
1 0.614013671875 0.38525390625 0.03955078125 0.2041015625
1 0.33935546875 0.3994140625 0.0146484375 0.107421875
1 0.352294921875 0.38623046875 0.02490234375 0.1279296875
1 0.2373046875 0.40087890625 0.013671875 0.0927734375
1 0.25537109375 0.40234375 0.0166015625 0.0859375
1 0.200927734375 0.40087890625 0.00732421875 0.0869140625
1 0.204345703125 0.3984375 0.01025390625 0.09375
1 0.21337890625 0.39990234375 0.01953125 0.0966796875
1 0.170654296875 0.40380859375 0.00927734375 0.0810546875
1 0.3056640625 0.4072265625 0.015625 0.091796875
1 0.320068359375 0.39697265625 0.02294921875 0.1142578125
2 0.841552734375 0.4033203125 0.05810546875 0.283203125
2 0.4716796875 0.39013671875 0.0439453125 0.2138671875
0 0.713623046875 0.34521484375 0.02001953125 0.0439453125
0 0.97021484375 0.380859375 0.0234375 0.095703125
0 0.88134765625 0.3466796875 0.0068359375 0.021484375
0 0.802490234375 0.34765625 0.00732421875 0.01953125
5 0 0 0 0
5 0 0 0 0
