1 0.73193359375 0.3671875 0.00390625 0.013671875
1 0.706787109375 0.37158203125 0.00634765625 0.0205078125
1 0.710205078125 0.37158203125 0.00439453125 0.0185546875
1 0.7138671875 0.36962890625 0.005859375 0.0166015625
1 0.7236328125 0.36572265625 0.0087890625 0.0166015625
1 0.79296875 0.46630859375 0.0185546875 0.4130859375
1 0.818115234375 0.470703125 0.06591796875 0.443359375
1 0.98193359375 0.46923828125 0.0322265625 0.3916015625
1 0.9619140625 0.50146484375 0.072265625 0.4208984375
1 0.665771484375 0.44140625 0.08056640625 0.3984375
1 0.656494140625 0.4697265625 0.06201171875 0.396484375
1 0.036865234375 0.4130859375 0.01318359375 0.03125
1 0.57177734375 0.3837890625 0.0048828125 0.01171875
1 0.572998046875 0.3974609375 0.00537109375 0.03125
1 0.578369140625 0.4052734375 0.00439453125 0.0234375
1 0.586181640625 0.40185546875 0.01025390625 0.0517578125
1 0.490234375 0.408203125 0.0107421875 0.052734375
1 0.56005859375 0.51220703125 0.048828125 0.2138671875
1 0.4892578125 0.40869140625 0.009765625 0.0498046875
1 0.466552734375 0.41064453125 0.01220703125 0.0576171875
1 0.53125 0.44140625 0.080078125 0.390625
1 0.552001953125 0.45703125 0.07958984375 0.388671875
1 0.627685546875 0.4794921875 0.09130859375 0.4453125
1 0.17529296875 0.41650390625 0.0068359375 0.0361328125
1 0.436767578125 0.41259765625 0.00341796875 0.0185546875
1 0.44140625 0.4091796875 0.0048828125 0.0234375
1 0.39208984375 0.3896484375 0.00390625 0.009765625
1 0.3876953125 0.3935546875 0.0048828125 0.021484375
1 0.379150390625 0.416015625 0.00341796875 0.015625
1 0.382568359375 0.4072265625 0.00634765625 0.033203125
1 0.38916015625 0.41943359375 0.01171875 0.0576171875
1 0.359130859375 0.39501953125 0.00634765625 0.0205078125
1 0.34716796875 0.40087890625 0.0087890625 0.0322265625
1 0.3544921875 0.41943359375 0.0126953125 0.0615234375
1 0.210205078125 0.4013671875 0.00634765625 0.0078125
1 0.284423828125 0.5576171875 0.05517578125 0.142578125
1 0.312255859375 0.45654296875 0.05615234375 0.2841796875
1 0.3095703125 0.490234375 0.0849609375 0.4140625
1 0.066650390625 0.5 0.04443359375 0.279296875
1 0.09130859375 0.4853515625 0.060546875 0.345703125
1 0.15966796875 0.48388671875 0.0693359375 0.3642578125
1 0.122314453125 0.51904296875 0.06884765625 0.3369140625
1 0.020263671875 0.51318359375 0.03369140625 0.2919921875
1 0.24365234375 0.4990234375 0.0654296875 0.46875
2 0.3623046875 0.39794921875 0.0087890625 0.0283203125
2 0.33984375 0.4111328125 0.0107421875 0.052734375
1 0.72021484375 0.36474609375 0.005859375 0.0185546875
1 0.408935546875 0.4150390625 0.00244140625 0.013671875
1 0.412109375 0.40771484375 0.00390625 0.0283203125
1 0.416748046875 0.41552734375 0.00830078125 0.0537109375
1 0.406005859375 0.40576171875 0.00537109375 0.0322265625
1 0.205078125 0.39794921875 0.0078125 0.0126953125
1 0.248046875 0.49267578125 0.0703125 0.2998046875
0 0.321044921875 0.25341796875 0.00927734375 0.0087890625
0 0.90771484375 0.359375 0.0078125 0.03125
5 0 0 0 0
5 0 0 0 0
5 0 0 0 0
5 0 0 0 0
5 0 0 0 0
5 0 0 0 0
5 0 0 0 0
