1 0.54736328125 0.12158203125 0.0068359375 0.0322265625
1 0.512939453125 0.1416015625 0.00927734375 0.0390625
1 0.3955078125 0.26220703125 0.0087890625 0.0400390625
1 0.5166015625 0.14306640625 0.0068359375 0.0283203125
1 0.405517578125 0.25439453125 0.01025390625 0.0361328125
1 0.477783203125 0.19189453125 0.00634765625 0.0380859375
1 0.484375 0.19189453125 0.0068359375 0.0283203125
1 0.4501953125 0.20166015625 0.0078125 0.0341796875
1 0.45703125 0.2041015625 0.0078125 0.03125
1 0.264404296875 0.41259765625 0.01220703125 0.0791015625
1 0.339111328125 0.4248046875 0.03173828125 0.154296875
1 0.277099609375 0.416015625 0.01513671875 0.076171875
1 0.4052734375 0.42626953125 0.0078125 0.1416015625
1 0.480712890625 0.40380859375 0.00927734375 0.0869140625
1 0.387939453125 0.42041015625 0.01708984375 0.1435546875
1 0.394775390625 0.4287109375 0.02587890625 0.154296875
1 0.4248046875 0.43310546875 0.01171875 0.1455078125
1 0.413330078125 0.4287109375 0.02978515625 0.16796875
1 0.43408203125 0.42333984375 0.0244140625 0.1669921875
1 0.4716796875 0.4345703125 0.017578125 0.140625
1 0.458984375 0.427734375 0.03515625 0.171875
1 0.494873046875 0.4248046875 0.03076171875 0.150390625
1 0.3662109375 0.43212890625 0.03125 0.1513671875
1 0.54345703125 0.42138671875 0.0390625 0.1884765625
2 0.11474609375 0.38916015625 0.009765625 0.0439453125
0 0.63134765625 0.40869140625 0.0166015625 0.0205078125
0 0.75634765625 0.37255859375 0.009765625 0.0322265625
0 0.711181640625 0.37890625 0.00927734375 0.025390625
0 0.68994140625 0.365234375 0.013671875 0.029296875
0 0.60400390625 0.3740234375 0.0126953125 0.0234375
0 0.6484375 0.36865234375 0.013671875 0.0185546875
0 0.352783203125 0.29345703125 0.00537109375 0.0126953125
0 0.3017578125 0.318359375 0.00390625 0.0078125
0 0.264892578125 0.33740234375 0.00439453125 0.0087890625
