4 0.4873046875 0.38720703125 0.0224609375 0.0751953125
1 0.45654296875 0.39453125 0.0078125 0.095703125
1 0.47119140625 0.35595703125 0.013671875 0.0673828125
1 0.529296875 0.3798828125 0.0146484375 0.091796875
1 0.546630859375 0.34228515625 0.01513671875 0.0322265625
1 0.573486328125 0.38330078125 0.00927734375 0.0576171875
1 0.564697265625 0.3662109375 0.01318359375 0.056640625
1 0.613525390625 0.37158203125 0.02197265625 0.1103515625
1 0.655029296875 0.38671875 0.02001953125 0.12109375
1 0.70263671875 0.38818359375 0.0224609375 0.1240234375
1 0.71728515625 0.40380859375 0.0166015625 0.0947265625
1 0.77587890625 0.41357421875 0.0244140625 0.1533203125
1 0.009033203125 0.376953125 0.01123046875 0.08203125
1 0.0888671875 0.3779296875 0.0068359375 0.056640625
1 0.081787109375 0.3740234375 0.01025390625 0.056640625
1 0.875732421875 0.3935546875 0.03076171875 0.1484375
1 0.73486328125 0.384765625 0.0224609375 0.130859375
1 0.447998046875 0.3896484375 0.01513671875 0.1015625
1 0.877685546875 0.39208984375 0.02880859375 0.1435546875
0 0.81640625 0.3359375 0.017578125 0.0390625
0 0.839599609375 0.37548828125 0.02001953125 0.0771484375
0 0.5615234375 0.328125 0.0068359375 0.03515625
