1 0.622802734375 0.38671875 0.00732421875 0.05078125
1 0.660888671875 0.3603515625 0.00341796875 0.005859375
1 0.6630859375 0.3662109375 0.0048828125 0.013671875
1 0.669921875 0.3720703125 0.0126953125 0.041015625
1 0.658447265625 0.388671875 0.01123046875 0.078125
1 0.671875 0.38671875 0.0146484375 0.0703125
1 0.68994140625 0.38427734375 0.01171875 0.0595703125
1 0.71630859375 0.38525390625 0.0087890625 0.0712890625
1 0.71044921875 0.390625 0.0087890625 0.0859375
1 0.726806640625 0.3828125 0.01708984375 0.08203125
1 0.78173828125 0.3740234375 0.0146484375 0.072265625
1 0.8349609375 0.37939453125 0.021484375 0.1318359375
3 0.88330078125 0.43212890625 0.029296875 0.0224609375
1 0.923095703125 0.3916015625 0.02783203125 0.162109375
1 0.75390625 0.353515625 0.02734375 0.0859375
1 0.755615234375 0.4140625 0.02490234375 0.177734375
1 0.73583984375 0.43212890625 0.015625 0.1376953125
1 0.747314453125 0.43798828125 0.01904296875 0.1376953125
1 0.985107421875 0.4208984375 0.03076171875 0.234375
1 0.247802734375 0.40185546875 0.00830078125 0.0302734375
1 0.159423828125 0.4091796875 0.01025390625 0.02734375
1 0.70458984375 0.40478515625 0.0146484375 0.1533203125
2 0.1689453125 0.40966796875 0.0146484375 0.0517578125
2 0.594970703125 0.40087890625 0.02099609375 0.1064453125
2 0.56640625 0.41015625 0.025390625 0.125
0 0.720458984375 0.185546875 0.01904296875 0.068359375
0 0.812255859375 0.36474609375 0.00830078125 0.0595703125
0 0.605712890625 0.28759765625 0.00732421875 0.0146484375
0 0.591552734375 0.28125 0.00830078125 0.029296875
0 0.581298828125 0.2890625 0.00537109375 0.01953125
0 0.571533203125 0.2900390625 0.01025390625 0.01953125
0 0.54248046875 0.36572265625 0.005859375 0.0126953125
0 0.465087890625 0.3857421875 0.01513671875 0.009765625
0 0.182373046875 0.37744140625 0.00732421875 0.0166015625
0 0.2744140625 0.38671875 0.00390625 0.01171875
