3 0.6123046875 0.35693359375 0.0078125 0.0205078125
1 0.403564453125 0.38232421875 0.00927734375 0.0341796875
1 0.300537109375 0.3818359375 0.01513671875 0.05078125
3 0.292236328125 0.390625 0.01318359375 0.029296875
3 0.155517578125 0.40087890625 0.01513671875 0.0244140625
1 0.21923828125 0.38330078125 0.01171875 0.0517578125
3 0.35302734375 0.388671875 0.0107421875 0.02734375
3 0.3251953125 0.39013671875 0.0087890625 0.0263671875
3 0.27734375 0.390625 0.0185546875 0.03125
3 0.36181640625 0.390625 0.013671875 0.0234375
3 0.25537109375 0.39453125 0.0126953125 0.025390625
3 0.313720703125 0.388671875 0.01806640625 0.03125
3 0.082275390625 0.427734375 0.01611328125 0.08203125
1 0.09423828125 0.41357421875 0.021484375 0.1083984375
1 0.039794921875 0.41552734375 0.01904296875 0.1220703125
1 0.00830078125 0.4248046875 0.009765625 0.103515625
1 0.021484375 0.41796875 0.021484375 0.119140625
1 0.516845703125 0.4111328125 0.02490234375 0.162109375
1 0.657958984375 0.4111328125 0.02392578125 0.171875
1 0.71142578125 0.35546875 0.029296875 0.06640625
0 0.743896484375 0.2587890625 0.02197265625 0.048828125
0 0.555419921875 0.36865234375 0.00341796875 0.0126953125
0 0.491943359375 0.36865234375 0.00439453125 0.0146484375
0 0.56640625 0.35595703125 0.00390625 0.0107421875
5 0 0 0 0
5 0 0 0 0
5 0 0 0 0
5 0 0 0 0
5 0 0 0 0
5 0 0 0 0
5 0 0 0 0
5 0 0 0 0
5 0 0 0 0
5 0 0 0 0
5 0 0 0 0
5 0 0 0 0
5 0 0 0 0
5 0 0 0 0
5 0 0 0 0
5 0 0 0 0
5 0 0 0 0
5 0 0 0 0
5 0 0 0 0
5 0 0 0 0
5 0 0 0 0
5 0 0 0 0
5 0 0 0 0
5 0 0 0 0
5 0 0 0 0
5 0 0 0 0
