1 0.44873046875 0.40869140625 0.005859375 0.0361328125
1 0.326416015625 0.39599609375 0.01220703125 0.0302734375
1 0.722412109375 0.34619140625 0.00634765625 0.0048828125
1 0.74462890625 0.345703125 0.013671875 0.044921875
1 0.76025390625 0.39501953125 0.0302734375 0.1962890625
2 0.265380859375 0.42431640625 0.03564453125 0.1748046875
2 0.3056640625 0.41796875 0.0263671875 0.12890625
0 0.100341796875 0.36083984375 0.00341796875 0.0166015625
0 0.8623046875 0.3779296875 0.025390625 0.06640625
5 0 0 0 0
5 0 0 0 0
