1 0.64013671875 0.37353515625 0.00390625 0.0107421875
1 0.624755859375 0.38232421875 0.00634765625 0.0341796875
1 0.57470703125 0.3896484375 0.005859375 0.029296875
1 0.578857421875 0.38623046875 0.00634765625 0.0322265625
4 0.58203125 0.38525390625 0.0068359375 0.0400390625
1 0.602294921875 0.38720703125 0.00634765625 0.0322265625
1 0.564453125 0.39013671875 0.0068359375 0.0341796875
1 0.56884765625 0.3876953125 0.0068359375 0.037109375
1 0.43701171875 0.39892578125 0.0068359375 0.0166015625
1 0.408447265625 0.404296875 0.00634765625 0.013671875
1 0.4130859375 0.404296875 0.00390625 0.015625
1 0.419921875 0.40380859375 0.0029296875 0.0166015625
1 0.443359375 0.39990234375 0.0068359375 0.0166015625
1 0.447998046875 0.40478515625 0.00244140625 0.0087890625
1 0.4501953125 0.404296875 0.001953125 0.013671875
1 0.485595703125 0.39208984375 0.00341796875 0.0205078125
1 0.496826171875 0.39794921875 0.00341796875 0.0107421875
1 0.501708984375 0.3984375 0.00244140625 0.01953125
4 0.51220703125 0.3876953125 0.00390625 0.0234375
1 0.5107421875 0.39013671875 0.00390625 0.0205078125
1 0.51611328125 0.38720703125 0.00390625 0.0244140625
1 0.9833984375 0.32177734375 0.005859375 0.0126953125
4 0.9970703125 0.31787109375 0.0009765625 0.0107421875
1 0.994384765625 0.32080078125 0.00439453125 0.0107421875
1 0.967041015625 0.3251953125 0.00341796875 0.013671875
4 0.97412109375 0.32275390625 0.0068359375 0.0107421875
1 0.91845703125 0.33447265625 0.0078125 0.0205078125
1 0.87255859375 0.3583984375 0.009765625 0.05859375
1 0.8955078125 0.36962890625 0.013671875 0.0615234375
1 0.681396484375 0.390625 0.00927734375 0.044921875
1 0.66845703125 0.39501953125 0.013671875 0.0673828125
1 0.904296875 0.35009765625 0.0107421875 0.0380859375
2 0.5888671875 0.3828125 0.005859375 0.029296875
2 0.86865234375 0.3798828125 0.009765625 0.103515625
1 0.45703125 0.39501953125 0.00390625 0.0185546875
1 0.4697265625 0.396484375 0.0048828125 0.017578125
1 0.46435546875 0.39404296875 0.0068359375 0.0224609375
1 0.506591796875 0.3916015625 0.00146484375 0.015625
4 0.5185546875 0.38720703125 0.00390625 0.0244140625
