1 0.085693359375 0.365234375 0.00830078125 0.033203125
1 0.215576171875 0.443359375 0.04833984375 0.345703125
1 0.1484375 0.42578125 0.037109375 0.298828125
1 0.1669921875 0.4306640625 0.08984375 0.4375
1 0.295166015625 0.41064453125 0.05908203125 0.2919921875
1 0.340576171875 0.421875 0.04931640625 0.28515625
1 0.63525390625 0.36328125 0.0205078125 0.09765625
1 0.62255859375 0.36669921875 0.0166015625 0.0908203125
1 0.7041015625 0.3525390625 0.0234375 0.123046875
1 0.727783203125 0.35888671875 0.02099609375 0.1142578125
1 0.295166015625 0.4384765625 0.05224609375 0.26171875
1 0.6142578125 0.369140625 0.0107421875 0.087890625
1 0.6474609375 0.36572265625 0.0185546875 0.0908203125
1 0.7451171875 0.35888671875 0.01953125 0.1123046875
1 0.0712890625 0.37255859375 0.0078125 0.0380859375
1 0.109375 0.43408203125 0.0419921875 0.3037109375
0 0.603271484375 0.27490234375 0.00830078125 0.0107421875
0 0.8779296875 0.3408203125 0.00390625 0.013671875
0 0.86669921875 0.1572265625 0.005859375 0.015625
0 0.250244140625 0.345703125 0.00244140625 0.005859375
