1 0.04931640625 0.41796875 0.01171875 0.029296875
1 0.1142578125 0.4111328125 0.009765625 0.0390625
1 0.10546875 0.41162109375 0.0146484375 0.0400390625
1 0.12939453125 0.44921875 0.0126953125 0.099609375
1 0.144287109375 0.44873046875 0.02685546875 0.1630859375
1 0.19384765625 0.453125 0.0146484375 0.130859375
1 0.170654296875 0.46826171875 0.01025390625 0.1025390625
1 0.18212890625 0.46240234375 0.025390625 0.1455078125
1 0.2080078125 0.451171875 0.0263671875 0.166015625
1 0.017578125 0.443359375 0.017578125 0.08984375
1 0.281005859375 0.443359375 0.01416015625 0.134765625
1 0.271484375 0.45068359375 0.0205078125 0.1767578125
1 0.260986328125 0.45751953125 0.02685546875 0.1728515625
1 0.234130859375 0.45654296875 0.02880859375 0.1728515625
1 0.291015625 0.45654296875 0.017578125 0.1435546875
4 0.35595703125 0.45947265625 0.0234375 0.0712890625
1 0.33544921875 0.4443359375 0.017578125 0.107421875
1 0.3037109375 0.45751953125 0.0244140625 0.1904296875
1 0.32080078125 0.46044921875 0.021484375 0.1865234375
1 0.47998046875 0.4306640625 0.0126953125 0.09765625
1 0.432861328125 0.42822265625 0.01123046875 0.0810546875
1 0.39892578125 0.4697265625 0.0361328125 0.197265625
1 0.444091796875 0.43310546875 0.02001953125 0.1025390625
1 0.43115234375 0.4609375 0.017578125 0.1640625
1 0.421630859375 0.4697265625 0.03369140625 0.19921875
1 0.464111328125 0.45703125 0.02587890625 0.173828125
1 0.51806640625 0.3974609375 0.0068359375 0.017578125
1 0.52197265625 0.44140625 0.0107421875 0.09375
1 0.511962890625 0.45166015625 0.02294921875 0.1123046875
1 0.555419921875 0.44677734375 0.01904296875 0.1259765625
1 0.533203125 0.48046875 0.017578125 0.0546875
1 0.5400390625 0.4462890625 0.029296875 0.14453125
1 0.590576171875 0.42529296875 0.00830078125 0.0966796875
1 0.573974609375 0.4541015625 0.04248046875 0.21875
1 0.65380859375 0.42578125 0.0087890625 0.083984375
1 0.64404296875 0.42724609375 0.0126953125 0.0869140625
1 0.631103515625 0.42724609375 0.01904296875 0.0927734375
1 0.60498046875 0.46923828125 0.044921875 0.2353515625
1 0.68896484375 0.384765625 0.0126953125 0.0390625
1 0.6796875 0.46875 0.01953125 0.181640625
1 0.7744140625 0.4580078125 0.0244140625 0.2109375
1 0.66845703125 0.4619140625 0.048828125 0.2578125
1 0.947998046875 0.4658203125 0.05126953125 0.251953125
1 0.711181640625 0.453125 0.04443359375 0.283203125
1 0.745849609375 0.46923828125 0.04736328125 0.2646484375
1 0.79736328125 0.4541015625 0.0380859375 0.21484375
0 0.087890625 0.23095703125 0.015625 0.0400390625
0 0.097900390625 0.22705078125 0.01123046875 0.0400390625
0 0.36181640625 0.408203125 0.0439453125 0.111328125
5 0 0 0 0
5 0 0 0 0
5 0 0 0 0
5 0 0 0 0
