1 0.53564453125 0.35400390625 0.00390625 0.0185546875
1 0.532958984375 0.361328125 0.00244140625 0.025390625
1 0.564453125 0.35009765625 0.0029296875 0.0107421875
1 0.5615234375 0.35009765625 0.001953125 0.0107421875
1 0.55810546875 0.35107421875 0.0029296875 0.0126953125
1 0.5537109375 0.353515625 0.001953125 0.013671875
1 0.54736328125 0.3486328125 0.001953125 0.01171875
4 0.55126953125 0.34716796875 0.005859375 0.0126953125
1 0.545166015625 0.35107421875 0.00244140625 0.0107421875
4 0.541015625 0.34765625 0.005859375 0.01171875
1 0.683349609375 0.34423828125 0.00439453125 0.0126953125
1 0.69873046875 0.337890625 0.0068359375 0.017578125
1 0.7060546875 0.33837890625 0.0078125 0.0107421875
1 0.755126953125 0.3193359375 0.01123046875 0.03515625
1 0.776123046875 0.3251953125 0.00732421875 0.0234375
1 0.3837890625 0.380859375 0.00390625 0.017578125
1 0.3466796875 0.38330078125 0.00390625 0.0263671875
1 0.3623046875 0.384765625 0.0048828125 0.02734375
1 0.369873046875 0.3837890625 0.00537109375 0.029296875
1 0.250244140625 0.37451171875 0.00634765625 0.0107421875
1 0.167236328125 0.38037109375 0.00830078125 0.0166015625
1 0.143798828125 0.38427734375 0.00634765625 0.0087890625
1 0.135009765625 0.3818359375 0.00732421875 0.015625
1 0.123046875 0.38232421875 0.0078125 0.0185546875
1 0.09423828125 0.08935546875 0.013671875 0.0263671875
1 0.1376953125 0.09326171875 0.0087890625 0.0107421875
1 0.146728515625 0.09326171875 0.00732421875 0.0087890625
1 0.153076171875 0.095703125 0.00244140625 0.00390625
1 0.15771484375 0.09228515625 0.0068359375 0.0087890625
1 0.127197265625 0.0849609375 0.01416015625 0.029296875
1 0.92626953125 0.07568359375 0.0126953125 0.0634765625
1 0.78271484375 0.07421875 0.005859375 0.00390625
1 0.670166015625 0.07080078125 0.00634765625 0.0146484375
1 0.67431640625 0.0693359375 0.0107421875 0.017578125
1 0.64697265625 0.0751953125 0.0068359375 0.005859375
1 0.637939453125 0.076171875 0.00439453125 0.00390625
1 0.63134765625 0.0634765625 0.009765625 0.029296875
1 0.51708984375 0.06640625 0.015625 0.02734375
1 0.43310546875 0.07763671875 0.005859375 0.0068359375
1 0.448974609375 0.0732421875 0.01220703125 0.015625
1 0.419677734375 0.06689453125 0.00927734375 0.0283203125
1 0.4013671875 0.06787109375 0.0078125 0.0283203125
1 0.41015625 0.06396484375 0.0166015625 0.0361328125
1 0.36962890625 0.07861328125 0.009765625 0.0107421875
1 0.379638671875 0.07275390625 0.01123046875 0.0224609375
1 0.2373046875 0.07763671875 0.0107421875 0.0283203125
1 0.247314453125 0.0751953125 0.01220703125 0.03125
1 0.246826171875 0.08056640625 0.00927734375 0.0205078125
1 0.29150390625 0.0791015625 0.0107421875 0.01953125
1 0.3056640625 0.07958984375 0.0078125 0.0166015625
1 0.280029296875 0.07470703125 0.01220703125 0.0283203125
1 0.891845703125 0.0478515625 0.01123046875 0.0234375
1 0.88037109375 0.0771484375 0.0078125 0.064453125
1 0.887939453125 0.080078125 0.01416015625 0.064453125
1 0.849609375 0.06494140625 0.0087890625 0.0185546875
1 0.840087890625 0.05810546875 0.01513671875 0.0341796875
1 0.85791015625 0.05908203125 0.01171875 0.0302734375
1 0.828857421875 0.06982421875 0.00439453125 0.0107421875
1 0.822509765625 0.06494140625 0.01220703125 0.0224609375
1 0.629150390625 0.39013671875 0.01513671875 0.0849609375
1 0.90380859375 0.34912109375 0.01171875 0.1220703125
1 0.894775390625 0.29150390625 0.00830078125 0.0322265625
1 0.823974609375 0.32763671875 0.01318359375 0.0517578125
1 0.841552734375 0.35888671875 0.02294921875 0.1220703125
1 0.864013671875 0.35546875 0.02978515625 0.177734375
1 0.889892578125 0.357421875 0.03271484375 0.162109375
1 0.838623046875 0.36279296875 0.03173828125 0.1728515625
1 0.87353515625 0.068359375 0.0166015625 0.052734375
1 0.889892578125 0.1015625 0.01708984375 0.072265625
2 0.3916015625 0.3798828125 0.0048828125 0.025390625
2 0.0419921875 0.3974609375 0.013671875 0.06640625
2 0.10595703125 0.39501953125 0.0126953125 0.0556640625
0 0.4833984375 0.10546875 0.0146484375 0.0625
0 0.75341796875 0.10302734375 0.017578125 0.0419921875
0 0.7939453125 0.10595703125 0.0078125 0.0341796875
0 0.36572265625 0.37646484375 0.0029296875 0.0322265625
0 0.299560546875 0.345703125 0.00439453125 0.009765625
1 0.791259765625 0.31884765625 0.01806640625 0.0302734375
5 0 0 0 0
5 0 0 0 0
