1 0.98974609375 0.4580078125 0.0380859375 0.216796875
1 0.784423828125 0.41357421875 0.02685546875 0.1708984375
1 0.76513671875 0.4091796875 0.0322265625 0.1875
1 0.69287109375 0.40283203125 0.0244140625 0.1650390625
1 0.65673828125 0.38525390625 0.0234375 0.1435546875
1 0.66650390625 0.41650390625 0.0322265625 0.1572265625
1 0.67431640625 0.4248046875 0.02734375 0.162109375
3 0.302001953125 0.34423828125 0.00439453125 0.0087890625
1 0.43505859375 0.35791015625 0.009765625 0.0732421875
1 0.4658203125 0.3740234375 0.0107421875 0.119140625
1 0.454833984375 0.3583984375 0.01806640625 0.078125
1 0.513671875 0.40185546875 0.0224609375 0.1669921875
1 0.49267578125 0.3955078125 0.021484375 0.17578125
1 0.414794921875 0.359375 0.01123046875 0.048828125
1 0.373046875 0.353515625 0.01171875 0.06640625
1 0.384033203125 0.35009765625 0.02099609375 0.0830078125
1 0.40234375 0.34765625 0.0185546875 0.06640625
1 0.354736328125 0.357421875 0.01611328125 0.064453125
4 0.305419921875 0.36279296875 0.03955078125 0.0537109375
1 0.015869140625 0.3173828125 0.01025390625 0.017578125
1 0.131591796875 0.31884765625 0.01123046875 0.0205078125
1 0.057861328125 0.31689453125 0.01123046875 0.0185546875
1 0.031982421875 0.3173828125 0.00537109375 0.009765625
1 0.2568359375 0.33349609375 0.013671875 0.0439453125
0 0.0849609375 0.31005859375 0.0107421875 0.0419921875
0 0.857177734375 0.32666015625 0.01318359375 0.0595703125
0 0.838623046875 0.3271484375 0.00927734375 0.060546875
0 0.817626953125 0.3544921875 0.01123046875 0.076171875
0 0.61865234375 0.35888671875 0.0048828125 0.0166015625
