1 0.804931640625 0.37353515625 0.00927734375 0.0654296875
1 0.796142578125 0.3603515625 0.01611328125 0.05078125
3 0.774658203125 0.39404296875 0.00830078125 0.0537109375
1 0.831298828125 0.37890625 0.00732421875 0.099609375
1 0.2041015625 0.3681640625 0.005859375 0.02734375
1 0.0849609375 0.36572265625 0.005859375 0.0517578125
1 0.08056640625 0.36083984375 0.0126953125 0.0634765625
1 0.185791015625 0.36865234375 0.00732421875 0.0341796875
1 0.097900390625 0.3818359375 0.01708984375 0.09375
1 0.116455078125 0.36474609375 0.01123046875 0.0537109375
1 0.175048828125 0.36962890625 0.01025390625 0.0302734375
1 0.046875 0.36669921875 0.017578125 0.0517578125
1 0.008544921875 0.39599609375 0.01025390625 0.1162109375
1 0.312744140625 0.37841796875 0.00634765625 0.0302734375
1 0.4853515625 0.384765625 0.0068359375 0.03125
1 0.476806640625 0.38671875 0.00537109375 0.02734375
1 0.458251953125 0.384765625 0.00732421875 0.033203125
1 0.4677734375 0.38330078125 0.005859375 0.0361328125
1 0.463134765625 0.3828125 0.00634765625 0.03515625
1 0.630126953125 0.3681640625 0.00634765625 0.021484375
1 0.642333984375 0.35498046875 0.00537109375 0.0107421875
1 0.6396484375 0.35791015625 0.005859375 0.0107421875
1 0.664794921875 0.3583984375 0.00439453125 0.0078125
3 0.75244140625 0.40234375 0.0107421875 0.080078125
3 0.761962890625 0.3759765625 0.00927734375 0.03125
1 0.853271484375 0.3876953125 0.02099609375 0.099609375
1 0.331298828125 0.43994140625 0.05517578125 0.3623046875
1 0.440673828125 0.462890625 0.08154296875 0.52734375
0 0.584228515625 0.30908203125 0.00537109375 0.0302734375
0 0.619873046875 0.29296875 0.00732421875 0.021484375
0 0.509521484375 0.37255859375 0.00439453125 0.0107421875
