1 0.12646484375 0.3896484375 0.005859375 0.017578125
1 0.1591796875 0.37841796875 0.0048828125 0.0087890625
1 0.169677734375 0.3837890625 0.00537109375 0.021484375
1 0.201171875 0.384765625 0.0078125 0.02734375
1 0.20849609375 0.38671875 0.005859375 0.0234375
1 0.21826171875 0.38623046875 0.0048828125 0.0224609375
1 0.214111328125 0.3837890625 0.00732421875 0.025390625
1 0.2421875 0.39111328125 0.005859375 0.0400390625
1 0.23779296875 0.3916015625 0.009765625 0.046875
1 0.24609375 0.3896484375 0.0068359375 0.033203125
1 0.267822265625 0.3916015625 0.01318359375 0.037109375
1 0.28076171875 0.3916015625 0.0126953125 0.046875
1 0.297119140625 0.3720703125 0.00341796875 0.009765625
1 0.292724609375 0.39013671875 0.01025390625 0.0498046875
1 0.308349609375 0.38818359375 0.00830078125 0.0400390625
1 0.303955078125 0.38916015625 0.00537109375 0.0380859375
1 0.54248046875 0.361328125 0.009765625 0.0390625
1 0.5419921875 0.3837890625 0.0107421875 0.068359375
1 0.537353515625 0.384765625 0.01806640625 0.0546875
1 0.5576171875 0.4013671875 0.015625 0.119140625
1 0.576171875 0.388671875 0.01171875 0.083984375
1 0.572021484375 0.4072265625 0.02392578125 0.1171875
1 0.58935546875 0.39892578125 0.013671875 0.0673828125
1 0.603759765625 0.39013671875 0.01318359375 0.0830078125
1 0.62255859375 0.4130859375 0.0263671875 0.16015625
1 0.6220703125 0.4267578125 0.03125 0.150390625
1 0.968505859375 0.6494140625 0.01513671875 0.072265625
1 0.800537109375 0.34716796875 0.02587890625 0.0673828125
1 0.90869140625 0.33251953125 0.0126953125 0.0615234375
1 0.89892578125 0.33837890625 0.0166015625 0.0517578125
1 0.859375 0.41748046875 0.0390625 0.2041015625
1 0.686767578125 0.41748046875 0.03759765625 0.2001953125
1 0.650146484375 0.421875 0.03857421875 0.19921875
1 0.96923828125 0.46484375 0.0576171875 0.591796875
0 0.84326171875 0.3291015625 0.0205078125 0.060546875
0 0.646728515625 0.115234375 0.02392578125 0.041015625
0 0.77783203125 0.0791015625 0.0322265625 0.0625
5 0 0 0 0
5 0 0 0 0
5 0 0 0 0
