1 0.03369140625 0.4150390625 0.013671875 0.021484375
1 0.025390625 0.4208984375 0.009765625 0.017578125
1 0.145263671875 0.4248046875 0.00537109375 0.03515625
1 0.77099609375 0.3447265625 0.0244140625 0.064453125
1 0.724853515625 0.48876953125 0.05517578125 0.2998046875
1 0.6337890625 0.47412109375 0.0419921875 0.3251953125
1 0.653564453125 0.46533203125 0.05419921875 0.3798828125
1 0.1376953125 0.4296875 0.0048828125 0.029296875
0 0.741943359375 0.193359375 0.05224609375 0.0859375
0 0.4384765625 0.2880859375 0.001953125 0.0390625
0 0.038818359375 0.21484375 0.05908203125 0.068359375
0 0.194091796875 0.3544921875 0.01220703125 0.025390625
