1 0.454345703125 0.42041015625 0.00341796875 0.0205078125
1 0.4609375 0.42041015625 0.00390625 0.0185546875
1 0.546630859375 0.39208984375 0.00341796875 0.0068359375
1 0.561279296875 0.41064453125 0.00927734375 0.0537109375
1 0.572509765625 0.4130859375 0.00732421875 0.048828125
1 0.5927734375 0.4111328125 0.0126953125 0.060546875
1 0.581787109375 0.4091796875 0.01123046875 0.0703125
1 0.68505859375 0.4033203125 0.0126953125 0.123046875
1 0.6943359375 0.4296875 0.0283203125 0.150390625
1 0.730224609375 0.40478515625 0.02978515625 0.1533203125
1 0.774169921875 0.41552734375 0.03662109375 0.1865234375
1 0.80517578125 0.416015625 0.0341796875 0.166015625
1 0.80712890625 0.42529296875 0.03515625 0.1826171875
1 0.88623046875 0.41455078125 0.0234375 0.1865234375
1 0.8505859375 0.42578125 0.03515625 0.169921875
4 0.993408203125 0.41064453125 0.00830078125 0.1357421875
1 0.912109375 0.42578125 0.0244140625 0.169921875
1 0.931396484375 0.44140625 0.03564453125 0.208984375
1 0.918701171875 0.47900390625 0.03271484375 0.1591796875
1 0.989013671875 0.48583984375 0.01513671875 0.0791015625
1 0.96826171875 0.435546875 0.0478515625 0.234375
3 0.36474609375 0.42138671875 0.0029296875 0.0146484375
1 0.293212890625 0.42822265625 0.00341796875 0.0244140625
1 0.184814453125 0.42041015625 0.00537109375 0.0146484375
1 0.164794921875 0.41552734375 0.01025390625 0.0244140625
1 0.7607421875 0.43408203125 0.0205078125 0.1162109375
0 0.367431640625 0.4111328125 0.00439453125 0.017578125
0 0.375732421875 0.4033203125 0.00341796875 0.015625
5 0 0 0 0
5 0 0 0 0
5 0 0 0 0
5 0 0 0 0
5 0 0 0 0
5 0 0 0 0
5 0 0 0 0
5 0 0 0 0
5 0 0 0 0
5 0 0 0 0
5 0 0 0 0
