3 0.163330078125 0.42529296875 0.01416015625 0.0849609375
3 0.106201171875 0.42529296875 0.02392578125 0.0830078125
1 0.51708984375 0.39599609375 0.0068359375 0.0380859375
1 0.49951171875 0.39599609375 0.0029296875 0.0205078125
1 0.48486328125 0.39599609375 0.0078125 0.0380859375
1 0.50439453125 0.3935546875 0.0048828125 0.02734375
1 0.530029296875 0.3974609375 0.00439453125 0.025390625
1 0.511474609375 0.3955078125 0.00634765625 0.033203125
3 0.147216796875 0.42236328125 0.01416015625 0.0693359375
1 0.523681640625 0.3955078125 0.00830078125 0.04296875
2 0.27978515625 0.41259765625 0.0390625 0.1884765625
2 0.324951171875 0.40185546875 0.03662109375 0.1787109375
3 0.35888671875 0.39892578125 0.0107421875 0.0244140625
0 0.54931640625 0.34423828125 0.0029296875 0.0087890625
0 0.483154296875 0.34375 0.00341796875 0.0078125
0 0.55908203125 0.37890625 0.0029296875 0.01171875
0 0.08349609375 0.41455078125 0.0048828125 0.0361328125
