1 0.795166015625 0.40234375 0.02001953125 0.232421875
1 0.7919921875 0.404296875 0.03125 0.232421875
1 0.744873046875 0.4052734375 0.02294921875 0.220703125
1 0.76416015625 0.4052734375 0.048828125 0.25
1 0.88330078125 0.3974609375 0.0234375 0.126953125
1 0.943115234375 0.40087890625 0.02001953125 0.0966796875
1 0.9658203125 0.38330078125 0.025390625 0.1279296875
1 0.99560546875 0.39111328125 0.0048828125 0.0986328125
1 0.966796875 0.41650390625 0.017578125 0.0927734375
1 0.842529296875 0.3759765625 0.00732421875 0.041015625
2 0.58251953125 0.38134765625 0.0107421875 0.0537109375
2 0.493896484375 0.36962890625 0.00341796875 0.0107421875
0 0.64208984375 0.31005859375 0.0302734375 0.0419921875
0 0.982421875 0.37060546875 0.0078125 0.0673828125
0 0.856689453125 0.27197265625 0.00439453125 0.0166015625
0 0.86865234375 0.2763671875 0.01171875 0.013671875
0 0.11083984375 0.380859375 0.0048828125 0.041015625
0 0.096435546875 0.3779296875 0.00439453125 0.03515625
0 0.02783203125 0.39111328125 0.0107421875 0.0341796875
0 0.152587890625 0.3916015625 0.00439453125 0.017578125
0 0.230712890625 0.3818359375 0.00341796875 0.01953125
0 0.21630859375 0.3828125 0.001953125 0.015625
0 0.20654296875 0.38623046875 0.00390625 0.0126953125
0 0.33349609375 0.3671875 0.0048828125 0.015625
5 0 0 0 0
