1 0.037353515625 0.40283203125 0.02001953125 0.1162109375
1 0.0498046875 0.39990234375 0.01953125 0.1279296875
1 0.013916015625 0.404296875 0.02099609375 0.1171875
1 0.10009765625 0.4091796875 0.021484375 0.10546875
1 0.36279296875 0.41162109375 0.021484375 0.1123046875
1 0.452880859375 0.35888671875 0.00830078125 0.0146484375
1 0.47607421875 0.37353515625 0.009765625 0.0302734375
1 0.484375 0.41015625 0.0166015625 0.1171875
1 0.50439453125 0.39208984375 0.0185546875 0.0595703125
1 0.517822265625 0.41162109375 0.01416015625 0.1201171875
1 0.58154296875 0.4150390625 0.0166015625 0.115234375
1 0.57373046875 0.40380859375 0.01171875 0.0673828125
1 0.577880859375 0.4345703125 0.02001953125 0.095703125
1 0.591552734375 0.44482421875 0.00634765625 0.0439453125
1 0.607666015625 0.4248046875 0.01318359375 0.103515625
1 0.563720703125 0.42041015625 0.02294921875 0.1240234375
1 0.599365234375 0.4189453125 0.01904296875 0.1171875
1 0.6123046875 0.4296875 0.0126953125 0.1171875
1 0.64306640625 0.4296875 0.0166015625 0.099609375
1 0.6513671875 0.4306640625 0.0234375 0.11328125
1 0.666015625 0.4560546875 0.021484375 0.046875
1 0.7373046875 0.43359375 0.0048828125 0.0234375
1 0.73779296875 0.42919921875 0.005859375 0.0361328125
1 0.728759765625 0.4296875 0.01220703125 0.09375
1 0.751220703125 0.44482421875 0.01025390625 0.0693359375
1 0.39208984375 0.38427734375 0.0244140625 0.0576171875
1 0.370361328125 0.4140625 0.00439453125 0.021484375
1 0.671875 0.423828125 0.03515625 0.169921875
1 0.783203125 0.44091796875 0.00390625 0.0498046875
1 0.776611328125 0.44091796875 0.01220703125 0.0615234375
1 0.766845703125 0.447265625 0.01123046875 0.064453125
1 0.76806640625 0.44580078125 0.0107421875 0.0693359375
1 0.796630859375 0.4404296875 0.00830078125 0.05859375
1 0.788818359375 0.44091796875 0.01025390625 0.0576171875
1 0.804931640625 0.44140625 0.01220703125 0.060546875
1 0.815185546875 0.4404296875 0.00927734375 0.060546875
1 0.80615234375 0.4482421875 0.0126953125 0.064453125
1 0.81982421875 0.455078125 0.01171875 0.06640625
1 0.88916015625 0.470703125 0.0068359375 0.037109375
1 0.877197265625 0.46435546875 0.01025390625 0.0556640625
3 0.920166015625 0.4609375 0.00634765625 0.029296875
3 0.919921875 0.4716796875 0.013671875 0.03515625
1 0.90283203125 0.43408203125 0.0419921875 0.2041015625
1 0.865234375 0.44384765625 0.037109375 0.1806640625
1 0.347412109375 0.41162109375 0.02392578125 0.1279296875
5 0 0 0 0
5 0 0 0 0
5 0 0 0 0
5 0 0 0 0
5 0 0 0 0
5 0 0 0 0
5 0 0 0 0
5 0 0 0 0
