1 0.1337890625 0.33642578125 0.009765625 0.0263671875
1 0.227294921875 0.36181640625 0.01025390625 0.0244140625
1 0.453125 0.388671875 0.005859375 0.033203125
1 0.589111328125 0.35302734375 0.00634765625 0.0126953125
1 0.6650390625 0.4326171875 0.0302734375 0.224609375
1 0.71044921875 0.337890625 0.0224609375 0.07421875
1 0.687744140625 0.3740234375 0.03369140625 0.12890625
1 0.3779296875 0.396484375 0.0078125 0.037109375
1 0.235595703125 0.36279296875 0.01123046875 0.0224609375
2 0.399658203125 0.390625 0.01123046875 0.05859375
0 0.41748046875 0.37890625 0.0029296875 0.01171875
5 0 0 0 0
