1 0.439208984375 0.40185546875 0.01220703125 0.0615234375
1 0.627197265625 0.4013671875 0.01708984375 0.10546875
1 0.773193359375 0.35498046875 0.02490234375 0.0673828125
1 0.8017578125 0.36474609375 0.02734375 0.0673828125
1 0.914794921875 0.357421875 0.03076171875 0.142578125
1 0.935791015625 0.3447265625 0.03759765625 0.1640625
1 0.970703125 0.34716796875 0.046875 0.1748046875
4 0.993408203125 0.3515625 0.00830078125 0.12109375
3 0.2119140625 0.40869140625 0.0126953125 0.0205078125
3 0.230712890625 0.4306640625 0.01220703125 0.05859375
1 0.19775390625 0.38916015625 0.0107421875 0.0400390625
1 0.236572265625 0.431640625 0.02587890625 0.126953125
1 0.177490234375 0.4208984375 0.02294921875 0.14453125
1 0.192138671875 0.4248046875 0.02392578125 0.123046875
1 0.15673828125 0.42626953125 0.0244140625 0.1181640625
1 0.134521484375 0.4208984375 0.02783203125 0.13671875
2 0.596435546875 0.42333984375 0.04052734375 0.1982421875
0 0.630615234375 0.37548828125 0.01123046875 0.0458984375
0 0.1064453125 0.263671875 0.01171875 0.0546875
0 0.055908203125 0.23876953125 0.01025390625 0.0673828125
0 0.01904296875 0.22119140625 0.0126953125 0.0595703125
0 0.275146484375 0.484375 0.00439453125 0.009765625
0 0.283203125 0.48583984375 0.0048828125 0.0107421875
0 0.348388671875 0.3603515625 0.01904296875 0.044921875
0 0.287109375 0.36474609375 0.017578125 0.0537109375
