3 0.515380859375 0.42138671875 0.01123046875 0.0322265625
1 0.45751953125 0.396484375 0.00390625 0.03515625
1 0.4775390625 0.3935546875 0.013671875 0.0546875
1 0.49462890625 0.40576171875 0.0146484375 0.0751953125
1 0.882568359375 0.43212890625 0.05322265625 0.2431640625
1 0.651611328125 0.41357421875 0.02978515625 0.1982421875
1 0.685302734375 0.4208984375 0.02587890625 0.17578125
1 0.727294921875 0.40283203125 0.04248046875 0.2255859375
1 0.701904296875 0.41845703125 0.04345703125 0.2138671875
0 0.22314453125 0.42822265625 0.013671875 0.1162109375
