1 0.3486328125 0.3486328125 0.0087890625 0.01953125
1 0.02001953125 0.38134765625 0.0166015625 0.0419921875
1 0.62744140625 0.43017578125 0.021484375 0.1650390625
1 0.916015625 0.41162109375 0.0546875 0.2744140625
1 0.66455078125 0.41064453125 0.0283203125 0.1474609375
1 0.88525390625 0.41064453125 0.025390625 0.2392578125
1 0.642333984375 0.4228515625 0.02392578125 0.166015625
1 0.85107421875 0.41845703125 0.0576171875 0.2568359375
1 0.899169921875 0.42919921875 0.05029296875 0.2939453125
1 0.784423828125 0.39794921875 0.03759765625 0.1962890625
1 0.737548828125 0.40478515625 0.03857421875 0.1943359375
1 0.60498046875 0.3671875 0.01171875 0.037109375
2 0.715087890625 0.40283203125 0.08447265625 0.4111328125
0 0.6279296875 0.15478515625 0.0146484375 0.0498046875
0 0.17626953125 0.2060546875 0.0146484375 0.048828125
0 0.383544921875 0.3466796875 0.00439453125 0.013671875
