1 0.168212890625 0.427734375 0.00439453125 0.01953125
1 0.12548828125 0.42138671875 0.0068359375 0.0341796875
1 0.133056640625 0.423828125 0.00634765625 0.029296875
1 0.4443359375 0.42431640625 0.0029296875 0.0146484375
1 0.471435546875 0.41259765625 0.00634765625 0.0419921875
1 0.47998046875 0.4189453125 0.005859375 0.02734375
1 0.486328125 0.42041015625 0.005859375 0.0263671875
1 0.592529296875 0.4091796875 0.01220703125 0.05859375
1 0.610595703125 0.41015625 0.00732421875 0.05078125
1 0.6044921875 0.41162109375 0.0087890625 0.0537109375
1 0.61669921875 0.4091796875 0.009765625 0.056640625
1 0.621826171875 0.40625 0.00927734375 0.072265625
1 0.6337890625 0.40625 0.0126953125 0.056640625
1 0.74267578125 0.40234375 0.0146484375 0.0703125
1 0.875244140625 0.400390625 0.02392578125 0.115234375
1 0.907470703125 0.39501953125 0.02392578125 0.1162109375
1 0.670166015625 0.4599609375 0.03466796875 0.2265625
1 0.696533203125 0.45947265625 0.04638671875 0.2412109375
2 0.45263671875 0.41455078125 0.009765625 0.0458984375
2 0.758056640625 0.38623046875 0.01318359375 0.0615234375
2 0.795654296875 0.38671875 0.01611328125 0.080078125
0 0.04296875 0.34765625 0.0048828125 0.01171875
0 0.057373046875 0.37744140625 0.00341796875 0.0224609375
5 0 0 0 0
