1 0.788818359375 0.33544921875 0.00439453125 0.0087890625
1 0.875244140625 0.33154296875 0.02099609375 0.0556640625
1 0.92626953125 0.34375 0.0048828125 0.033203125
1 0.89501953125 0.32958984375 0.01953125 0.0615234375
1 0.968505859375 0.35693359375 0.02099609375 0.1298828125
1 0.904296875 0.36376953125 0.0283203125 0.1357421875
1 0.98828125 0.35498046875 0.01953125 0.2646484375
1 0.2548828125 0.3623046875 0.0126953125 0.029296875
1 0.595458984375 0.427734375 0.07080078125 0.404296875
1 0.55078125 0.45849609375 0.07421875 0.3623046875
1 0.2431640625 0.36962890625 0.0068359375 0.0146484375
1 0.2666015625 0.373046875 0.001953125 0.009765625
1 0.328857421875 0.45263671875 0.08349609375 0.4072265625
1 0.386962890625 0.4404296875 0.08740234375 0.458984375
0 0.11962890625 0.41357421875 0.0146484375 0.0498046875
5 0 0 0 0
