3 0.767822265625 0.3935546875 0.00732421875 0.013671875
3 0.779541015625 0.39794921875 0.00830078125 0.0205078125
1 0.8193359375 0.38916015625 0.009765625 0.0595703125
1 0.811279296875 0.39208984375 0.01123046875 0.0556640625
1 0.829833984375 0.3837890625 0.01123046875 0.064453125
1 0.846923828125 0.37890625 0.01123046875 0.08984375
1 0.834228515625 0.38623046875 0.01513671875 0.0830078125
1 0.864990234375 0.35888671875 0.00927734375 0.0478515625
1 0.859619140625 0.400390625 0.02587890625 0.123046875
1 0.875732421875 0.37890625 0.00830078125 0.0703125
1 0.892822265625 0.35888671875 0.00537109375 0.0146484375
1 0.898193359375 0.38037109375 0.01123046875 0.0712890625
1 0.880126953125 0.35888671875 0.00927734375 0.0341796875
1 0.915771484375 0.375 0.01708984375 0.09375
1 0.927490234375 0.38330078125 0.01708984375 0.0947265625
1 0.946533203125 0.37890625 0.01025390625 0.095703125
1 0.938232421875 0.3837890625 0.01904296875 0.09765625
1 0.954345703125 0.38232421875 0.01220703125 0.0849609375
1 0.962158203125 0.3759765625 0.00732421875 0.091796875
1 0.9658203125 0.3818359375 0.021484375 0.103515625
1 0.95361328125 0.3876953125 0.0224609375 0.107421875
1 0.9951171875 0.361328125 0.005859375 0.05078125
1 0.98876953125 0.3603515625 0.0107421875 0.048828125
1 0.967529296875 0.37841796875 0.01318359375 0.0849609375
1 0.97998046875 0.3701171875 0.0234375 0.087890625
1 0.887451171875 0.40771484375 0.02197265625 0.1201171875
1 0.697998046875 0.400390625 0.00732421875 0.041015625
1 0.650390625 0.40234375 0.0078125 0.037109375
1 0.62841796875 0.40185546875 0.0078125 0.0400390625
1 0.622314453125 0.39990234375 0.00732421875 0.0439453125
1 0.608642578125 0.40283203125 0.00634765625 0.0380859375
1 0.6015625 0.40087890625 0.005859375 0.0322265625
1 0.595458984375 0.39990234375 0.00537109375 0.0361328125
1 0.587646484375 0.40380859375 0.00732421875 0.0400390625
1 0.593505859375 0.408203125 0.00732421875 0.033203125
1 0.595947265625 0.41064453125 0.00439453125 0.0224609375
1 0.349609375 0.42236328125 0.005859375 0.0263671875
1 0.342529296875 0.423828125 0.00634765625 0.03125
1 0.33447265625 0.42822265625 0.00390625 0.0205078125
1 0.329833984375 0.43017578125 0.00146484375 0.0166015625
1 0.32568359375 0.4287109375 0.00390625 0.01953125
1 0.3154296875 0.4228515625 0.00390625 0.02734375
1 0.31884765625 0.4208984375 0.0068359375 0.03515625
1 0.296875 0.4228515625 0.0068359375 0.033203125
1 0.30126953125 0.4140625 0.0107421875 0.05078125
1 0.310302734375 0.42138671875 0.00732421875 0.0361328125
1 0.286865234375 0.423828125 0.00732421875 0.033203125
1 0.277587890625 0.41455078125 0.00927734375 0.0517578125
1 0.22412109375 0.42333984375 0.0078125 0.0361328125
1 0.232177734375 0.41650390625 0.01025390625 0.0498046875
1 0.2412109375 0.41259765625 0.01171875 0.0576171875
1 0.212890625 0.41845703125 0.009765625 0.0478515625
1 0.1982421875 0.41845703125 0.0068359375 0.0478515625
1 0.186767578125 0.41748046875 0.01513671875 0.0830078125
1 0.173828125 0.416015625 0.013671875 0.0859375
1 0.143310546875 0.41259765625 0.00439453125 0.0419921875
1 0.1640625 0.44091796875 0.01953125 0.1298828125
1 0.151611328125 0.43994140625 0.01806640625 0.1376953125
1 0.130859375 0.39453125 0.0029296875 0.021484375
1 0.13427734375 0.43896484375 0.0087890625 0.0712890625
1 0.0615234375 0.41552734375 0.01171875 0.0615234375
1 0.095703125 0.392578125 0.013671875 0.041015625
1 0.114990234375 0.42626953125 0.01318359375 0.1044921875
1 0.107666015625 0.451171875 0.01318359375 0.154296875
1 0.097412109375 0.45556640625 0.02978515625 0.1611328125
1 0.07421875 0.45361328125 0.0205078125 0.1611328125
1 0.03857421875 0.41650390625 0.0146484375 0.0966796875
1 0.042724609375 0.42431640625 0.01904296875 0.0947265625
1 0.006103515625 0.4248046875 0.00537109375 0.072265625
1 0.02001953125 0.42138671875 0.01953125 0.0947265625
3 0.755859375 0.3916015625 0.0048828125 0.013671875
3 0.751708984375 0.39501953125 0.01123046875 0.0166015625
1 0.90625 0.38037109375 0.0107421875 0.0732421875
4 0.342041015625 0.4267578125 0.01025390625 0.015625
5 0 0 0 0
5 0 0 0 0
5 0 0 0 0
5 0 0 0 0
5 0 0 0 0
5 0 0 0 0
5 0 0 0 0
5 0 0 0 0
5 0 0 0 0
5 0 0 0 0
5 0 0 0 0
5 0 0 0 0
5 0 0 0 0
5 0 0 0 0
