1 0.639892578125 0.38818359375 0.00244140625 0.0146484375
1 0.695068359375 0.38232421875 0.01123046875 0.0283203125
1 0.714599609375 0.3876953125 0.01025390625 0.02734375
1 0.7392578125 0.37451171875 0.009765625 0.0263671875
1 0.74755859375 0.36865234375 0.0126953125 0.0341796875
1 0.815673828125 0.359375 0.01806640625 0.048828125
3 0.7685546875 0.35302734375 0.0361328125 0.1591796875
3 0.806884765625 0.388671875 0.07861328125 0.21484375
1 0.1962890625 0.40234375 0.005859375 0.0234375
1 0.37109375 0.40234375 0.00390625 0.025390625
1 0.31494140625 0.4033203125 0.0048828125 0.029296875
1 0.31005859375 0.40576171875 0.0048828125 0.0283203125
1 0.19384765625 0.40478515625 0.0078125 0.0205078125
1 0.201416015625 0.40283203125 0.00732421875 0.0244140625
1 0.1826171875 0.4228515625 0.01171875 0.07421875
1 0.151123046875 0.416015625 0.01416015625 0.04296875
1 0.134765625 0.427734375 0.0146484375 0.072265625
1 0.09228515625 0.42431640625 0.009765625 0.0595703125
1 0.085205078125 0.427734375 0.01318359375 0.06640625
1 0.04736328125 0.42138671875 0.01171875 0.0498046875
0 0.326904296875 0.3662109375 0.01318359375 0.037109375
0 0.03564453125 0.41845703125 0.0087890625 0.0439453125
5 0 0 0 0
5 0 0 0 0
5 0 0 0 0
5 0 0 0 0
5 0 0 0 0
5 0 0 0 0
5 0 0 0 0
5 0 0 0 0
5 0 0 0 0
