1 0.89013671875 0.43701171875 0.00390625 0.0400390625
1 0.49072265625 0.455078125 0.0634765625 0.30859375
1 0.326904296875 0.4609375 0.05615234375 0.314453125
1 0.19580078125 0.470703125 0.0634765625 0.310546875
1 0.155517578125 0.458984375 0.07177734375 0.3515625
4 0.013427734375 0.6328125 0.02099609375 0.052734375
1 0.9052734375 0.494140625 0.103515625 0.505859375
4 0.99267578125 0.72998046875 0.009765625 0.0283203125
1 0.751708984375 0.4384765625 0.00927734375 0.046875
1 0.7431640625 0.439453125 0.0048828125 0.044921875
4 0.01416015625 0.55322265625 0.0224609375 0.2080078125
0 0.591064453125 0.33837890625 0.01708984375 0.0419921875
0 0.44189453125 0.33935546875 0.029296875 0.0869140625
0 0.808837890625 0.4345703125 0.00634765625 0.03515625
0 0.640625 0.341796875 0.013671875 0.05078125
0 0.667724609375 0.328125 0.01220703125 0.048828125
0 0.50732421875 0.62060546875 0.05859375 0.0380859375
0 0.326171875 0.6435546875 0.0419921875 0.046875
0 0.955810546875 0.76806640625 0.07568359375 0.0361328125
