1 0.099853515625 0.43017578125 0.00927734375 0.0478515625
3 0.13037109375 0.43994140625 0.009765625 0.0341796875
1 0.14697265625 0.455078125 0.005859375 0.0546875
1 0.153564453125 0.45068359375 0.01416015625 0.0673828125
1 0.18896484375 0.447265625 0.0146484375 0.072265625
1 0.17431640625 0.45166015625 0.009765625 0.0673828125
1 0.2021484375 0.43896484375 0.0078125 0.0478515625
1 0.212890625 0.44677734375 0.009765625 0.0517578125
1 0.23291015625 0.4130859375 0.00390625 0.017578125
1 0.2353515625 0.43408203125 0.0078125 0.0380859375
1 0.419921875 0.40771484375 0.009765625 0.0751953125
1 0.4052734375 0.4091796875 0.0087890625 0.041015625
1 0.3759765625 0.41455078125 0.0078125 0.0361328125
1 0.3662109375 0.419921875 0.0078125 0.04296875
1 0.359619140625 0.42041015625 0.00830078125 0.0439453125
1 0.344482421875 0.42041015625 0.00732421875 0.0380859375
1 0.349365234375 0.4189453125 0.00732421875 0.041015625
1 0.282470703125 0.41650390625 0.00439453125 0.0283203125
1 0.280029296875 0.42919921875 0.00634765625 0.0419921875
1 0.2705078125 0.43359375 0.0068359375 0.0390625
1 0.275390625 0.431640625 0.0087890625 0.041015625
1 0.308837890625 0.43115234375 0.01025390625 0.0498046875
1 0.295166015625 0.4375 0.01025390625 0.048828125
1 0.859130859375 0.3759765625 0.04541015625 0.220703125
1 0.8564453125 0.36572265625 0.0458984375 0.2509765625
1 0.556884765625 0.349609375 0.00927734375 0.07421875
1 0.5634765625 0.38134765625 0.0234375 0.1845703125
1 0.549560546875 0.39404296875 0.01806640625 0.1591796875
1 0.52783203125 0.4248046875 0.060546875 0.29296875
1 0.591064453125 0.42724609375 0.05517578125 0.2880859375
1 0.64501953125 0.3681640625 0.0341796875 0.244140625
1 0.69189453125 0.37158203125 0.025390625 0.2509765625
1 0.724609375 0.29052734375 0.0390625 0.1044921875
1 0.719970703125 0.3779296875 0.05029296875 0.25390625
1 0.6748046875 0.39306640625 0.0419921875 0.3115234375
1 0.655517578125 0.41064453125 0.04931640625 0.3173828125
1 0.78955078125 0.35986328125 0.0517578125 0.2802734375
1 0.75927734375 0.38134765625 0.0419921875 0.2705078125
2 0.22509765625 0.43798828125 0.0087890625 0.0400390625
2 0.24365234375 0.43408203125 0.0078125 0.0400390625
2 0.333251953125 0.404296875 0.00439453125 0.015625
0 0.040283203125 0.447265625 0.01025390625 0.080078125
0 0.25048828125 0.3271484375 0.0078125 0.05078125
0 0.376220703125 0.31689453125 0.01025390625 0.0517578125
0 0.466552734375 0.37646484375 0.00439453125 0.0185546875
0 0.392822265625 0.4072265625 0.00830078125 0.013671875
1 0.768310546875 0.36865234375 0.04833984375 0.2353515625
5 0 0 0 0
5 0 0 0 0
5 0 0 0 0
