1 0.51806640625 0.39892578125 0.009765625 0.0478515625
1 0.630859375 0.36474609375 0.00390625 0.0048828125
1 0.62255859375 0.37353515625 0.0048828125 0.0146484375
1 0.73486328125 0.38134765625 0.01953125 0.0986328125
1 0.759033203125 0.384765625 0.01806640625 0.087890625
1 0.374755859375 0.39794921875 0.00146484375 0.0126953125
1 0.376708984375 0.3994140625 0.00537109375 0.03125
1 0.49609375 0.400390625 0.0068359375 0.0390625
1 0.4892578125 0.40185546875 0.005859375 0.0361328125
1 0.482421875 0.40283203125 0.0048828125 0.0341796875
2 0.536376953125 0.39501953125 0.00830078125 0.0419921875
2 0.54345703125 0.39892578125 0.0107421875 0.0537109375
5 0 0 0 0
5 0 0 0 0
5 0 0 0 0
5 0 0 0 0
5 0 0 0 0
