1 0.567626953125 0.38916015625 0.00634765625 0.0322265625
1 0.657470703125 0.3671875 0.01123046875 0.029296875
1 0.486328125 0.38525390625 0.0126953125 0.0615234375
1 0.430419921875 0.35791015625 0.00732421875 0.0166015625
1 0.385009765625 0.37158203125 0.00830078125 0.0341796875
1 0.392333984375 0.365234375 0.00927734375 0.052734375
1 0.364990234375 0.35205078125 0.00537109375 0.0166015625
1 0.357666015625 0.349609375 0.01123046875 0.021484375
1 0.294677734375 0.337890625 0.01611328125 0.025390625
1 0.272705078125 0.330078125 0.01806640625 0.029296875
1 0.229248046875 0.3388671875 0.00439453125 0.03515625
1 0.23583984375 0.33447265625 0.013671875 0.0361328125
1 0.21923828125 0.34765625 0.015625 0.064453125
1 0.2060546875 0.33984375 0.01171875 0.064453125
1 0.1787109375 0.33154296875 0.0126953125 0.0302734375
1 0.196044921875 0.337890625 0.02294921875 0.0625
1 0.09228515625 0.30615234375 0.0361328125 0.0693359375
1 0.025390625 0.3017578125 0.033203125 0.05859375
1 0.780029296875 0.33837890625 0.01611328125 0.0380859375
1 0.79296875 0.34423828125 0.013671875 0.0263671875
1 0.807861328125 0.345703125 0.02197265625 0.041015625
1 0.83251953125 0.3515625 0.017578125 0.04296875
0 0.6689453125 0.34033203125 0.005859375 0.0224609375
5 0 0 0 0
