1 0.12744140625 0.4462890625 0.005859375 0.017578125
1 0.135009765625 0.447265625 0.00439453125 0.013671875
1 0.192138671875 0.43701171875 0.00732421875 0.0263671875
1 0.19677734375 0.4384765625 0.0048828125 0.01953125
1 0.2060546875 0.43994140625 0.005859375 0.0166015625
4 0.200439453125 0.43896484375 0.00634765625 0.0146484375
1 0.22265625 0.44140625 0.005859375 0.021484375
1 0.227783203125 0.43603515625 0.00634765625 0.0205078125
1 0.282958984375 0.42578125 0.01123046875 0.03125
1 0.524658203125 0.42626953125 0.01416015625 0.0869140625
1 0.53515625 0.40771484375 0.009765625 0.0419921875
1 0.7080078125 0.4169921875 0.0146484375 0.095703125
1 0.870361328125 0.40576171875 0.00439453125 0.0400390625
1 0.875244140625 0.4033203125 0.00732421875 0.033203125
3 0.872802734375 0.42041015625 0.00732421875 0.0283203125
1 0.879638671875 0.41748046875 0.01025390625 0.0673828125
1 0.9716796875 0.44970703125 0.064453125 0.3173828125
4 0.988525390625 0.5712890625 0.01806640625 0.119140625
1 0.978271484375 0.4580078125 0.04052734375 0.375
1 0.919921875 0.43505859375 0.0263671875 0.2236328125
1 0.904052734375 0.4443359375 0.04638671875 0.224609375
1 0.72900390625 0.4462890625 0.0380859375 0.27734375
1 0.81884765625 0.44775390625 0.048828125 0.2294921875
1 0.866455078125 0.447265625 0.03369140625 0.236328125
1 0.7919921875 0.45068359375 0.05078125 0.2900390625
1 0.765380859375 0.46923828125 0.03076171875 0.2509765625
1 0.728271484375 0.44287109375 0.05810546875 0.3017578125
1 0.749755859375 0.4619140625 0.06396484375 0.31640625
1 0.81884765625 0.47216796875 0.08203125 0.3994140625
1 0.85205078125 0.54052734375 0.0810546875 0.3955078125
1 0.58837890625 0.44580078125 0.0224609375 0.1767578125
1 0.61376953125 0.44921875 0.0361328125 0.255859375
1 0.63916015625 0.4482421875 0.03515625 0.279296875
1 0.545166015625 0.46142578125 0.02685546875 0.1787109375
1 0.502197265625 0.4755859375 0.05419921875 0.263671875
1 0.4970703125 0.45947265625 0.064453125 0.3154296875
1 0.57373046875 0.4794921875 0.0830078125 0.40625
1 0.619384765625 0.5634765625 0.06591796875 0.328125
1 0.331298828125 0.46484375 0.04150390625 0.203125
1 0.398193359375 0.4755859375 0.05224609375 0.255859375
1 0.409912109375 0.44970703125 0.04345703125 0.3193359375
1 0.2626953125 0.47216796875 0.0439453125 0.2138671875
1 0.03662109375 0.46728515625 0.009765625 0.0498046875
1 0.02392578125 0.46630859375 0.0107421875 0.0576171875
1 0.031494140625 0.46337890625 0.01123046875 0.0595703125
1 0.0556640625 0.45361328125 0.0048828125 0.0322265625
1 0.044677734375 0.46630859375 0.00830078125 0.0537109375
1 0.166015625 0.453125 0.0244140625 0.16796875
2 0.29541015625 0.43701171875 0.013671875 0.0673828125
1 0.131103515625 0.45068359375 0.00439453125 0.0205078125
1 0.941162109375 0.42919921875 0.03369140625 0.1982421875
1 0.953857421875 0.42431640625 0.03076171875 0.2119140625
1 0.960205078125 0.45947265625 0.04150390625 0.1982421875
1 0.0908203125 0.46826171875 0.021484375 0.1494140625
1 0.07421875 0.46728515625 0.0283203125 0.1572265625
1 0.181396484375 0.45947265625 0.01904296875 0.1357421875
