1 0.4326171875 0.42333984375 0.00390625 0.0224609375
1 0.443115234375 0.41845703125 0.00439453125 0.0224609375
1 0.446533203125 0.419921875 0.00537109375 0.025390625
1 0.45166015625 0.4189453125 0.005859375 0.02734375
1 0.45654296875 0.42041015625 0.005859375 0.0302734375
1 0.46240234375 0.42041015625 0.005859375 0.0302734375
1 0.49658203125 0.41845703125 0.0048828125 0.0263671875
4 0.50732421875 0.4091796875 0.001953125 0.0078125
1 0.51318359375 0.4150390625 0.009765625 0.05078125
1 0.521484375 0.4248046875 0.0068359375 0.041015625
1 0.529541015625 0.42236328125 0.00732421875 0.0556640625
1 0.629638671875 0.44384765625 0.01611328125 0.1396484375
1 0.615478515625 0.44140625 0.02587890625 0.16796875
1 0.675048828125 0.42822265625 0.02490234375 0.1533203125
1 0.75732421875 0.4375 0.0380859375 0.185546875
1 0.930908203125 0.43310546875 0.01513671875 0.1103515625
1 0.970947265625 0.42333984375 0.02587890625 0.1455078125
1 0.2431640625 0.419921875 0.009765625 0.060546875
1 0.233642578125 0.41748046875 0.01123046875 0.0556640625
1 0.099365234375 0.400390625 0.01220703125 0.05859375
1 0.109130859375 0.39892578125 0.01318359375 0.0576171875
1 0.126220703125 0.37890625 0.00927734375 0.013671875
1 0.13232421875 0.419921875 0.0166015625 0.083984375
1 0.182373046875 0.447265625 0.02001953125 0.140625
1 0.20947265625 0.4423828125 0.0244140625 0.125
2 0.436279296875 0.4169921875 0.00439453125 0.021484375
2 0.713134765625 0.44189453125 0.03076171875 0.1494140625
2 0.803955078125 0.4091796875 0.04248046875 0.1875
1 0.90478515625 0.42626953125 0.0078125 0.1181640625
0 0.883056640625 0.2421875 0.00537109375 0.017578125
0 0.546630859375 0.41943359375 0.00439453125 0.0576171875
0 0.02392578125 0.42236328125 0.01953125 0.0146484375
0 0.066650390625 0.39892578125 0.01513671875 0.0615234375
0 0.026611328125 0.37841796875 0.01611328125 0.0146484375
0 0.09716796875 0.02587890625 0.0810546875 0.0478515625
0 0.291259765625 0.4375 0.00927734375 0.0234375
0 0.556640625 0.40283203125 0.0107421875 0.0224609375
0 0.469482421875 0.40966796875 0.00537109375 0.0087890625
