1 0.372314453125 0.427734375 0.02685546875 0.130859375
1 0.492431640625 0.42529296875 0.02783203125 0.1337890625
1 0.544921875 0.41064453125 0.03125 0.1728515625
1 0.696044921875 0.4169921875 0.03466796875 0.169921875
1 0.65087890625 0.42236328125 0.0390625 0.1865234375
1 0.700927734375 0.42138671875 0.03076171875 0.1787109375
1 0.80126953125 0.41748046875 0.0322265625 0.1923828125
0 0.924072265625 0.27734375 0.00439453125 0.013671875
0 0.129638671875 0.427734375 0.04345703125 0.087890625
0 0.61572265625 0.3828125 0.0029296875 0.005859375
