1 0.04931640625 0.4521484375 0.009765625 0.06640625
1 0.0361328125 0.46630859375 0.0263671875 0.1416015625
1 0.234375 0.43603515625 0.0078125 0.0400390625
1 0.20703125 0.4365234375 0.0107421875 0.052734375
1 0.43359375 0.392578125 0.005859375 0.017578125
1 0.458740234375 0.3896484375 0.00439453125 0.015625
3 0.81787109375 0.37451171875 0.0185546875 0.0400390625
3 0.8291015625 0.3720703125 0.0048828125 0.01171875
1 0.518310546875 0.42529296875 0.02490234375 0.1201171875
2 0.653076171875 0.40625 0.04638671875 0.23046875
2 0.9755859375 0.451171875 0.0625 0.44140625
2 0.3232421875 0.4365234375 0.037109375 0.181640625
0 0.56103515625 0.28369140625 0.0166015625 0.0595703125
0 0.09130859375 0.43359375 0.0224609375 0.05859375
0 0.067626953125 0.4296875 0.01806640625 0.05078125
0 0.114013671875 0.4345703125 0.01318359375 0.056640625
0 0.378173828125 0.38623046875 0.00634765625 0.0126953125
0 0.93359375 0.314453125 0.015625 0.068359375
