1 0.895751953125 0.37451171875 0.01904296875 0.1064453125
1 0.779541015625 0.3427734375 0.01220703125 0.021484375
1 0.66845703125 0.33251953125 0.009765625 0.0283203125
1 0.588623046875 0.37255859375 0.01025390625 0.0517578125
1 0.383056640625 0.3837890625 0.00537109375 0.041015625
2 0.560791015625 0.3798828125 0.01416015625 0.076171875
2 0.471435546875 0.3876953125 0.02197265625 0.10546875
0 0.632080078125 0.3623046875 0.01513671875 0.03515625
0 0.543701171875 0.3515625 0.00537109375 0.017578125
0 0.51025390625 0.3447265625 0.00390625 0.009765625
0 0.388916015625 0.35986328125 0.00439453125 0.0126953125
0 0.718505859375 0.28369140625 0.00439453125 0.0107421875
5 0 0 0 0
5 0 0 0 0
