1 0.522216796875 0.33203125 0.01611328125 0.025390625
1 0.54736328125 0.33203125 0.0126953125 0.025390625
1 0.3095703125 0.37451171875 0.0068359375 0.0341796875
1 0.537109375 0.3291015625 0.0126953125 0.029296875
1 0.28955078125 0.484375 0.08203125 0.419921875
0 0.67724609375 0.353515625 0.01953125 0.0859375
0 0.70166015625 0.35107421875 0.0166015625 0.0947265625
0 0.802978515625 0.31689453125 0.01806640625 0.0517578125
0 0.8369140625 0.31787109375 0.0146484375 0.0751953125
0 0.6591796875 0.32275390625 0.0068359375 0.0400390625
0 0.76318359375 0.294921875 0.0126953125 0.046875
0 0.78369140625 0.32470703125 0.0126953125 0.1259765625
0 0.868408203125 0.31005859375 0.00634765625 0.0693359375
