1 0.511962890625 0.43603515625 0.00341796875 0.0302734375
1 0.5068359375 0.4375 0.0078125 0.04296875
1 0.50244140625 0.435546875 0.0048828125 0.029296875
1 0.494384765625 0.435546875 0.00439453125 0.029296875
1 0.485107421875 0.4375 0.01025390625 0.056640625
1 0.431396484375 0.43310546875 0.00634765625 0.0283203125
1 0.412109375 0.44287109375 0.0078125 0.0419921875
1 0.409912109375 0.4462890625 0.00732421875 0.04296875
1 0.5322265625 0.43408203125 0.01171875 0.0595703125
1 0.69580078125 0.42236328125 0.0380859375 0.1845703125
1 0.752685546875 0.44091796875 0.03564453125 0.2275390625
1 0.725830078125 0.44873046875 0.03759765625 0.2216796875
2 0.433837890625 0.435546875 0.00830078125 0.041015625
2 0.43896484375 0.4404296875 0.0107421875 0.052734375
4 0.711669921875 0.486328125 0.00634765625 0.00390625
0 0.630126953125 0.423828125 0.01220703125 0.037109375
0 0.645751953125 0.42236328125 0.01025390625 0.0458984375
0 0.616455078125 0.42041015625 0.01416015625 0.0263671875
0 0.122314453125 0.42236328125 0.00732421875 0.0263671875
0 0.30810546875 0.4248046875 0.0146484375 0.021484375
0 0.363525390625 0.41259765625 0.00732421875 0.0224609375
0 0.6611328125 0.421875 0.009765625 0.033203125
