3 0.11328125 0.40380859375 0.0166015625 0.0517578125
1 0.128662109375 0.3955078125 0.01416015625 0.0703125
4 0.0078125 0.4404296875 0.009765625 0.123046875
1 0.038330078125 0.4169921875 0.02587890625 0.125
1 0.0732421875 0.42578125 0.021484375 0.1328125
1 0.055419921875 0.42236328125 0.02978515625 0.1435546875
1 0.059814453125 0.42919921875 0.02978515625 0.1435546875
1 0.729736328125 0.3896484375 0.00634765625 0.041015625
1 0.786376953125 0.37109375 0.00732421875 0.021484375
1 0.793212890625 0.3642578125 0.00927734375 0.03125
1 0.902587890625 0.37548828125 0.00927734375 0.0615234375
3 0.986572265625 0.359375 0.01220703125 0.01953125
1 0.7177734375 0.4140625 0.0283203125 0.13671875
1 0.776123046875 0.38330078125 0.00830078125 0.0400390625
1 0.751220703125 0.42236328125 0.02783203125 0.1337890625
1 0.7685546875 0.3837890625 0.009765625 0.048828125
1 0.81982421875 0.40576171875 0.0244140625 0.1181640625
1 0.966552734375 0.39453125 0.02978515625 0.14453125
1 0.925537109375 0.4013671875 0.02587890625 0.125
1 0.9365234375 0.4091796875 0.033203125 0.166015625
1 0.918701171875 0.400390625 0.02978515625 0.189453125
1 0.3896484375 0.39501953125 0.0068359375 0.0400390625
1 0.40234375 0.39404296875 0.0068359375 0.0380859375
1 0.559814453125 0.38916015625 0.00732421875 0.0439453125
1 0.501708984375 0.419921875 0.03662109375 0.177734375
2 0.1630859375 0.38232421875 0.013671875 0.0556640625
0 0.78857421875 0.296875 0.0068359375 0.017578125
0 0.835205078125 0.35791015625 0.01416015625 0.0244140625
0 0.800048828125 0.359375 0.00830078125 0.033203125
0 0.619140625 0.38720703125 0.0087890625 0.0166015625
0 0.609619140625 0.37255859375 0.00537109375 0.0126953125
0 0.4384765625 0.3779296875 0.0068359375 0.01171875
0 0.365478515625 0.37939453125 0.00537109375 0.0087890625
0 0.2919921875 0.37939453125 0.0068359375 0.0146484375
5 0 0 0 0
5 0 0 0 0
5 0 0 0 0
5 0 0 0 0
5 0 0 0 0
5 0 0 0 0
