1 0.803955078125 0.45361328125 0.05126953125 0.3056640625
1 0.85107421875 0.4521484375 0.0537109375 0.32421875
1 0.462158203125 0.44287109375 0.01025390625 0.0517578125
1 0.394775390625 0.44873046875 0.01025390625 0.0556640625
4 0.131103515625 0.4189453125 0.00341796875 0.001953125
1 0.60498046875 0.4375 0.0146484375 0.091796875
3 0.020263671875 0.43310546875 0.01611328125 0.0380859375
3 0.12255859375 0.44189453125 0.009765625 0.0341796875
3 0.1318359375 0.4384765625 0.015625 0.041015625
3 0.111328125 0.466796875 0.0234375 0.0859375
3 0.15234375 0.43212890625 0.0087890625 0.0224609375
3 0.039794921875 0.4404296875 0.01513671875 0.033203125
3 0.0537109375 0.4423828125 0.017578125 0.03515625
5 0 0 0 0
