1 0.59521484375 0.4052734375 0.0078125 0.05078125
1 0.614501953125 0.39892578125 0.00634765625 0.0419921875
1 0.557861328125 0.3955078125 0.00537109375 0.044921875
1 0.57568359375 0.4033203125 0.0068359375 0.052734375
1 0.766845703125 0.38427734375 0.00537109375 0.0126953125
1 0.785400390625 0.40087890625 0.01025390625 0.0478515625
1 0.81787109375 0.380859375 0.0029296875 0.0078125
3 0.82275390625 0.3955078125 0.005859375 0.029296875
3 0.818115234375 0.3994140625 0.00830078125 0.0390625
3 0.801025390625 0.39501953125 0.00537109375 0.0146484375
3 0.791748046875 0.41162109375 0.01708984375 0.0615234375
3 0.799072265625 0.41943359375 0.01025390625 0.0478515625
1 0.810546875 0.400390625 0.013671875 0.083984375
1 0.88525390625 0.3876953125 0.009765625 0.048828125
3 0.932861328125 0.41259765625 0.01220703125 0.0595703125
1 0.59033203125 0.40869140625 0.0029296875 0.0458984375
4 0.58056640625 0.4072265625 0.00390625 0.037109375
1 0.585693359375 0.41064453125 0.01123046875 0.0673828125
3 0.474365234375 0.39599609375 0.00537109375 0.0107421875
3 0.483642578125 0.3994140625 0.00634765625 0.0234375
1 0.23583984375 0.4326171875 0.052734375 0.287109375
2 0.5302734375 0.40478515625 0.0087890625 0.0458984375
0 0.1533203125 0.408203125 0.0126953125 0.04296875
0 0.87158203125 0.3388671875 0.0068359375 0.029296875
0 0.858642578125 0.34521484375 0.00634765625 0.0380859375
