1 0.22998046875 0.37890625 0.0126953125 0.046875
1 0.225830078125 0.3828125 0.01123046875 0.0390625
1 0.233642578125 0.380859375 0.00927734375 0.04296875
3 0.266357421875 0.38671875 0.01123046875 0.0234375
3 0.281982421875 0.3876953125 0.01220703125 0.021484375
3 0.4033203125 0.3857421875 0.0126953125 0.01953125
3 0.702880859375 0.3759765625 0.01220703125 0.021484375
3 0.675048828125 0.375 0.00439453125 0.0234375
3 0.67138671875 0.3740234375 0.0068359375 0.025390625
3 0.6669921875 0.3740234375 0.01171875 0.025390625
3 0.27734375 0.38818359375 0.0107421875 0.0205078125
1 0.021240234375 0.40673828125 0.02001953125 0.1845703125
1 0.018798828125 0.4111328125 0.01806640625 0.169921875
1 0.0478515625 0.41015625 0.02734375 0.17578125
1 0.1767578125 0.37841796875 0.009765625 0.0400390625
3 0.300048828125 0.42529296875 0.03955078125 0.1083984375
1 0.342529296875 0.40087890625 0.03564453125 0.1728515625
1 0.380615234375 0.39697265625 0.02880859375 0.1923828125
1 0.38720703125 0.4091796875 0.037109375 0.1796875
1 0.63427734375 0.3916015625 0.0283203125 0.171875
1 0.651611328125 0.400390625 0.03271484375 0.16015625
1 0.732421875 0.39404296875 0.0263671875 0.1298828125
1 0.74609375 0.3935546875 0.0283203125 0.138671875
3 0.905029296875 0.408203125 0.02294921875 0.064453125
1 0.93115234375 0.3876953125 0.021484375 0.12109375
1 0.91162109375 0.38330078125 0.025390625 0.1318359375
3 0.98876953125 0.39111328125 0.017578125 0.0634765625
4 0.992431640625 0.3896484375 0.01025390625 0.134765625
1 0.81591796875 0.38525390625 0.025390625 0.1396484375
0 0.053466796875 0.2353515625 0.02001953125 0.041015625
0 0.127685546875 0.23876953125 0.01904296875 0.0419921875
0 0.07275390625 0.2353515625 0.0126953125 0.0390625
0 0.875732421875 0.369140625 0.01025390625 0.03125
0 0.78759765625 0.36962890625 0.017578125 0.0185546875
0 0.851806640625 0.3671875 0.02587890625 0.029296875
