4 0.986083984375 0.3955078125 0.02294921875 0.296875
1 0.05908203125 0.4169921875 0.017578125 0.087890625
1 0.024658203125 0.4169921875 0.01708984375 0.08984375
1 0.045166015625 0.4130859375 0.02099609375 0.1015625
1 0.12353515625 0.3916015625 0.009765625 0.037109375
1 0.113525390625 0.4150390625 0.01904296875 0.09375
1 0.142578125 0.41259765625 0.01953125 0.0966796875
1 0.18212890625 0.443359375 0.044921875 0.220703125
1 0.258056640625 0.45361328125 0.05029296875 0.2451171875
1 0.330078125 0.4033203125 0.0068359375 0.048828125
1 0.338134765625 0.40966796875 0.01611328125 0.0927734375
1 0.60546875 0.373046875 0.0078125 0.017578125
1 0.607666015625 0.3779296875 0.00439453125 0.01953125
1 0.637451171875 0.3828125 0.01220703125 0.04296875
3 0.68115234375 0.3896484375 0.005859375 0.0234375
3 0.684814453125 0.3916015625 0.00537109375 0.0234375
1 0.67236328125 0.40087890625 0.0126953125 0.0849609375
1 0.439208984375 0.4404296875 0.03271484375 0.2265625
1 0.713623046875 0.3837890625 0.01123046875 0.04296875
1 0.728271484375 0.3759765625 0.00830078125 0.044921875
1 0.735595703125 0.3740234375 0.01123046875 0.052734375
3 0.710693359375 0.40576171875 0.02197265625 0.0556640625
1 0.760009765625 0.3837890625 0.00830078125 0.0546875
1 0.8359375 0.40087890625 0.0185546875 0.0908203125
1 0.787353515625 0.45263671875 0.06591796875 0.3212890625
2 0.491455078125 0.3974609375 0.03564453125 0.1640625
0 0.307861328125 0.39208984375 0.00732421875 0.0283203125
0 0.214111328125 0.3994140625 0.02001953125 0.0390625
0 0.0927734375 0.37255859375 0.0087890625 0.0146484375
0 0.02392578125 0.16796875 0.044921875 0.142578125
0 0.150390625 0.35205078125 0.009765625 0.0205078125
0 0.136962890625 0.35400390625 0.00927734375 0.0185546875
0 0.287353515625 0.37744140625 0.01904296875 0.0576171875
0 0.356689453125 0.36669921875 0.00732421875 0.0107421875
0 0.8564453125 0.3515625 0.001953125 0.009765625
5 0 0 0 0
