1 0.901611328125 0.435546875 0.01123046875 0.064453125
1 0.907958984375 0.44775390625 0.01513671875 0.0732421875
1 0.882568359375 0.4423828125 0.01513671875 0.078125
1 0.86181640625 0.44140625 0.0126953125 0.076171875
1 0.811767578125 0.43359375 0.00830078125 0.05078125
1 0.6826171875 0.44189453125 0.0146484375 0.1259765625
2 0.052978515625 0.388671875 0.01611328125 0.078125
2 0.136962890625 0.39013671875 0.01025390625 0.0498046875
0 0.591552734375 0.412109375 0.01513671875 0.064453125
0 0.291259765625 0.39208984375 0.02197265625 0.0634765625
0 0.36669921875 0.39794921875 0.0224609375 0.0615234375
0 0.033935546875 0.37353515625 0.00830078125 0.0537109375
0 0.041259765625 0.3525390625 0.00537109375 0.017578125
0 0.08984375 0.375 0.0576171875 0.078125
0 0.729248046875 0.3837890625 0.00341796875 0.009765625
0 0.156005859375 0.390625 0.02001953125 0.056640625
