1 0.336669921875 0.3984375 0.00537109375 0.01171875
1 0.213134765625 0.419921875 0.01318359375 0.068359375
1 0.231689453125 0.4326171875 0.00244140625 0.0234375
1 0.19921875 0.4306640625 0.0078125 0.0390625
1 0.100341796875 0.43701171875 0.00732421875 0.0380859375
1 0.264404296875 0.44970703125 0.03271484375 0.1611328125
1 0.41943359375 0.40673828125 0.0068359375 0.0322265625
1 0.491943359375 0.3994140625 0.00244140625 0.025390625
1 0.488037109375 0.39208984375 0.00634765625 0.0498046875
1 0.663330078125 0.36962890625 0.00927734375 0.0537109375
2 0.588623046875 0.38330078125 0.01806640625 0.0888671875
0 0.697021484375 0.1796875 0.01220703125 0.041015625
0 0.850830078125 0.2998046875 0.01025390625 0.029296875
0 0.848388671875 0.07080078125 0.04345703125 0.1162109375
0 0.33642578125 0.37646484375 0.0078125 0.0224609375
0 0.7158203125 0.3486328125 0.01171875 0.0546875
