1 0.55810546875 0.40185546875 0.0068359375 0.0341796875
1 0.567626953125 0.40283203125 0.00634765625 0.0341796875
1 0.68408203125 0.38720703125 0.00390625 0.0087890625
1 0.68994140625 0.39306640625 0.0048828125 0.0166015625
1 0.699951171875 0.40185546875 0.00537109375 0.0263671875
1 0.785888671875 0.40087890625 0.01123046875 0.0634765625
1 0.80322265625 0.39990234375 0.009765625 0.0615234375
2 0.582275390625 0.396484375 0.00439453125 0.021484375
0 0.8193359375 0.2998046875 0.0078125 0.017578125
0 0.89453125 0.3603515625 0.0078125 0.01171875
0 0.84521484375 0.38525390625 0.005859375 0.0283203125
0 0.814453125 0.38818359375 0.00390625 0.0244140625
0 0.83056640625 0.38720703125 0.0068359375 0.0244140625
