1 0.95849609375 0.41064453125 0.0068359375 0.0341796875
1 0.947998046875 0.4130859375 0.00537109375 0.025390625
2 0.6435546875 0.39697265625 0.009765625 0.0263671875
0 0.444580078125 0.39794921875 0.01513671875 0.0224609375
0 0.5439453125 0.40625 0.009765625 0.0234375
0 0.6953125 0.380859375 0.009765625 0.017578125
0 0.669677734375 0.380859375 0.00732421875 0.017578125
0 0.69873046875 0.32568359375 0.005859375 0.0166015625
0 0.149658203125 0.37548828125 0.00927734375 0.0244140625
0 0.13623046875 0.37841796875 0.0078125 0.0166015625
0 0.58447265625 0.400390625 0.005859375 0.01171875
