3 0.31884765625 0.4287109375 0.0078125 0.041015625
3 0.844482421875 0.408203125 0.00830078125 0.0234375
1 0.68115234375 0.39697265625 0.009765625 0.0498046875
1 0.9013671875 0.384765625 0.015625 0.048828125
1 0.767333984375 0.404296875 0.01220703125 0.072265625
1 0.791748046875 0.4091796875 0.01416015625 0.076171875
1 0.6845703125 0.400390625 0.0107421875 0.0390625
1 0.668701171875 0.4013671875 0.01220703125 0.056640625
1 0.819580078125 0.40625 0.01513671875 0.095703125
1 0.8056640625 0.4072265625 0.01953125 0.09375
1 0.832763671875 0.4091796875 0.02001953125 0.095703125
1 0.60302734375 0.419921875 0.0205078125 0.1015625
1 0.62255859375 0.416015625 0.0185546875 0.107421875
1 0.536865234375 0.4267578125 0.01025390625 0.087890625
1 0.510986328125 0.40380859375 0.01513671875 0.0576171875
1 0.493896484375 0.39599609375 0.01904296875 0.0576171875
1 0.52587890625 0.42138671875 0.0205078125 0.1123046875
3 0.49609375 0.42431640625 0.0107421875 0.0380859375
3 0.482177734375 0.4384765625 0.02490234375 0.07421875
3 0.4912109375 0.4443359375 0.0439453125 0.083984375
1 0.556396484375 0.4384765625 0.04541015625 0.22265625
3 0.44482421875 0.4169921875 0.0048828125 0.021484375
1 0.459716796875 0.4208984375 0.01318359375 0.06640625
1 0.41650390625 0.43408203125 0.0263671875 0.1279296875
1 0.296875 0.4248046875 0.017578125 0.10546875
1 0.26953125 0.41748046875 0.0107421875 0.0439453125
1 0.216796875 0.46044921875 0.0302734375 0.1474609375
1 0.887451171875 0.37841796875 0.01220703125 0.0322265625
3 0.874755859375 0.4130859375 0.03173828125 0.060546875
2 0.235595703125 0.41796875 0.01123046875 0.056640625
0 0.121337890625 0.35546875 0.00537109375 0.015625
5 0 0 0 0
5 0 0 0 0
5 0 0 0 0
5 0 0 0 0
5 0 0 0 0
5 0 0 0 0
5 0 0 0 0
5 0 0 0 0
5 0 0 0 0
5 0 0 0 0
5 0 0 0 0
5 0 0 0 0
5 0 0 0 0
5 0 0 0 0
5 0 0 0 0
5 0 0 0 0
5 0 0 0 0
5 0 0 0 0
5 0 0 0 0
5 0 0 0 0
5 0 0 0 0
5 0 0 0 0
5 0 0 0 0
5 0 0 0 0
