1 0.469970703125 0.35693359375 0.00244140625 0.0126953125
1 0.544677734375 0.34912109375 0.00341796875 0.0205078125
1 0.441650390625 0.36962890625 0.00830078125 0.0419921875
1 0.43408203125 0.36669921875 0.005859375 0.0361328125
1 0.63623046875 0.376953125 0.0205078125 0.126953125
1 0.6591796875 0.37939453125 0.021484375 0.1181640625
1 0.1943359375 0.4248046875 0.0380859375 0.18359375
1 0.469482421875 0.35693359375 0.00244140625 0.0166015625
1 0.4736328125 0.35498046875 0.0029296875 0.0166015625
2 0.529541015625 0.36376953125 0.00830078125 0.0400390625
2 0.755126953125 0.43896484375 0.07861328125 0.3818359375
5 0 0 0 0
