1 0.747802734375 0.41259765625 0.02001953125 0.1181640625
1 0.714599609375 0.3984375 0.00244140625 0.017578125
1 0.7939453125 0.400390625 0.009765625 0.05859375
1 0.784423828125 0.404296875 0.01025390625 0.05078125
1 0.5791015625 0.39599609375 0.0048828125 0.0107421875
1 0.7197265625 0.3984375 0.0029296875 0.015625
2 0.37158203125 0.41552734375 0.01953125 0.0927734375
0 0.19970703125 0.29541015625 0.0126953125 0.0654296875
0 0.263671875 0.29833984375 0.01171875 0.0556640625
0 0.297119140625 0.2958984375 0.01123046875 0.0625
0 0.1982421875 0.4267578125 0.009765625 0.046875
0 0.212646484375 0.4375 0.01123046875 0.033203125
0 0.609375 0.38232421875 0.00390625 0.0107421875
