1 0.87353515625 0.4228515625 0.037109375 0.1796875
1 0.81884765625 0.423828125 0.03515625 0.171875
1 0.78857421875 0.4228515625 0.037109375 0.1796875
1 0.51416015625 0.41064453125 0.03125 0.1884765625
1 0.54931640625 0.4169921875 0.0341796875 0.177734375
1 0.451171875 0.4130859375 0.0302734375 0.19140625
1 0.261474609375 0.3935546875 0.02099609375 0.107421875
1 0.2451171875 0.404296875 0.0205078125 0.1171875
2 0.20263671875 0.3837890625 0.0048828125 0.025390625
0 0.07080078125 0.28515625 0.009765625 0.025390625
