1 0.11767578125 0.37744140625 0.00390625 0.0185546875
1 0.17529296875 0.38134765625 0.0078125 0.0419921875
1 0.29638671875 0.38720703125 0.0078125 0.0341796875
1 0.3173828125 0.39111328125 0.00390625 0.0283203125
1 0.31298828125 0.388671875 0.005859375 0.03515625
1 0.32861328125 0.39208984375 0.00390625 0.0263671875
1 0.552490234375 0.39501953125 0.00537109375 0.0166015625
1 0.57421875 0.40673828125 0.0078125 0.0419921875
1 0.5654296875 0.419921875 0.0126953125 0.0703125
1 0.5556640625 0.416015625 0.013671875 0.087890625
1 0.0087890625 0.375 0.0048828125 0.02734375
1 0.918212890625 0.4208984375 0.00732421875 0.046875
1 0.947998046875 0.42578125 0.00927734375 0.04296875
1 0.89501953125 0.40234375 0.0029296875 0.013671875
1 0.751953125 0.42041015625 0.0078125 0.0595703125
1 0.763427734375 0.4443359375 0.00341796875 0.009765625
1 0.760009765625 0.42236328125 0.00927734375 0.0556640625
1 0.7685546875 0.42626953125 0.009765625 0.0458984375
1 0.900146484375 0.4296875 0.01611328125 0.078125
2 0.19970703125 0.37939453125 0.0087890625 0.0419921875
2 0.30224609375 0.3857421875 0.0048828125 0.0234375
0 0.558837890625 0.33935546875 0.00439453125 0.0107421875
0 0.633544921875 0.31982421875 0.01220703125 0.0634765625
0 0.6142578125 0.39697265625 0.005859375 0.0302734375
0 0.892822265625 0.3291015625 0.00634765625 0.021484375
0 0.240234375 0.37841796875 0.0107421875 0.0322265625
5 0 0 0 0
