1 0.193359375 0.4296875 0.005859375 0.033203125
3 0.187744140625 0.4404296875 0.00927734375 0.03515625
3 0.1875 0.44677734375 0.0224609375 0.0419921875
3 0.173583984375 0.447265625 0.01611328125 0.044921875
1 0.43798828125 0.39111328125 0.009765625 0.0380859375
3 0.499267578125 0.3994140625 0.00732421875 0.029296875
3 0.50439453125 0.40478515625 0.009765625 0.0302734375
1 0.828369140625 0.3681640625 0.01806640625 0.046875
1 0.790283203125 0.4130859375 0.01513671875 0.138671875
1 0.7744140625 0.4130859375 0.025390625 0.140625
0 0.666015625 0.30078125 0.009765625 0.02734375
0 0.574462890625 0.28076171875 0.01123046875 0.0654296875
0 0.1328125 0.41064453125 0.013671875 0.0302734375
0 0.113525390625 0.408203125 0.01025390625 0.03125
0 0.323486328125 0.4052734375 0.00439453125 0.025390625
0 0.866455078125 0.33251953125 0.00732421875 0.0087890625
5 0 0 0 0
