1 0.3232421875 0.38134765625 0.009765625 0.0322265625
1 0.3671875 0.39453125 0.0107421875 0.06640625
1 0.35791015625 0.39453125 0.015625 0.07421875
1 0.227783203125 0.3994140625 0.00830078125 0.0390625
1 0.218994140625 0.4033203125 0.00634765625 0.041015625
2 0.723388671875 0.36474609375 0.01416015625 0.0458984375
2 0.959228515625 0.34765625 0.01904296875 0.060546875
2 0.318359375 0.38232421875 0.015625 0.0751953125
2 0.2802734375 0.38623046875 0.013671875 0.0654296875
0 0.72998046875 0.287109375 0.00390625 0.015625
0 0.802734375 0.3505859375 0.0224609375 0.0390625
0 0.73876953125 0.3662109375 0.005859375 0.017578125
