1 0.7216796875 0.2158203125 0.0087890625 0.021484375
1 0.745849609375 0.38671875 0.02001953125 0.09765625
4 0.69140625 0.458984375 0.0361328125 0.15234375
1 0.554443359375 0.40283203125 0.00439453125 0.0341796875
1 0.15869140625 0.40478515625 0.009765625 0.0400390625
0 0.873046875 0.369140625 0.0205078125 0.091796875
0 0.90087890625 0.30615234375 0.0185546875 0.0693359375
0 0.841796875 0.35107421875 0.0126953125 0.0361328125
0 0.314697265625 0.3486328125 0.00439453125 0.01171875
0 0.5751953125 0.36474609375 0.0087890625 0.0263671875
0 0.73193359375 0.37109375 0.0078125 0.02734375
