1 0.56494140625 0.42041015625 0.015625 0.0927734375
1 0.570068359375 0.4189453125 0.01513671875 0.09375
1 0.60009765625 0.3916015625 0.01171875 0.046875
1 0.60693359375 0.41650390625 0.017578125 0.0849609375
1 0.8525390625 0.41259765625 0.0107421875 0.0966796875
1 0.83203125 0.40869140625 0.017578125 0.1005859375
1 0.8134765625 0.40478515625 0.01953125 0.0966796875
1 0.782470703125 0.41357421875 0.01318359375 0.0966796875
1 0.78955078125 0.41552734375 0.013671875 0.0908203125
1 0.7978515625 0.4208984375 0.015625 0.083984375
3 0.753662109375 0.4150390625 0.01513671875 0.0703125
3 0.764892578125 0.4296875 0.01904296875 0.06640625
1 0.739013671875 0.4140625 0.02099609375 0.1015625
1 0.70654296875 0.41552734375 0.013671875 0.0927734375
3 0.714111328125 0.42626953125 0.01806640625 0.0732421875
1 0.65478515625 0.41796875 0.0107421875 0.091796875
1 0.6484375 0.41748046875 0.0126953125 0.0947265625
1 0.638916015625 0.42138671875 0.01904296875 0.0927734375
1 0.67236328125 0.41552734375 0.009765625 0.0927734375
1 0.662841796875 0.4228515625 0.01611328125 0.0859375
1 0.679931640625 0.421875 0.01806640625 0.087890625
1 0.692626953125 0.4189453125 0.01708984375 0.095703125
1 0.013427734375 0.419921875 0.00927734375 0.02734375
1 0.028076171875 0.41796875 0.01220703125 0.04296875
4 0.011474609375 0.45703125 0.01708984375 0.150390625
1 0.321044921875 0.43701171875 0.01708984375 0.0810546875
1 0.375244140625 0.42431640625 0.01220703125 0.0439453125
1 0.338134765625 0.4365234375 0.01513671875 0.083984375
1 0.35302734375 0.4365234375 0.0146484375 0.083984375
1 0.364501953125 0.43896484375 0.01513671875 0.0830078125
1 0.404052734375 0.43017578125 0.01416015625 0.0986328125
2 0.60693359375 0.4140625 0.0166015625 0.080078125
0 0.896728515625 0.3671875 0.01220703125 0.04296875
0 0.963134765625 0.3642578125 0.01416015625 0.033203125
0 0.938720703125 0.36376953125 0.01025390625 0.0322265625
