1 0.114501953125 0.43115234375 0.02294921875 0.1142578125
1 0.719970703125 0.4052734375 0.00732421875 0.033203125
1 0.742431640625 0.40771484375 0.00732421875 0.0419921875
1 0.734619140625 0.4072265625 0.00830078125 0.04296875
1 0.775390625 0.4267578125 0.0185546875 0.12890625
1 0.817138671875 0.435546875 0.02587890625 0.146484375
1 0.85888671875 0.416015625 0.0126953125 0.142578125
1 0.848388671875 0.41943359375 0.02685546875 0.1630859375
1 0.848876953125 0.42529296875 0.01904296875 0.1591796875
1 0.8681640625 0.42333984375 0.0234375 0.1787109375
1 0.912353515625 0.43310546875 0.02490234375 0.1767578125
1 0.08251953125 0.44287109375 0.0107421875 0.0615234375
0 0.7666015625 0.26416015625 0.0068359375 0.0185546875
