1 0.619140625 0.39990234375 0.009765625 0.0751953125
1 0.439453125 0.36572265625 0.0146484375 0.0419921875
4 0.451904296875 0.384765625 0.00537109375 0.04296875
1 0.456787109375 0.39306640625 0.01220703125 0.0654296875
1 0.440673828125 0.39599609375 0.01318359375 0.0654296875
1 0.44921875 0.39697265625 0.0146484375 0.0810546875
1 0.419189453125 0.3916015625 0.01904296875 0.091796875
1 0.484619140625 0.3837890625 0.00634765625 0.0703125
1 0.479248046875 0.39208984375 0.01318359375 0.0849609375
3 0.362548828125 0.404296875 0.01806640625 0.06640625
3 0.382080078125 0.3935546875 0.01904296875 0.044921875
1 0.245361328125 0.359375 0.00927734375 0.037109375
1 0.34619140625 0.4072265625 0.03515625 0.16796875
1 0.2744140625 0.35009765625 0.017578125 0.0693359375
3 0.25927734375 0.357421875 0.0087890625 0.025390625
3 0.25146484375 0.3603515625 0.0068359375 0.01171875
3 0.2578125 0.38623046875 0.0078125 0.0419921875
3 0.22216796875 0.365234375 0.0068359375 0.015625
3 0.251220703125 0.39306640625 0.02392578125 0.0654296875
3 0.199951171875 0.3671875 0.01513671875 0.0234375
1 0.172119140625 0.37646484375 0.01025390625 0.0673828125
1 0.179443359375 0.388671875 0.01318359375 0.060546875
1 0.560302734375 0.40478515625 0.02294921875 0.1455078125
1 0.586181640625 0.40576171875 0.01220703125 0.1103515625
1 0.572021484375 0.41552734375 0.03076171875 0.1494140625
2 0.42333984375 0.38720703125 0.0205078125 0.1005859375
2 0.510009765625 0.37939453125 0.00732421875 0.0556640625
2 0.321533203125 0.38134765625 0.01806640625 0.0869140625
0 0.097900390625 0.34521484375 0.01025390625 0.0263671875
0 0.078125 0.3447265625 0.0087890625 0.025390625
5 0 0 0 0
5 0 0 0 0
