1 0.124755859375 0.4072265625 0.00537109375 0.01953125
1 0.11865234375 0.408203125 0.005859375 0.015625
1 0.1767578125 0.4052734375 0.0107421875 0.041015625
1 0.161865234375 0.39306640625 0.00634765625 0.0146484375
1 0.200927734375 0.42431640625 0.01220703125 0.0830078125
1 0.21435546875 0.4208984375 0.015625 0.08203125
1 0.256591796875 0.408203125 0.00634765625 0.05859375
1 0.24853515625 0.4111328125 0.0166015625 0.083984375
1 0.375732421875 0.41552734375 0.01513671875 0.0498046875
3 0.3212890625 0.44482421875 0.02734375 0.0439453125
1 0.30126953125 0.41943359375 0.0224609375 0.1083984375
1 0.473876953125 0.38427734375 0.01611328125 0.0654296875
3 0.626708984375 0.388671875 0.02001953125 0.0390625
3 0.639892578125 0.3974609375 0.01708984375 0.021484375
3 0.665283203125 0.3896484375 0.02197265625 0.033203125
1 0.420654296875 0.412109375 0.02294921875 0.1328125
1 0.80224609375 0.326171875 0.013671875 0.12890625
0 0.374267578125 0.32568359375 0.00439453125 0.0244140625
0 0.6943359375 0.38623046875 0.0205078125 0.0361328125
0 0.22998046875 0.41015625 0.0126953125 0.029296875
0 0.359130859375 0.4052734375 0.01318359375 0.03125
0 0.46533203125 0.23876953125 0.009765625 0.0439453125
0 0.635009765625 0.189453125 0.02392578125 0.046875
0 0.99169921875 0.31201171875 0.013671875 0.0810546875
