1 0.07373046875 0.3896484375 0.0068359375 0.033203125
1 0.389892578125 0.39501953125 0.00830078125 0.0419921875
1 0.43212890625 0.3955078125 0.0068359375 0.041015625
1 0.419677734375 0.39794921875 0.00537109375 0.0341796875
1 0.412353515625 0.39453125 0.00830078125 0.041015625
1 0.167236328125 0.3916015625 0.01220703125 0.064453125
1 0.45751953125 0.3994140625 0.00390625 0.025390625
1 0.46240234375 0.39697265625 0.005859375 0.0302734375
1 0.534423828125 0.39697265625 0.00634765625 0.0439453125
3 0.54345703125 0.404296875 0.013671875 0.02734375
1 0.5439453125 0.3994140625 0.0068359375 0.0546875
1 0.797119140625 0.40673828125 0.01318359375 0.0693359375
1 0.81103515625 0.40478515625 0.013671875 0.0693359375
1 0.696044921875 0.4072265625 0.01220703125 0.05859375
3 0.562744140625 0.40380859375 0.00830078125 0.0439453125
3 0.564208984375 0.4052734375 0.01904296875 0.04296875
2 0.19189453125 0.3837890625 0.015625 0.068359375
2 0.136962890625 0.3876953125 0.01708984375 0.08203125
2 0.47412109375 0.3935546875 0.0078125 0.037109375
2 0.888427734375 0.4091796875 0.01708984375 0.08203125
0 0.857666015625 0.27197265625 0.01806640625 0.0966796875
0 0.82568359375 0.39111328125 0.01171875 0.0419921875
0 0.758056640625 0.302734375 0.00732421875 0.015625
0 0.71044921875 0.408203125 0.0078125 0.01953125
