1 0.837158203125 0.39599609375 0.02880859375 0.1044921875
1 0.40771484375 0.390625 0.005859375 0.015625
1 0.3623046875 0.400390625 0.009765625 0.033203125
1 0.1689453125 0.40185546875 0.0107421875 0.0126953125
1 0.4716796875 0.44189453125 0.0244140625 0.1181640625
1 0.663330078125 0.37890625 0.00634765625 0.01953125
2 0.4814453125 0.40478515625 0.009765625 0.0517578125
2 0.606689453125 0.423828125 0.02197265625 0.11328125
0 0.972900390625 0.421875 0.02490234375 0.173828125
0 0.20068359375 0.44189453125 0.01953125 0.0341796875
0 0.7158203125 0.38427734375 0.009765625 0.0380859375
