1 0.58154296875 0.4052734375 0.029296875 0.169921875
1 0.409912109375 0.388671875 0.02001953125 0.1015625
1 0.22412109375 0.404296875 0.017578125 0.107421875
2 0.4189453125 0.37744140625 0.01171875 0.0654296875
2 0.352294921875 0.37890625 0.03173828125 0.15234375
0 0.707763671875 0.3564453125 0.02001953125 0.080078125
0 0.5458984375 0.36474609375 0.009765625 0.0458984375
0 0.781494140625 0.38134765625 0.01318359375 0.0419921875
0 0.28173828125 0.3759765625 0.0048828125 0.052734375
0 0.33154296875 0.20849609375 0.005859375 0.0283203125
0 0.330810546875 0.337890625 0.00341796875 0.03515625
