1 0.63916015625 0.41064453125 0.0048828125 0.0556640625
1 0.67431640625 0.39794921875 0.009765625 0.0810546875
1 0.6650390625 0.39990234375 0.015625 0.0869140625
1 0.68701171875 0.38330078125 0.0048828125 0.0439453125
1 0.404052734375 0.376953125 0.00634765625 0.01171875
1 0.385498046875 0.384765625 0.01123046875 0.03125
1 0.374267578125 0.380859375 0.01025390625 0.0390625
1 0.347900390625 0.38232421875 0.00927734375 0.0283203125
1 0.24072265625 0.392578125 0.0126953125 0.03515625
1 0.22802734375 0.392578125 0.0146484375 0.046875
1 0.16796875 0.41748046875 0.013671875 0.0869140625
1 0.177490234375 0.41650390625 0.01806640625 0.0888671875
1 0.642333984375 0.40283203125 0.00732421875 0.0693359375
1 0.646728515625 0.400390625 0.01513671875 0.08203125
2 0.30224609375 0.4052734375 0.0341796875 0.158203125
0 0.345947265625 0.1630859375 0.04443359375 0.029296875
0 0.25244140625 0.35595703125 0.013671875 0.0341796875
0 0.277099609375 0.3330078125 0.00439453125 0.01171875
0 0.1298828125 0.36865234375 0.0146484375 0.0576171875
0 0.324951171875 0.37744140625 0.00732421875 0.0283203125
0 0.835693359375 0.349609375 0.01123046875 0.05859375
5 0 0 0 0
5 0 0 0 0
5 0 0 0 0
5 0 0 0 0
