1 0.5244140625 0.3818359375 0.005859375 0.02734375
1 0.46533203125 0.40087890625 0.0107421875 0.0576171875
1 0.60986328125 0.37646484375 0.005859375 0.0283203125
1 0.614013671875 0.38330078125 0.00732421875 0.0361328125
1 0.62158203125 0.37939453125 0.0078125 0.0322265625
4 0.5947265625 0.37890625 0.001953125 0.015625
2 0.54736328125 0.376953125 0.00390625 0.017578125
2 0.596923828125 0.37939453125 0.00439453125 0.0224609375
2 0.600830078125 0.384765625 0.00634765625 0.03125
2 0.606689453125 0.39306640625 0.00634765625 0.0302734375
2 0.626953125 0.41064453125 0.013671875 0.0810546875
2 0.638916015625 0.42138671875 0.02197265625 0.1064453125
