1 0.661865234375 0.3974609375 0.03369140625 0.1640625
1 0.38818359375 0.3681640625 0.01171875 0.064453125
1 0.40234375 0.3662109375 0.029296875 0.072265625
1 0.42529296875 0.3623046875 0.0166015625 0.056640625
1 0.478271484375 0.36474609375 0.02392578125 0.0771484375
1 0.569580078125 0.36767578125 0.03466796875 0.1318359375
1 0.096923828125 0.39404296875 0.00927734375 0.0458984375
1 0.086181640625 0.39453125 0.00732421875 0.04296875
1 0.066650390625 0.3935546875 0.01025390625 0.05078125
1 0.07568359375 0.39306640625 0.009765625 0.0498046875
1 0.0087890625 0.3994140625 0.0107421875 0.046875
2 0.02734375 0.39208984375 0.0087890625 0.0361328125
5 0 0 0 0
