1 0.77685546875 0.376953125 0.0166015625 0.0546875
1 0.795166015625 0.373046875 0.01611328125 0.037109375
1 0.81298828125 0.3681640625 0.0185546875 0.05078125
1 0.923583984375 0.3916015625 0.00537109375 0.068359375
3 0.5302734375 0.38427734375 0.0068359375 0.0146484375
3 0.53857421875 0.38720703125 0.0048828125 0.0166015625
3 0.54443359375 0.38720703125 0.009765625 0.0166015625
1 0.578369140625 0.40771484375 0.02099609375 0.1005859375
1 0.624267578125 0.41357421875 0.01904296875 0.1025390625
1 0.7685546875 0.412109375 0.0146484375 0.12109375
1 0.753173828125 0.40576171875 0.02490234375 0.1572265625
1 0.956787109375 0.380859375 0.01611328125 0.068359375
1 0.9736328125 0.4013671875 0.021484375 0.10546875
1 0.4501953125 0.41845703125 0.013671875 0.0732421875
1 0.461181640625 0.41455078125 0.01708984375 0.0810546875
1 0.414794921875 0.39697265625 0.00439453125 0.0302734375
1 0.323486328125 0.38720703125 0.00732421875 0.0185546875
1 0.32666015625 0.408203125 0.0087890625 0.046875
1 0.349609375 0.416015625 0.01171875 0.0625
1 0.359375 0.4140625 0.009765625 0.0546875
1 0.3857421875 0.41015625 0.01171875 0.07421875
1 0.37939453125 0.41650390625 0.0166015625 0.0810546875
1 0.398193359375 0.423828125 0.02685546875 0.12890625
1 0.424072265625 0.443359375 0.00634765625 0.017578125
1 0.42822265625 0.40771484375 0.025390625 0.1240234375
1 0.30517578125 0.42431640625 0.0166015625 0.0791015625
1 0.287841796875 0.447265625 0.01220703125 0.017578125
1 0.2880859375 0.42626953125 0.0146484375 0.0693359375
1 0.303955078125 0.423828125 0.01708984375 0.09765625
1 0.333984375 0.42138671875 0.0185546875 0.0908203125
0 0.158447265625 0.4306640625 0.03271484375 0.091796875
0 0.187744140625 0.4267578125 0.01806640625 0.076171875
0 0.134033203125 0.3623046875 0.02001953125 0.166015625
0 0.271240234375 0.3994140625 0.01123046875 0.056640625
0 0.5888671875 0.3408203125 0.0029296875 0.017578125
0 0.38525390625 0.3828125 0.0029296875 0.013671875
0 0.701904296875 0.33447265625 0.00537109375 0.0126953125
