1 0.516357421875 0.40869140625 0.01220703125 0.0673828125
1 0.623046875 0.36328125 0.0107421875 0.03125
1 0.587646484375 0.4189453125 0.06005859375 0.29296875
1 0.7041015625 0.42724609375 0.05859375 0.2841796875
1 0.67578125 0.41748046875 0.072265625 0.3505859375
1 0.895263671875 0.40283203125 0.04443359375 0.2255859375
1 0.92431640625 0.4013671875 0.05078125 0.24609375
1 0.21923828125 0.4013671875 0.0107421875 0.064453125
1 0.209228515625 0.4013671875 0.01220703125 0.05859375
4 0.010986328125 0.4794921875 0.01611328125 0.12890625
2 0.3046875 0.41552734375 0.01171875 0.0732421875
2 0.30908203125 0.38818359375 0.0224609375 0.1025390625
2 0.166748046875 0.390625 0.03173828125 0.154296875
2 0.41748046875 0.39599609375 0.0107421875 0.0517578125
2 0.482666015625 0.39501953125 0.04345703125 0.2119140625
0 0.7529296875 0.3671875 0.015625 0.029296875
0 0.88232421875 0.24951171875 0.0029296875 0.0107421875
