1 0.161376953125 0.39599609375 0.00634765625 0.0185546875
1 0.17919921875 0.3974609375 0.0078125 0.0234375
1 0.1943359375 0.3974609375 0.00390625 0.013671875
1 0.664306640625 0.38427734375 0.00537109375 0.0205078125
1 0.669189453125 0.38671875 0.00537109375 0.01171875
1 0.646240234375 0.38330078125 0.00439453125 0.0048828125
1 0.809326171875 0.37158203125 0.01416015625 0.0244140625
1 0.85205078125 0.37890625 0.00390625 0.015625
1 0.35693359375 0.404296875 0.00390625 0.029296875
1 0.329345703125 0.400390625 0.00537109375 0.03125
1 0.34130859375 0.40283203125 0.005859375 0.0341796875
0 0.09521484375 0.35888671875 0.00390625 0.0087890625
