3 0.125732421875 0.44677734375 0.03271484375 0.0908203125
1 0.340576171875 0.41552734375 0.00537109375 0.0341796875
1 0.451416015625 0.40380859375 0.00439453125 0.0205078125
1 0.447998046875 0.40771484375 0.00634765625 0.0341796875
1 0.352783203125 0.41845703125 0.00927734375 0.0439453125
1 0.379638671875 0.41650390625 0.00830078125 0.0419921875
1 0.468017578125 0.3984375 0.00634765625 0.017578125
1 0.44140625 0.41015625 0.005859375 0.037109375
1 0.5419921875 0.408203125 0.015625 0.08984375
1 0.623779296875 0.3896484375 0.00634765625 0.03125
1 0.63720703125 0.396484375 0.0087890625 0.0546875
1 0.64501953125 0.40185546875 0.0078125 0.0478515625
1 0.650146484375 0.3876953125 0.00830078125 0.041015625
1 0.73876953125 0.4169921875 0.017578125 0.22265625
1 0.785400390625 0.4443359375 0.02099609375 0.1640625
1 0.695556640625 0.41845703125 0.06201171875 0.3037109375
2 0.55322265625 0.40283203125 0.009765625 0.0439453125
0 0.630126953125 0.2958984375 0.00927734375 0.02734375
0 0.737548828125 0.27197265625 0.00634765625 0.0302734375
0 0.94580078125 0.2734375 0.0068359375 0.02734375
0 0.948974609375 0.38037109375 0.02197265625 0.0556640625
0 0.42431640625 0.41015625 0.009765625 0.01953125
