1 0.3955078125 0.38037109375 0.0078125 0.0185546875
1 0.26904296875 0.36474609375 0.009765625 0.0205078125
1 0.864501953125 0.36328125 0.00927734375 0.05078125
3 0.83203125 0.39599609375 0.033203125 0.0751953125
1 0.817138671875 0.3779296875 0.01513671875 0.080078125
1 0.80322265625 0.36962890625 0.015625 0.0556640625
3 0.69873046875 0.388671875 0.0078125 0.03125
1 0.791015625 0.37890625 0.0078125 0.06640625
1 0.97509765625 0.4658203125 0.0458984375 0.46875
1 0.740234375 0.3818359375 0.0166015625 0.087890625
1 0.65673828125 0.3818359375 0.005859375 0.0546875
1 0.64892578125 0.3984375 0.0166015625 0.09765625
1 0.666015625 0.38525390625 0.0126953125 0.0712890625
1 0.681396484375 0.39599609375 0.01611328125 0.1044921875
1 0.5703125 0.3837890625 0.0068359375 0.01953125
1 0.454833984375 0.392578125 0.00537109375 0.025390625
1 0.5654296875 0.380859375 0.0068359375 0.021484375
1 0.621826171875 0.36279296875 0.00732421875 0.0224609375
1 0.612548828125 0.3720703125 0.00439453125 0.0234375
1 0.42529296875 0.40283203125 0.0146484375 0.0712890625
1 0.58642578125 0.40087890625 0.013671875 0.1005859375
1 0.55810546875 0.4052734375 0.0234375 0.1171875
1 0.598876953125 0.400390625 0.03076171875 0.1484375
0 0.381591796875 0.30517578125 0.00927734375 0.0244140625
0 0.581298828125 0.29736328125 0.00927734375 0.0224609375
0 0.087890625 0.32861328125 0.0048828125 0.0146484375
0 0.132568359375 0.322265625 0.00830078125 0.0234375
5 0 0 0 0
5 0 0 0 0
5 0 0 0 0
