1 0.809326171875 0.32763671875 0.01025390625 0.0439453125
1 0.172607421875 0.44091796875 0.02490234375 0.1201171875
1 0.28515625 0.4365234375 0.0078125 0.068359375
1 0.2666015625 0.43017578125 0.013671875 0.0791015625
1 0.27490234375 0.42578125 0.0185546875 0.111328125
1 0.254638671875 0.43505859375 0.01904296875 0.0927734375
1 0.23291015625 0.4375 0.01953125 0.091796875
1 0.201171875 0.4404296875 0.0234375 0.1171875
1 0.796875 0.3330078125 0.0126953125 0.044921875
1 0.503662109375 0.39013671875 0.00927734375 0.0517578125
2 0.521240234375 0.38134765625 0.00927734375 0.0419921875
0 0.88671875 0.287109375 0.0283203125 0.033203125
0 0.88671875 0.32666015625 0.0244140625 0.0244140625
0 0.056640625 0.396484375 0.02734375 0.044921875
0 0.67333984375 0.36669921875 0.009765625 0.0537109375
0 0.87548828125 0.23486328125 0.0126953125 0.0302734375
0 0.894775390625 0.22900390625 0.01318359375 0.0322265625
