1 0.262939453125 0.48388671875 0.01123046875 0.0712890625
1 0.369384765625 0.47119140625 0.00634765625 0.0400390625
1 0.396240234375 0.4697265625 0.00634765625 0.03125
1 0.40380859375 0.46728515625 0.005859375 0.0380859375
1 0.416015625 0.455078125 0.005859375 0.021484375
1 0.48876953125 0.458984375 0.009765625 0.048828125
1 0.654296875 0.47119140625 0.025390625 0.1591796875
1 0.68115234375 0.47509765625 0.0205078125 0.1435546875
1 0.695556640625 0.4638671875 0.02294921875 0.173828125
1 0.762451171875 0.44384765625 0.01806640625 0.1142578125
1 0.75 0.44482421875 0.0224609375 0.1162109375
3 0.796142578125 0.43017578125 0.01220703125 0.0244140625
3 0.8037109375 0.43017578125 0.0146484375 0.0244140625
3 0.82275390625 0.4453125 0.0234375 0.05859375
1 0.85888671875 0.43505859375 0.017578125 0.0986328125
3 0.886962890625 0.49462890625 0.01611328125 0.0302734375
1 0.90185546875 0.46240234375 0.033203125 0.1884765625
1 0.957275390625 0.39453125 0.02197265625 0.07421875
1 0.972900390625 0.45654296875 0.04052734375 0.1962890625
2 0.543701171875 0.44921875 0.00341796875 0.01953125
0 0.228271484375 0.486328125 0.01123046875 0.0703125
0 0.196533203125 0.4755859375 0.00830078125 0.033203125
0 0.513916015625 0.45263671875 0.00830078125 0.0302734375
0 0.916015625 0.41162109375 0.0107421875 0.0537109375
0 0.933349609375 0.40869140625 0.01513671875 0.0576171875
5 0 0 0 0
