1 0.416259765625 0.40087890625 0.00927734375 0.0205078125
1 0.401123046875 0.45458984375 0.02392578125 0.1142578125
1 0.3974609375 0.4501953125 0.0205078125 0.123046875
1 0.40869140625 0.44775390625 0.0302734375 0.1474609375
1 0.426513671875 0.45263671875 0.02294921875 0.1123046875
1 0.378662109375 0.44775390625 0.02099609375 0.1337890625
1 0.353271484375 0.45068359375 0.02490234375 0.1201171875
1 0.32373046875 0.45263671875 0.02734375 0.1318359375
2 0.687744140625 0.4052734375 0.00830078125 0.041015625
2 0.761474609375 0.3984375 0.00634765625 0.03125
2 0.774658203125 0.39453125 0.00634765625 0.03125
2 0.826171875 0.39013671875 0.0048828125 0.0126953125
0 0.910888671875 0.37353515625 0.00732421875 0.0400390625
