1 0.283447265625 0.38525390625 0.00927734375 0.0283203125
1 0.8720703125 0.38037109375 0.0341796875 0.2080078125
1 0.91015625 0.41796875 0.06640625 0.32421875
1 0.79248046875 0.41796875 0.052734375 0.255859375
1 0.027099609375 0.41064453125 0.01318359375 0.0634765625
1 0.0634765625 0.408203125 0.0078125 0.076171875
1 0.43994140625 0.3955078125 0.0107421875 0.0546875
1 0.408447265625 0.39501953125 0.01318359375 0.0712890625
1 0.372314453125 0.373046875 0.00439453125 0.009765625
1 0.37548828125 0.3759765625 0.009765625 0.029296875
1 0.32763671875 0.3984375 0.01171875 0.064453125
1 0.317626953125 0.3984375 0.01416015625 0.06640625
1 0.0810546875 0.4091796875 0.0107421875 0.072265625
1 0.069580078125 0.40283203125 0.01513671875 0.0556640625
1 0.123291015625 0.4052734375 0.01416015625 0.078125
1 0.111572265625 0.40966796875 0.01123046875 0.0693359375
1 0.1015625 0.4052734375 0.013671875 0.091796875
1 0.12646484375 0.40673828125 0.015625 0.0732421875
1 0.586181640625 0.37646484375 0.00537109375 0.0263671875
3 0.180908203125 0.41015625 0.01708984375 0.041015625
1 0.22119140625 0.40283203125 0.015625 0.0751953125
1 0.2294921875 0.40625 0.0146484375 0.072265625
1 0.54248046875 0.37646484375 0.0048828125 0.0263671875
3 0.51318359375 0.38427734375 0.005859375 0.0126953125
3 0.525390625 0.38720703125 0.001953125 0.0048828125
1 0.250244140625 0.40380859375 0.01318359375 0.0634765625
3 0.535400390625 0.37841796875 0.01025390625 0.0224609375
1 0.2568359375 0.404296875 0.0126953125 0.06640625
1 0.618896484375 0.376953125 0.00634765625 0.01953125
1 0.5478515625 0.37451171875 0.0107421875 0.0341796875
1 0.5595703125 0.376953125 0.0087890625 0.02734375
1 0.57421875 0.37451171875 0.0078125 0.0322265625
1 0.581298828125 0.3779296875 0.00732421875 0.0234375
3 0.57666015625 0.3798828125 0.009765625 0.015625
3 0.564453125 0.380859375 0.0068359375 0.015625
1 0.613525390625 0.37451171875 0.01025390625 0.0263671875
1 0.603515625 0.37841796875 0.005859375 0.0205078125
1 0.597412109375 0.3779296875 0.00830078125 0.0234375
1 0.627197265625 0.3740234375 0.00732421875 0.025390625
1 0.5205078125 0.38037109375 0.0087890625 0.0244140625
1 0.503173828125 0.3779296875 0.00634765625 0.029296875
1 0.64501953125 0.39453125 0.0166015625 0.111328125
1 0.67333984375 0.39208984375 0.015625 0.1142578125
1 0.69921875 0.4033203125 0.03515625 0.17578125
1 0.658935546875 0.4072265625 0.03076171875 0.17578125
2 0.386962890625 0.3828125 0.01123046875 0.04296875
0 0.468505859375 0.392578125 0.00732421875 0.0234375
0 0.431640625 0.37939453125 0.005859375 0.0146484375
0 0.826904296875 0.376953125 0.02685546875 0.064453125
