1 0.080810546875 0.396484375 0.00634765625 0.01171875
1 0.087890625 0.40283203125 0.0078125 0.0185546875
1 0.226806640625 0.39208984375 0.00244140625 0.0068359375
1 0.22021484375 0.4091796875 0.0068359375 0.037109375
1 0.225341796875 0.40869140625 0.00634765625 0.0380859375
1 0.34423828125 0.4013671875 0.00390625 0.0234375
1 0.336181640625 0.392578125 0.00439453125 0.0078125
1 0.764404296875 0.41845703125 0.02783203125 0.2177734375
1 0.3134765625 0.4140625 0.0078125 0.048828125
1 0.2958984375 0.42138671875 0.017578125 0.0849609375
1 0.400146484375 0.40380859375 0.00732421875 0.0400390625
1 0.47021484375 0.4052734375 0.0087890625 0.041015625
1 0.237060546875 0.41943359375 0.01806640625 0.0888671875
1 0.474365234375 0.4111328125 0.00634765625 0.029296875
1 0.40771484375 0.4208984375 0.015625 0.08203125
1 0.506103515625 0.3984375 0.00634765625 0.048828125
1 0.502685546875 0.40234375 0.00830078125 0.04296875
1 0.485107421875 0.4091796875 0.00732421875 0.033203125
4 0.57568359375 0.419921875 0.001953125 0.001953125
1 0.581787109375 0.412109375 0.01025390625 0.080078125
1 0.571533203125 0.41259765625 0.01416015625 0.0908203125
1 0.553955078125 0.40869140625 0.00927734375 0.0712890625
1 0.545166015625 0.41357421875 0.01416015625 0.0791015625
1 0.598388671875 0.38427734375 0.00634765625 0.0302734375
1 0.560791015625 0.41796875 0.02099609375 0.111328125
1 0.59033203125 0.41357421875 0.0224609375 0.1103515625
2 0.5263671875 0.3994140625 0.0087890625 0.041015625
2 0.39111328125 0.41357421875 0.017578125 0.0849609375
2 0.427734375 0.4033203125 0.013671875 0.06640625
2 0.4560546875 0.40234375 0.0078125 0.03515625
0 0.725341796875 0.412109375 0.01806640625 0.10546875
0 0.705078125 0.39404296875 0.01953125 0.0732421875
0 0.78515625 0.39990234375 0.0126953125 0.0654296875
0 0.835205078125 0.35498046875 0.01416015625 0.1103515625
0 0.641357421875 0.40283203125 0.01611328125 0.0654296875
0 0.611572265625 0.39990234375 0.01416015625 0.0439453125
0 0.90283203125 0.326171875 0.02734375 0.130859375
0 0.857177734375 0.33740234375 0.01318359375 0.1083984375
0 0.662841796875 0.39453125 0.01123046875 0.068359375
