1 0.97998046875 0.39013671875 0.0390625 0.2236328125
1 0.632080078125 0.404296875 0.01611328125 0.087890625
1 0.66162109375 0.3955078125 0.0185546875 0.091796875
1 0.881103515625 0.4033203125 0.04248046875 0.21875
1 0.305908203125 0.421875 0.00439453125 0.0234375
1 0.270751953125 0.42919921875 0.00732421875 0.0341796875
1 0.277099609375 0.427734375 0.00732421875 0.0390625
1 0.28466796875 0.42724609375 0.0068359375 0.0341796875
1 0.338623046875 0.4208984375 0.00537109375 0.03515625
1 0.50634765625 0.41015625 0.0087890625 0.05859375
1 0.51611328125 0.41357421875 0.0166015625 0.0830078125
1 0.472900390625 0.423828125 0.01123046875 0.05859375
2 0.35009765625 0.4169921875 0.0068359375 0.033203125
0 0.41357421875 0.41357421875 0.01171875 0.0302734375
0 0.2236328125 0.45751953125 0.0166015625 0.0380859375
