1 0.0302734375 0.3662109375 0.01171875 0.048828125
3 0.258056640625 0.384765625 0.00830078125 0.0078125
1 0.106201171875 0.3671875 0.01123046875 0.03125
1 0.19873046875 0.37451171875 0.01171875 0.0263671875
3 0.220458984375 0.3798828125 0.00634765625 0.013671875
3 0.250732421875 0.38427734375 0.00634765625 0.0068359375
1 0.126953125 0.3720703125 0.0107421875 0.0234375
4 0.181884765625 0.375 0.00732421875 0.01953125
1 0.234130859375 0.400390625 0.01416015625 0.078125
1 0.21240234375 0.40673828125 0.017578125 0.0869140625
1 0.46630859375 0.4150390625 0.009765625 0.0625
1 0.523681640625 0.41748046875 0.00732421875 0.0595703125
1 0.51953125 0.41748046875 0.009765625 0.0615234375
1 0.48876953125 0.3857421875 0.0078125 0.015625
1 0.4951171875 0.390625 0.0078125 0.021484375
1 0.507080078125 0.42578125 0.00732421875 0.044921875
1 0.497314453125 0.408203125 0.00830078125 0.04296875
1 0.501220703125 0.4208984375 0.01025390625 0.0625
1 0.48876953125 0.4189453125 0.009765625 0.064453125
1 0.481201171875 0.4169921875 0.01123046875 0.068359375
1 0.915283203125 0.43896484375 0.01220703125 0.0712890625
1 0.8740234375 0.431640625 0.0126953125 0.068359375
1 0.876708984375 0.435546875 0.01416015625 0.068359375
1 0.89501953125 0.435546875 0.01171875 0.06640625
1 0.903564453125 0.4365234375 0.01513671875 0.072265625
1 0.909423828125 0.4404296875 0.01416015625 0.068359375
1 0.888427734375 0.43408203125 0.01513671875 0.0791015625
2 0.113037109375 0.39111328125 0.01318359375 0.0654296875
2 0.154296875 0.37060546875 0.0068359375 0.0322265625
2 0.146484375 0.39013671875 0.013671875 0.0673828125
2 0.428955078125 0.4052734375 0.01416015625 0.068359375
0 0.06005859375 0.35205078125 0.025390625 0.0654296875
0 0.61328125 0.369140625 0.009765625 0.03125
0 0.364501953125 0.3623046875 0.01513671875 0.02734375
0 0.40771484375 0.3779296875 0.0146484375 0.0546875
0 0.330810546875 0.39404296875 0.00927734375 0.0224609375
0 0.59619140625 0.3564453125 0.0126953125 0.029296875
0 0.585205078125 0.375 0.00927734375 0.01953125
