1 0.80322265625 0.4013671875 0.0234375 0.154296875
1 0.8212890625 0.40869140625 0.03515625 0.1787109375
1 0.14990234375 0.4091796875 0.009765625 0.060546875
1 0.06494140625 0.4150390625 0.0126953125 0.0625
1 0.025146484375 0.43798828125 0.00830078125 0.0615234375
1 0.0126953125 0.39404296875 0.0185546875 0.0576171875
1 0.04443359375 0.4140625 0.0234375 0.087890625
1 0.2265625 0.40625 0.0087890625 0.04296875
1 0.16748046875 0.423828125 0.0205078125 0.11328125
1 0.197265625 0.416015625 0.0205078125 0.1328125
1 0.50390625 0.3916015625 0.00390625 0.021484375
1 0.2578125 0.416015625 0.013671875 0.078125
1 0.26904296875 0.41796875 0.0126953125 0.095703125
1 0.13330078125 0.423828125 0.0263671875 0.15234375
1 0.66162109375 0.39306640625 0.0107421875 0.0712890625
1 0.1015625 0.43701171875 0.025390625 0.1279296875
1 0.12646484375 0.43310546875 0.0302734375 0.1474609375
1 0.659423828125 0.40673828125 0.01123046875 0.0908203125
4 0.005859375 0.48046875 0.005859375 0.166015625
1 0.643798828125 0.39794921875 0.01123046875 0.1044921875
1 0.6953125 0.3994140625 0.015625 0.09375
1 0.679443359375 0.40576171875 0.02685546875 0.1298828125
1 0.247314453125 0.41943359375 0.00830078125 0.0849609375
1 0.24072265625 0.42138671875 0.0234375 0.1181640625
1 0.34765625 0.4130859375 0.0126953125 0.072265625
1 0.339111328125 0.41455078125 0.01123046875 0.0791015625
1 0.322021484375 0.4150390625 0.00927734375 0.076171875
1 0.3310546875 0.41552734375 0.0185546875 0.0966796875
1 0.405029296875 0.39208984375 0.01123046875 0.0341796875
1 0.39404296875 0.39794921875 0.0107421875 0.0478515625
3 0.400634765625 0.408203125 0.01708984375 0.048828125
1 0.43017578125 0.39404296875 0.005859375 0.0244140625
1 0.41943359375 0.40283203125 0.0087890625 0.0615234375
1 0.425537109375 0.40771484375 0.01123046875 0.0537109375
1 0.44970703125 0.40576171875 0.009765625 0.0576171875
2 0.302490234375 0.4111328125 0.02001953125 0.1171875
2 0.28515625 0.3896484375 0.0224609375 0.076171875
2 0.595947265625 0.4052734375 0.01806640625 0.078125
0 0.85498046875 0.37158203125 0.013671875 0.0419921875
0 0.885498046875 0.384765625 0.01025390625 0.126953125
0 0.951904296875 0.3662109375 0.01416015625 0.046875
0 0.781005859375 0.39892578125 0.01513671875 0.0869140625
0 0.739501953125 0.35302734375 0.00732421875 0.0341796875
0 0.214599609375 0.3974609375 0.01611328125 0.025390625
0 0.0830078125 0.4072265625 0.0078125 0.02734375
0 0.146728515625 0.3642578125 0.01611328125 0.0234375
0 0.20849609375 0.41259765625 0.015625 0.0283203125
0 0.5146484375 0.3876953125 0.0068359375 0.017578125
0 0.568603515625 0.37255859375 0.00830078125 0.0166015625
0 0.584228515625 0.37939453125 0.00439453125 0.0107421875
0 0.601806640625 0.37109375 0.00244140625 0.0078125
0 0.612060546875 0.38037109375 0.00537109375 0.0146484375
0 0.620361328125 0.37890625 0.00341796875 0.013671875
0 0.625732421875 0.3740234375 0.00634765625 0.013671875
5 0 0 0 0
5 0 0 0 0
5 0 0 0 0
5 0 0 0 0
5 0 0 0 0
5 0 0 0 0
5 0 0 0 0
5 0 0 0 0
5 0 0 0 0
5 0 0 0 0
