1 0.070556640625 0.3984375 0.04248046875 0.205078125
3 0.20947265625 0.44287109375 0.0380859375 0.0615234375
1 0.218994140625 0.40625 0.02783203125 0.16796875
3 0.452392578125 0.38134765625 0.00927734375 0.0205078125
1 0.1875 0.40380859375 0.0361328125 0.1767578125
3 0.445556640625 0.3818359375 0.01220703125 0.02734375
3 0.46826171875 0.38525390625 0.005859375 0.0126953125
1 0.3017578125 0.39501953125 0.0244140625 0.1259765625
1 0.330078125 0.39990234375 0.0234375 0.1240234375
1 0.54248046875 0.388671875 0.013671875 0.0703125
1 0.9833984375 0.4189453125 0.03125 0.296875
1 0.635986328125 0.3974609375 0.00537109375 0.041015625
1 0.599853515625 0.38037109375 0.00830078125 0.0283203125
0 0.076171875 0.240234375 0.0068359375 0.03515625
0 0.651123046875 0.330078125 0.01611328125 0.05859375
0 0.484619140625 0.3505859375 0.00634765625 0.068359375
5 0 0 0 0
5 0 0 0 0
