1 0.621337890625 0.4248046875 0.01318359375 0.0859375
1 0.6455078125 0.419921875 0.009765625 0.0859375
1 0.635498046875 0.42333984375 0.01513671875 0.0908203125
1 0.6572265625 0.42431640625 0.0078125 0.0869140625
1 0.6923828125 0.3876953125 0.005859375 0.01171875
1 0.701416015625 0.419921875 0.01513671875 0.091796875
1 0.69140625 0.42724609375 0.0166015625 0.0830078125
1 0.67626953125 0.4208984375 0.013671875 0.0859375
1 0.665283203125 0.42626953125 0.01806640625 0.0888671875
1 0.752197265625 0.39208984375 0.01708984375 0.0380859375
1 0.72900390625 0.42529296875 0.0126953125 0.0830078125
1 0.71826171875 0.4248046875 0.015625 0.087890625
1 0.05517578125 0.4140625 0.0107421875 0.015625
1 0.2421875 0.49365234375 0.080078125 0.3896484375
1 0.353271484375 0.4755859375 0.07470703125 0.3671875
1 0.416015625 0.50341796875 0.0751953125 0.3603515625
1 0.425537109375 0.49609375 0.06591796875 0.435546875
2 0.0947265625 0.42333984375 0.013671875 0.0380859375
0 0.810546875 0.3984375 0.0126953125 0.0390625
