1 0.704345703125 0.40087890625 0.03076171875 0.1552734375
1 0.7373046875 0.44189453125 0.029296875 0.1591796875
1 0.793701171875 0.39697265625 0.03955078125 0.2431640625
1 0.75244140625 0.40380859375 0.064453125 0.3115234375
1 0.628662109375 0.39013671875 0.01220703125 0.0869140625
1 0.8388671875 0.4072265625 0.0537109375 0.26953125
1 0.602294921875 0.38671875 0.01513671875 0.087890625
1 0.616943359375 0.39013671875 0.02001953125 0.1025390625
1 0.580322265625 0.39306640625 0.00830078125 0.0712890625
1 0.3525390625 0.3896484375 0.0068359375 0.03515625
1 0.3447265625 0.3896484375 0.005859375 0.033203125
1 0.2587890625 0.38623046875 0.0068359375 0.0478515625
1 0.2646484375 0.400390625 0.015625 0.08203125
1 0.243408203125 0.39697265625 0.01708984375 0.0830078125
1 0.208251953125 0.40771484375 0.01513671875 0.0830078125
1 0.1201171875 0.41064453125 0.0224609375 0.1064453125
1 0.0986328125 0.41455078125 0.01171875 0.1064453125
1 0.072021484375 0.4130859375 0.02001953125 0.107421875
1 0.0888671875 0.4140625 0.0224609375 0.126953125
2 0.639404296875 0.3876953125 0.01708984375 0.078125
2 0.66162109375 0.40771484375 0.0498046875 0.2392578125
2 0.3193359375 0.39501953125 0.0068359375 0.0439453125
2 0.330810546875 0.3955078125 0.00537109375 0.029296875
2 0.270263671875 0.38720703125 0.00439453125 0.0341796875
0 0.5791015625 0.345703125 0.00390625 0.009765625
0 0.562255859375 0.29833984375 0.01025390625 0.0439453125
0 0.495361328125 0.36962890625 0.01220703125 0.0107421875
0 0.514892578125 0.37109375 0.00830078125 0.01171875
0 0.447998046875 0.36767578125 0.00927734375 0.0146484375
0 0.325439453125 0.36669921875 0.00341796875 0.0068359375
0 0.29296875 0.3828125 0.0107421875 0.03515625
0 0.306396484375 0.3857421875 0.01220703125 0.033203125
0 0.462646484375 0.3740234375 0.00537109375 0.017578125
0 0.4384765625 0.3623046875 0.005859375 0.01953125
