1 0.778076171875 0.41015625 0.00634765625 0.037109375
1 0.955322265625 0.4228515625 0.03271484375 0.203125
1 0.783203125 0.412109375 0.005859375 0.03515625
1 0.9013671875 0.41455078125 0.0849609375 0.4794921875
1 0.540283203125 0.39306640625 0.00634765625 0.0224609375
1 0.553466796875 0.39404296875 0.00927734375 0.0263671875
4 0.640380859375 0.396484375 0.01025390625 0.02734375
1 0.561767578125 0.4091796875 0.01806640625 0.109375
1 0.5751953125 0.41357421875 0.0166015625 0.1064453125
1 0.60693359375 0.4091796875 0.005859375 0.080078125
1 0.62646484375 0.4091796875 0.0126953125 0.078125
1 0.611572265625 0.41455078125 0.02197265625 0.1123046875
1 0.656494140625 0.43505859375 0.03466796875 0.1689453125
1 0.742919921875 0.42578125 0.06201171875 0.302734375
1 0.07177734375 0.38037109375 0.0048828125 0.0283203125
1 0.289794921875 0.41064453125 0.01806640625 0.1083984375
1 0.272216796875 0.4072265625 0.02197265625 0.119140625
1 0.32470703125 0.4072265625 0.0234375 0.111328125
1 0.341552734375 0.41015625 0.01318359375 0.126953125
1 0.332763671875 0.4189453125 0.02392578125 0.11328125
1 0.3798828125 0.4072265625 0.0234375 0.11328125
1 0.376953125 0.412109375 0.025390625 0.123046875
1 0.358154296875 0.41162109375 0.02783203125 0.1337890625
1 0.4619140625 0.419921875 0.0205078125 0.119140625
1 0.384765625 0.4111328125 0.021484375 0.119140625
1 0.441650390625 0.41796875 0.02783203125 0.134765625
1 0.450927734375 0.40966796875 0.03369140625 0.1611328125
1 0.40478515625 0.416015625 0.0341796875 0.166015625
1 0.802490234375 0.42822265625 0.00732421875 0.0400390625
2 0.669921875 0.384765625 0.013671875 0.056640625
2 0.7080078125 0.3955078125 0.0390625 0.1875
2 0.24072265625 0.3876953125 0.00390625 0.015625
0 0.9853515625 0.35009765625 0.013671875 0.0458984375
0 0.313232421875 0.35400390625 0.00341796875 0.0087890625
0 0.41748046875 0.3681640625 0.0107421875 0.0390625
5 0 0 0 0
5 0 0 0 0
5 0 0 0 0
5 0 0 0 0
5 0 0 0 0
5 0 0 0 0
5 0 0 0 0
5 0 0 0 0
5 0 0 0 0
