1 0.178466796875 0.4140625 0.00634765625 0.0234375
1 0.031982421875 0.4384765625 0.03466796875 0.169921875
1 0.10107421875 0.43310546875 0.03515625 0.1708984375
1 0.53466796875 0.40380859375 0.0068359375 0.0146484375
1 0.5576171875 0.4208984375 0.005859375 0.02734375
4 0.99365234375 0.5595703125 0.0078125 0.099609375
1 0.697265625 0.42236328125 0.005859375 0.0263671875
1 0.656494140625 0.41552734375 0.00439453125 0.0224609375
3 0.707275390625 0.40478515625 0.00732421875 0.0166015625
3 0.821533203125 0.388671875 0.02001953125 0.0390625
3 0.79833984375 0.4130859375 0.0341796875 0.099609375
3 0.871337890625 0.42578125 0.02099609375 0.068359375
1 0.62939453125 0.41650390625 0.017578125 0.0849609375
1 0.763916015625 0.42041015625 0.00830078125 0.1064453125
1 0.74853515625 0.41845703125 0.021484375 0.0947265625
3 0.840576171875 0.48681640625 0.10205078125 0.2353515625
4 0.6923828125 0.4287109375 0.0078125 0.021484375
1 0.96875 0.42724609375 0.05859375 0.3896484375
3 0.736572265625 0.43701171875 0.05517578125 0.1162109375
1 0.5419921875 0.41455078125 0.0078125 0.0361328125
2 0.17724609375 0.4384765625 0.0126953125 0.06640625
0 0.36376953125 0.41015625 0.01171875 0.025390625
0 0.399658203125 0.41064453125 0.01318359375 0.0244140625
0 0.29296875 0.4111328125 0.0068359375 0.015625
0 0.20458984375 0.35205078125 0.0068359375 0.0341796875
0 0.64404296875 0.4072265625 0.0078125 0.0234375
5 0 0 0 0
5 0 0 0 0
5 0 0 0 0
5 0 0 0 0
5 0 0 0 0
5 0 0 0 0
5 0 0 0 0
5 0 0 0 0
5 0 0 0 0
