1 0.207275390625 0.40625 0.00341796875 0.005859375
1 0.133544921875 0.42822265625 0.00634765625 0.0361328125
1 0.10693359375 0.435546875 0.01171875 0.056640625
1 0.06787109375 0.43994140625 0.01953125 0.0947265625
1 0.321533203125 0.41650390625 0.00634765625 0.0361328125
1 0.394775390625 0.42529296875 0.00830078125 0.0341796875
4 0.662353515625 0.3857421875 0.00439453125 0.044921875
1 0.655517578125 0.39404296875 0.00732421875 0.0576171875
2 0.463134765625 0.41455078125 0.01416015625 0.0673828125
0 0.08154296875 0.40234375 0.0107421875 0.048828125
0 0.017822265625 0.37890625 0.02099609375 0.056640625
0 0.288818359375 0.41748046875 0.00830078125 0.0361328125
0 0.564208984375 0.3310546875 0.00830078125 0.025390625
0 0.576904296875 0.32421875 0.00634765625 0.0234375
0 0.554931640625 0.38525390625 0.00537109375 0.0224609375
