1 0.275146484375 0.41552734375 0.00439453125 0.0263671875
1 0.24609375 0.40234375 0.0029296875 0.009765625
1 0.248779296875 0.41259765625 0.00634765625 0.0224609375
1 0.22412109375 0.3994140625 0.00390625 0.01171875
1 0.68115234375 0.39208984375 0.0126953125 0.0751953125
1 0.737548828125 0.40185546875 0.01416015625 0.0947265625
4 0.770751953125 0.40771484375 0.02587890625 0.0732421875
2 0.69482421875 0.39990234375 0.0185546875 0.0888671875
0 0.936279296875 0.3896484375 0.01611328125 0.095703125
0 0.5224609375 0.36376953125 0.0107421875 0.0302734375
0 0.82373046875 0.390625 0.005859375 0.080078125
0 0.905029296875 0.3173828125 0.00732421875 0.041015625
0 0.8466796875 0.31298828125 0.0078125 0.0341796875
0 0.848876953125 0.3955078125 0.00830078125 0.056640625
5 0 0 0 0
