1 0.737548828125 0.41162109375 0.02001953125 0.0966796875
1 0.766845703125 0.44775390625 0.00537109375 0.0283203125
1 0.7587890625 0.41845703125 0.037109375 0.1806640625
1 0.85498046875 0.42431640625 0.0263671875 0.1298828125
1 0.897705078125 0.427734375 0.02783203125 0.134765625
1 0.986083984375 0.41748046875 0.02392578125 0.1552734375
1 0.93505859375 0.41015625 0.0205078125 0.16796875
1 0.14453125 0.4384765625 0.0244140625 0.138671875
1 0.1748046875 0.4462890625 0.025390625 0.123046875
1 0.82177734375 0.42431640625 0.0234375 0.1376953125
0 0.94482421875 0.28466796875 0.00390625 0.0126953125
0 0.23876953125 0.3818359375 0.0107421875 0.03125
0 0.269287109375 0.38232421875 0.01220703125 0.0322265625
0 0.720703125 0.38134765625 0.0087890625 0.0302734375
0 0.702392578125 0.41162109375 0.00634765625 0.0263671875
