1 0.86474609375 0.41748046875 0.0185546875 0.0908203125
1 0.859619140625 0.416015625 0.02001953125 0.09765625
1 0.670166015625 0.4208984375 0.02001953125 0.09765625
1 0.693603515625 0.419921875 0.01708984375 0.083984375
1 0.7421875 0.421875 0.0146484375 0.078125
1 0.4814453125 0.4140625 0.005859375 0.02734375
1 0.58349609375 0.40380859375 0.0029296875 0.0224609375
1 0.568603515625 0.4306640625 0.01025390625 0.12109375
2 0.504638671875 0.42431640625 0.01123046875 0.0556640625
2 0.36279296875 0.41796875 0.0087890625 0.041015625
0 0.76953125 0.29443359375 0.0048828125 0.0146484375
0 0.833984375 0.32421875 0.0048828125 0.025390625
0 0.888427734375 0.40283203125 0.01220703125 0.0712890625
0 0.70947265625 0.4208984375 0.0078125 0.029296875
