1 0.093505859375 0.3837890625 0.00439453125 0.02734375
1 0.114501953125 0.3876953125 0.00732421875 0.03515625
1 0.31201171875 0.3935546875 0.009765625 0.03125
1 0.567138671875 0.412109375 0.00830078125 0.056640625
1 0.53271484375 0.400390625 0.005859375 0.021484375
1 0.98828125 0.4462890625 0.021484375 0.166015625
2 0.60693359375 0.40869140625 0.0107421875 0.0537109375
2 0.926025390625 0.4228515625 0.03662109375 0.158203125
0 0.9609375 0.3994140625 0.017578125 0.099609375
0 0.83447265625 0.4033203125 0.0107421875 0.04296875
0 0.85986328125 0.39208984375 0.017578125 0.0615234375
