4 0.68408203125 0.396484375 0.0029296875 0.0234375
1 0.448974609375 0.40185546875 0.01318359375 0.0654296875
1 0.39990234375 0.40185546875 0.015625 0.0908203125
1 0.211669921875 0.4130859375 0.02880859375 0.1484375
1 0.731689453125 0.39892578125 0.00732421875 0.0400390625
1 0.718017578125 0.40478515625 0.00732421875 0.0263671875
1 0.723876953125 0.3916015625 0.01904296875 0.08984375
1 0.761962890625 0.3955078125 0.00830078125 0.041015625
1 0.7734375 0.3935546875 0.0126953125 0.076171875
1 0.7861328125 0.39208984375 0.01171875 0.0771484375
1 0.801025390625 0.390625 0.00439453125 0.046875
1 0.794677734375 0.3955078125 0.01416015625 0.068359375
1 0.353759765625 0.40234375 0.01806640625 0.09375
1 0.56640625 0.390625 0.01953125 0.09375
1 0.66650390625 0.39990234375 0.0029296875 0.0263671875
1 0.216064453125 0.41552734375 0.02587890625 0.1435546875
1 0.685302734375 0.40087890625 0.00537109375 0.0244140625
0 0.026611328125 0.357421875 0.04931640625 0.134765625
0 0.080810546875 0.35986328125 0.02099609375 0.1162109375
0 0.14599609375 0.37451171875 0.0166015625 0.1044921875
0 0.379150390625 0.36962890625 0.00927734375 0.0283203125
0 0.6484375 0.39892578125 0.005859375 0.0185546875
0 0.61962890625 0.3984375 0.0078125 0.017578125
5 0 0 0 0
5 0 0 0 0
