1 0.52880859375 0.40478515625 0.0068359375 0.0439453125
1 0.5166015625 0.40673828125 0.0078125 0.0419921875
1 0.5068359375 0.40771484375 0.009765625 0.0478515625
1 0.465576171875 0.412109375 0.01220703125 0.056640625
1 0.401611328125 0.41162109375 0.01123046875 0.0556640625
1 0.418212890625 0.412109375 0.01220703125 0.05859375
1 0.32568359375 0.4130859375 0.0068359375 0.041015625
1 0.307861328125 0.4287109375 0.02392578125 0.115234375
1 0.28076171875 0.4267578125 0.0087890625 0.078125
1 0.257568359375 0.4189453125 0.02294921875 0.11328125
1 0.08642578125 0.43115234375 0.0302734375 0.1455078125
1 0.5712890625 0.42138671875 0.0205078125 0.1005859375
0 0.728515625 0.2412109375 0.01171875 0.029296875
0 0.85400390625 0.408203125 0.01953125 0.09765625
0 0.198486328125 0.39453125 0.01904296875 0.060546875
0 0.353515625 0.36572265625 0.009765625 0.0185546875
0 0.390380859375 0.3876953125 0.01025390625 0.056640625
0 0.219970703125 0.38525390625 0.01416015625 0.0888671875
0 0.3408203125 0.400390625 0.015625 0.041015625
0 0.358642578125 0.4306640625 0.01123046875 0.0234375
0 0.378662109375 0.3642578125 0.00732421875 0.041015625
0 0.54541015625 0.40625 0.0107421875 0.044921875
0 0.650146484375 0.4287109375 0.01904296875 0.037109375
0 0.97216796875 0.43505859375 0.0126953125 0.0419921875
0 0.9970703125 0.232421875 0.005859375 0.03515625
5 0 0 0 0
5 0 0 0 0
5 0 0 0 0
5 0 0 0 0
5 0 0 0 0
5 0 0 0 0
5 0 0 0 0
