1 0.344970703125 0.39404296875 0.00537109375 0.0283203125
1 0.423828125 0.39892578125 0.00390625 0.0302734375
3 0.43115234375 0.40185546875 0.0048828125 0.0244140625
1 0.810791015625 0.42333984375 0.00537109375 0.0263671875
1 0.81884765625 0.41748046875 0.0078125 0.0380859375
1 0.131591796875 0.525390625 0.10205078125 0.54296875
1 0.10791015625 0.53173828125 0.1328125 0.6943359375
1 0.297607421875 0.4306640625 0.03564453125 0.173828125
1 0.303466796875 0.45068359375 0.02978515625 0.1416015625
1 0.4052734375 0.41845703125 0.01953125 0.1708984375
1 0.394775390625 0.42333984375 0.02197265625 0.1767578125
1 0.521484375 0.40478515625 0.0087890625 0.0458984375
1 0.549072265625 0.39599609375 0.00634765625 0.0244140625
3 0.55126953125 0.39697265625 0.0087890625 0.0205078125
1 0.611572265625 0.40380859375 0.00634765625 0.0224609375
3 0.581298828125 0.3955078125 0.00830078125 0.02734375
3 0.607421875 0.3974609375 0.0078125 0.03125
1 0.59814453125 0.4033203125 0.00390625 0.017578125
1 0.648193359375 0.40673828125 0.00537109375 0.0224609375
1 0.739501953125 0.41015625 0.00830078125 0.03515625
1 0.91552734375 0.43359375 0.00390625 0.029296875
3 0.752685546875 0.4228515625 0.02978515625 0.083984375
1 0.87060546875 0.431640625 0.0263671875 0.171875
1 0.6796875 0.42724609375 0.0390625 0.1884765625
1 0.72265625 0.4384765625 0.052734375 0.25390625
1 0.489990234375 0.43115234375 0.04345703125 0.2119140625
1 0.48583984375 0.44091796875 0.041015625 0.2197265625
2 0.3515625 0.39208984375 0.0048828125 0.0263671875
2 0.79443359375 0.4091796875 0.025390625 0.123046875
0 0.330810546875 0.35107421875 0.00341796875 0.0068359375
0 0.375244140625 0.337890625 0.00830078125 0.048828125
0 0.903076171875 0.36181640625 0.00634765625 0.0380859375
0 0.857177734375 0.3125 0.01611328125 0.064453125
0 0.24658203125 0.38623046875 0.0029296875 0.0087890625
