1 0.6923828125 0.3857421875 0.013671875 0.095703125
1 0.68359375 0.38525390625 0.015625 0.1025390625
1 0.709716796875 0.39111328125 0.01123046875 0.0732421875
1 0.7177734375 0.3857421875 0.013671875 0.08203125
1 0.7197265625 0.39111328125 0.0185546875 0.0888671875
1 0.766845703125 0.3837890625 0.01904296875 0.091796875
1 0.795166015625 0.3857421875 0.01806640625 0.08984375
1 0.778076171875 0.4013671875 0.01318359375 0.064453125
1 0.97998046875 0.38037109375 0.01171875 0.0751953125
1 0.99072265625 0.375 0.0048828125 0.0234375
1 0.872802734375 0.404296875 0.01123046875 0.03515625
1 0.906494140625 0.3798828125 0.03173828125 0.15625
2 0.500244140625 0.4091796875 0.01513671875 0.068359375
