1 0.374755859375 0.41357421875 0.01318359375 0.0791015625
1 0.392578125 0.41552734375 0.0166015625 0.0869140625
1 0.4150390625 0.40087890625 0.0068359375 0.0458984375
1 0.40869140625 0.41357421875 0.0126953125 0.0810546875
1 0.06494140625 0.46923828125 0.0224609375 0.1298828125
1 0.040771484375 0.4658203125 0.02978515625 0.14453125
1 0.142822265625 0.43212890625 0.02099609375 0.1201171875
1 0.17333984375 0.435546875 0.0224609375 0.111328125
2 0.664794921875 0.41845703125 0.01318359375 0.0634765625
0 0.773193359375 0.3046875 0.00732421875 0.025390625
0 0.238525390625 0.41748046875 0.11181640625 0.0517578125
0 0.308349609375 0.41259765625 0.01611328125 0.0849609375
0 0.341796875 0.41064453125 0.0458984375 0.0830078125
0 0.376953125 0.36083984375 0.005859375 0.0419921875
0 0.76611328125 0.412109375 0.005859375 0.03125
5 0 0 0 0
5 0 0 0 0
