1 0.59375 0.42333984375 0.0048828125 0.0224609375
1 0.60888671875 0.42529296875 0.0068359375 0.0302734375
1 0.7744140625 0.4306640625 0.01171875 0.05859375
1 0.241943359375 0.44140625 0.01123046875 0.09375
1 0.19189453125 0.43212890625 0.0126953125 0.0537109375
1 0.133056640625 0.42578125 0.01904296875 0.0625
1 0.108154296875 0.4248046875 0.02197265625 0.0625
1 0.310302734375 0.4482421875 0.01318359375 0.103515625
2 0.905029296875 0.42919921875 0.01123046875 0.0517578125
0 0.328125 0.4755859375 0.00390625 0.005859375
0 0.32421875 0.47607421875 0.001953125 0.0068359375
0 0.154296875 0.4267578125 0.0126953125 0.068359375
0 0.16943359375 0.44189453125 0.013671875 0.0732421875
0 0.47265625 0.42529296875 0.00390625 0.0205078125
0 0.630126953125 0.42138671875 0.00537109375 0.0263671875
0 0.63525390625 0.4208984375 0.00390625 0.025390625
0 0.65283203125 0.421875 0.0029296875 0.029296875
0 0.65625 0.4208984375 0.001953125 0.029296875
0 0.660400390625 0.42138671875 0.00244140625 0.0283203125
0 0.66552734375 0.421875 0.0078125 0.025390625
0 0.67236328125 0.41845703125 0.00390625 0.0302734375
5 0 0 0 0
5 0 0 0 0
5 0 0 0 0
5 0 0 0 0
