1 0.441162109375 0.37646484375 0.00341796875 0.0068359375
1 0.449951171875 0.39111328125 0.00830078125 0.0361328125
1 0.3271484375 0.41259765625 0.0078125 0.0361328125
1 0.39208984375 0.4140625 0.005859375 0.04296875
1 0.3857421875 0.40283203125 0.0078125 0.0419921875
1 0.132568359375 0.35888671875 0.00439453125 0.0615234375
1 0.071044921875 0.38232421875 0.01708984375 0.0927734375
1 0.252685546875 0.3798828125 0.00927734375 0.013671875
1 0.55419921875 0.3857421875 0.00390625 0.01953125
1 0.68408203125 0.400390625 0.0078125 0.056640625
1 0.7724609375 0.41552734375 0.021484375 0.0927734375
1 0.868408203125 0.41162109375 0.02392578125 0.1240234375
1 0.8486328125 0.41748046875 0.0244140625 0.1181640625
3 0.915283203125 0.4375 0.04248046875 0.1015625
2 0.35205078125 0.42333984375 0.0224609375 0.1005859375
2 0.2890625 0.4296875 0.0244140625 0.12109375
2 0.6552734375 0.4130859375 0.0166015625 0.080078125
1 0.15185546875 0.41845703125 0.0224609375 0.0908203125
0 0.731689453125 0.25927734375 0.02099609375 0.0419921875
0 0.75830078125 0.2998046875 0.0107421875 0.01953125
0 0.4169921875 0.38671875 0.037109375 0.03515625
0 0.510986328125 0.38671875 0.00634765625 0.033203125
0 0.57958984375 0.38427734375 0.021484375 0.0224609375
0 0.61572265625 0.3857421875 0.0224609375 0.0234375
0 0.630615234375 0.39306640625 0.00341796875 0.0400390625
0 0.638427734375 0.396484375 0.00732421875 0.044921875
5 0 0 0 0
5 0 0 0 0
5 0 0 0 0
5 0 0 0 0
5 0 0 0 0
5 0 0 0 0
5 0 0 0 0
5 0 0 0 0
5 0 0 0 0
