1 0.71826171875 0.46826171875 0.009765625 0.0498046875
1 0.901123046875 0.455078125 0.01416015625 0.03125
1 0.738037109375 0.50927734375 0.03662109375 0.2998046875
1 0.765380859375 0.50341796875 0.04248046875 0.3486328125
1 0.811767578125 0.51904296875 0.06201171875 0.3837890625
1 0.4755859375 0.44921875 0.005859375 0.044921875
1 0.446533203125 0.46923828125 0.00634765625 0.0751953125
1 0.434814453125 0.45068359375 0.00830078125 0.0458984375
1 0.427490234375 0.4658203125 0.01220703125 0.078125
1 0.452880859375 0.46630859375 0.01416015625 0.0830078125
1 0.43896484375 0.46630859375 0.015625 0.0791015625
1 0.350341796875 0.45849609375 0.00537109375 0.0673828125
1 0.345947265625 0.4599609375 0.01318359375 0.08984375
1 0.400634765625 0.46533203125 0.02685546875 0.1298828125
1 0.395751953125 0.46875 0.02587890625 0.125
1 0.290771484375 0.45263671875 0.01416015625 0.0693359375
2 0.30517578125 0.44482421875 0.013671875 0.0673828125
2 0.24365234375 0.4296875 0.0009765625 0.033203125
0 0.03173828125 0.3935546875 0.0087890625 0.041015625
0 0.873779296875 0.494140625 0.00927734375 0.01953125
0 0.504150390625 0.41064453125 0.00732421875 0.0205078125
0 0.2109375 0.44970703125 0.0029296875 0.0146484375
0 0.202392578125 0.4521484375 0.00341796875 0.015625
0 0.1943359375 0.451171875 0.0029296875 0.01171875
