1 0.5224609375 0.36279296875 0.0029296875 0.0107421875
1 0.523681640625 0.375 0.00341796875 0.015625
1 0.55126953125 0.4296875 0.005859375 0.02734375
1 0.5732421875 0.439453125 0.0048828125 0.044921875
1 0.554443359375 0.46923828125 0.01025390625 0.0498046875
1 0.684814453125 0.50048828125 0.04541015625 0.2294921875
1 0.494384765625 0.3984375 0.00634765625 0.029296875
3 0.465576171875 0.455078125 0.01513671875 0.0390625
1 0.41357421875 0.482421875 0.025390625 0.12890625
1 0.231689453125 0.501953125 0.04248046875 0.236328125
1 0.182373046875 0.501953125 0.03759765625 0.2109375
1 0.495361328125 0.42919921875 0.00732421875 0.0380859375
1 0.5029296875 0.4296875 0.0068359375 0.037109375
1 0.510009765625 0.4296875 0.00732421875 0.037109375
2 0.37060546875 0.4853515625 0.0439453125 0.21484375
1 0.537841796875 0.42041015625 0.00634765625 0.0322265625
0 0.118408203125 0.25634765625 0.00537109375 0.0146484375
0 0.5068359375 0.0537109375 0.046875 0.064453125
