1 0.022705078125 0.349609375 0.01025390625 0.05078125
1 0.42138671875 0.41162109375 0.0078125 0.0400390625
1 0.39208984375 0.4013671875 0.0078125 0.03515625
1 0.927978515625 0.404296875 0.04443359375 0.12109375
0 0.107177734375 0.26416015625 0.01708984375 0.0361328125
0 0.050048828125 0.22265625 0.02490234375 0.08984375
0 0.048095703125 0.322265625 0.02392578125 0.07421875
0 0.641357421875 0.32373046875 0.01806640625 0.0439453125
0 0.64208984375 0.390625 0.0107421875 0.0390625
0 0.474853515625 0.4248046875 0.00341796875 0.0078125
