1 0.143310546875 0.388671875 0.00634765625 0.0625
1 0.0234375 0.37451171875 0.0234375 0.0556640625
1 0.06494140625 0.36376953125 0.0146484375 0.0361328125
1 0.08447265625 0.361328125 0.015625 0.0390625
1 0.045166015625 0.36328125 0.02099609375 0.044921875
1 0.07373046875 0.36962890625 0.015625 0.0224609375
1 0.099365234375 0.36572265625 0.02490234375 0.0341796875
1 0.1669921875 0.4140625 0.0205078125 0.107421875
1 0.208984375 0.435546875 0.0078125 0.068359375
1 0.89208984375 0.40966796875 0.021484375 0.1162109375
3 0.879150390625 0.44921875 0.04248046875 0.1015625
0 0.73291015625 0.19091796875 0.01953125 0.0791015625
0 0.409912109375 0.40966796875 0.00732421875 0.0185546875
5 0 0 0 0
5 0 0 0 0
