4 0.989501953125 0.45751953125 0.01611328125 0.1611328125
1 0.163818359375 0.46142578125 0.03076171875 0.1552734375
1 0.1806640625 0.4755859375 0.0185546875 0.09765625
2 0.6103515625 0.4404296875 0.0380859375 0.185546875
2 0.67626953125 0.4619140625 0.0576171875 0.3046875
2 0.80517578125 0.458984375 0.0869140625 0.419921875
0 0.35205078125 0.44140625 0.0068359375 0.037109375
0 0.452392578125 0.42919921875 0.01123046875 0.0263671875
0 0.424072265625 0.3916015625 0.00732421875 0.033203125
0 0.5576171875 0.4111328125 0.005859375 0.01953125
