1 0.47998046875 0.39111328125 0.00390625 0.0185546875
1 0.42431640625 0.37744140625 0.0068359375 0.0126953125
1 0.374755859375 0.3857421875 0.00927734375 0.029296875
1 0.357666015625 0.37890625 0.00732421875 0.01953125
1 0.305908203125 0.376953125 0.00830078125 0.03515625
1 0.29931640625 0.38916015625 0.005859375 0.0283203125
1 0.25732421875 0.3857421875 0.009765625 0.048828125
3 0.247802734375 0.38671875 0.01513671875 0.046875
3 0.23681640625 0.3876953125 0.0205078125 0.048828125
1 0.19677734375 0.39013671875 0.01171875 0.0576171875
0 0.338623046875 0.26025390625 0.00244140625 0.0068359375
0 0.32470703125 0.42041015625 0.0078125 0.0380859375
