1 0.75634765625 0.421875 0.015625 0.080078125
1 0.7705078125 0.42724609375 0.013671875 0.0751953125
1 0.796875 0.42041015625 0.0185546875 0.0869140625
1 0.71875 0.42333984375 0.0087890625 0.0693359375
1 0.726806640625 0.4189453125 0.01611328125 0.10546875
1 0.49462890625 0.423828125 0.0087890625 0.05859375
1 0.5751953125 0.4228515625 0.0068359375 0.033203125
0 0.955810546875 0.38232421875 0.03369140625 0.0888671875
0 0.5185546875 0.4150390625 0.0078125 0.015625
0 0.54150390625 0.41455078125 0.0078125 0.0166015625
