1 0.489013671875 0.306640625 0.00341796875 0.017578125
1 0.4990234375 0.3271484375 0.0087890625 0.04296875
1 0.523681640625 0.35009765625 0.01513671875 0.0732421875
3 0.7080078125 0.3779296875 0.0263671875 0.068359375
3 0.73193359375 0.40625 0.029296875 0.12109375
3 0.78076171875 0.37109375 0.025390625 0.05859375
3 0.77685546875 0.36962890625 0.0126953125 0.0419921875
3 0.841552734375 0.43310546875 0.04052734375 0.1494140625
3 0.888427734375 0.431640625 0.04150390625 0.16015625
3 0.322265625 0.3984375 0.0517578125 0.1171875
1 0.27734375 0.416015625 0.0546875 0.287109375
1 0.32958984375 0.4208984375 0.0546875 0.265625
1 0.380615234375 0.4267578125 0.05029296875 0.27734375
2 0.44091796875 0.36376953125 0.013671875 0.1005859375
2 0.448974609375 0.369140625 0.02490234375 0.12109375
1 0.506103515625 0.32275390625 0.00439453125 0.0341796875
0 0.5458984375 0.2490234375 0.017578125 0.072265625
0 0.41064453125 0.35546875 0.009765625 0.025390625
5 0 0 0 0
