1 0.3251953125 0.43994140625 0.0126953125 0.0869140625
1 0.350341796875 0.435546875 0.01416015625 0.072265625
1 0.21142578125 0.451171875 0.0283203125 0.154296875
1 0.701171875 0.42578125 0.021484375 0.125
1 0.720947265625 0.4296875 0.02099609375 0.125
1 0.803955078125 0.4150390625 0.02099609375 0.126953125
1 0.871337890625 0.419921875 0.02685546875 0.146484375
1 0.9755859375 0.4130859375 0.0302734375 0.17578125
2 0.25390625 0.44873046875 0.0361328125 0.1748046875
0 0.766357421875 0.287109375 0.00634765625 0.01953125
0 0.650390625 0.42919921875 0.0126953125 0.1025390625
0 0.66748046875 0.42431640625 0.0126953125 0.1044921875
0 0.423583984375 0.41796875 0.00732421875 0.037109375
0 0.416015625 0.41943359375 0.00390625 0.0341796875
0 0.2744140625 0.443359375 0.0068359375 0.12109375
0 0.28759765625 0.44482421875 0.0146484375 0.1123046875
0 0.08349609375 0.51025390625 0.0302734375 0.1552734375
0 0.12060546875 0.466796875 0.01953125 0.18359375
0 0.0283203125 0.4853515625 0.0458984375 0.232421875
0 0.763671875 0.42529296875 0.0166015625 0.0830078125
5 0 0 0 0
