1 0.80078125 0.3857421875 0.0068359375 0.03515625
1 0.4306640625 0.41650390625 0.0146484375 0.0771484375
1 0.494384765625 0.37939453125 0.01416015625 0.0419921875
1 0.525146484375 0.38232421875 0.01025390625 0.0263671875
1 0.5166015625 0.38427734375 0.0068359375 0.0205078125
1 0.03466796875 0.50341796875 0.0546875 0.2705078125
1 0.097412109375 0.54931640625 0.01318359375 0.0888671875
1 0.091064453125 0.50341796875 0.04931640625 0.2626953125
1 0.648193359375 0.51953125 0.09033203125 0.509765625
1 0.563232421875 0.55810546875 0.08642578125 0.5244140625
1 0.868896484375 0.50439453125 0.10302734375 0.5009765625
1 0.877685546875 0.52490234375 0.11474609375 0.5615234375
2 0.764404296875 0.41162109375 0.01318359375 0.0576171875
2 0.97900390625 0.44970703125 0.0556640625 0.2724609375
0 0.674560546875 0.3759765625 0.01025390625 0.02734375
5 0 0 0 0
