1 0.800048828125 0.4501953125 0.04345703125 0.25
3 0.199462890625 0.41162109375 0.00732421875 0.0146484375
2 0.31982421875 0.421875 0.01171875 0.060546875
0 0.575439453125 0.32861328125 0.00732421875 0.0166015625
0 0.698974609375 0.35986328125 0.00634765625 0.0361328125
0 0.1533203125 0.42236328125 0.00390625 0.0439453125
0 0.1630859375 0.421875 0.0068359375 0.025390625
0 0.249267578125 0.4013671875 0.00732421875 0.044921875
0 0.567138671875 0.42724609375 0.01318359375 0.0751953125
0 0.51220703125 0.42138671875 0.0078125 0.0283203125
0 0.486572265625 0.4169921875 0.01025390625 0.03125
5 0 0 0 0
5 0 0 0 0
