1 0.6220703125 0.38671875 0.005859375 0.029296875
1 0.513427734375 0.3994140625 0.00634765625 0.01953125
1 0.537109375 0.4345703125 0.0126953125 0.060546875
2 0.46337890625 0.4248046875 0.0166015625 0.080078125
2 0.597412109375 0.44140625 0.03173828125 0.15625
0 0.94287109375 0.173828125 0.02734375 0.068359375
0 0.69580078125 0.2734375 0.0107421875 0.033203125
0 0.1689453125 0.044921875 0.0107421875 0.080078125
0 0.149169921875 0.0419921875 0.01123046875 0.083984375
0 0.1875 0.12548828125 0.025390625 0.1259765625
0 0.177734375 0.244140625 0.0263671875 0.0859375
0 0.15478515625 0.33740234375 0.01953125 0.1162109375
0 0.189697265625 0.35986328125 0.03173828125 0.0751953125
0 0.31982421875 0.40771484375 0.015625 0.0263671875
0 0.526123046875 0.4140625 0.00732421875 0.0078125
