1 0.7109375 0.45458984375 0.0244140625 0.1201171875
1 0.72998046875 0.44921875 0.0263671875 0.15625
1 0.752685546875 0.47216796875 0.04248046875 0.2060546875
1 0.931884765625 0.4853515625 0.05224609375 0.25390625
1 0.8916015625 0.46630859375 0.0556640625 0.2978515625
1 0.41552734375 0.43359375 0.0166015625 0.099609375
1 0.271728515625 0.4267578125 0.01904296875 0.12890625
1 0.2763671875 0.4306640625 0.0263671875 0.12890625
1 0.251708984375 0.42333984375 0.02587890625 0.1259765625
1 0.1171875 0.34912109375 0.0205078125 0.0478515625
1 0.087646484375 0.39697265625 0.02197265625 0.1572265625
1 0.0419921875 0.38916015625 0.0234375 0.1669921875
1 0.0673828125 0.396484375 0.0224609375 0.15625
1 0.051513671875 0.39892578125 0.02783203125 0.1630859375
1 0.119140625 0.412109375 0.013671875 0.142578125
1 0.09814453125 0.40478515625 0.0322265625 0.1572265625
1 0.180419921875 0.435546875 0.04150390625 0.203125
1 0.21923828125 0.44921875 0.0341796875 0.19140625
1 0.136474609375 0.443359375 0.04833984375 0.271484375
1 0.396484375 0.42919921875 0.0205078125 0.1044921875
1 0.380126953125 0.42236328125 0.01708984375 0.1201171875
1 0.342529296875 0.41552734375 0.01611328125 0.1298828125
1 0.331787109375 0.37841796875 0.01611328125 0.0498046875
1 0.32080078125 0.37939453125 0.0087890625 0.0224609375
1 0.297607421875 0.43359375 0.02099609375 0.123046875
1 0.31201171875 0.43115234375 0.017578125 0.1279296875
1 0.363037109375 0.43310546875 0.03173828125 0.1708984375
1 0.327880859375 0.44287109375 0.03173828125 0.1533203125
2 0.604736328125 0.458984375 0.01708984375 0.08203125
0 0.542236328125 0.455078125 0.00341796875 0.017578125
