1 0.40478515625 0.38720703125 0.005859375 0.0302734375
1 0.492919921875 0.40283203125 0.00341796875 0.0224609375
1 0.48828125 0.39404296875 0.0078125 0.0400390625
1 0.265380859375 0.423828125 0.01611328125 0.05859375
1 0.119384765625 0.4404296875 0.03369140625 0.205078125
1 0.601806640625 0.40087890625 0.00537109375 0.0537109375
1 0.595947265625 0.40283203125 0.00927734375 0.0556640625
1 0.71044921875 0.419921875 0.03515625 0.171875
1 0.7802734375 0.4228515625 0.03125 0.154296875
2 0.4384765625 0.40185546875 0.009765625 0.0458984375
2 0.5703125 0.4072265625 0.015625 0.080078125
1 0.60546875 0.4052734375 0.005859375 0.05078125
0 0.623779296875 0.3466796875 0.02001953125 0.048828125
0 0.6240234375 0.27880859375 0.015625 0.0380859375
0 0.467041015625 0.39990234375 0.00439453125 0.0458984375
0 0.47607421875 0.39697265625 0.009765625 0.0380859375
0 0.427734375 0.408203125 0.01171875 0.0625
0 0.5048828125 0.396484375 0.009765625 0.03515625
0 0.462890625 0.39453125 0.0048828125 0.041015625
0 0.534423828125 0.3984375 0.00537109375 0.029296875
0 0.62158203125 0.41552734375 0.0068359375 0.0380859375
0 0.519287109375 0.32763671875 0.00439453125 0.0185546875
5 0 0 0 0
5 0 0 0 0
5 0 0 0 0
5 0 0 0 0
5 0 0 0 0
