1 0.143798828125 0.4794921875 0.00830078125 0.01953125
1 0.153076171875 0.47607421875 0.01220703125 0.0244140625
1 0.266845703125 0.50048828125 0.00927734375 0.0146484375
1 0.126708984375 0.48779296875 0.02978515625 0.1435546875
1 0.22119140625 0.4970703125 0.029296875 0.142578125
1 0.486083984375 0.48779296875 0.01416015625 0.0771484375
1 0.468017578125 0.49072265625 0.02294921875 0.1416015625
1 0.640625 0.4794921875 0.0146484375 0.0546875
1 0.67138671875 0.49658203125 0.0244140625 0.1298828125
1 0.82421875 0.4638671875 0.0068359375 0.013671875
1 0.8310546875 0.47216796875 0.0078125 0.0302734375
1 0.9072265625 0.47900390625 0.0087890625 0.0517578125
1 0.94140625 0.47314453125 0.009765625 0.0302734375
1 0.91748046875 0.4853515625 0.0166015625 0.08203125
1 0.898193359375 0.484375 0.01318359375 0.072265625
1 0.86767578125 0.490234375 0.01953125 0.095703125
1 0.88427734375 0.4873046875 0.0146484375 0.099609375
2 0.593017578125 0.46923828125 0.04150390625 0.2021484375
4 0.837890625 0.50390625 0.017578125 0.056640625
0 0.253173828125 0.232421875 0.00927734375 0.025390625
