1 0.620849609375 0.416015625 0.02197265625 0.107421875
1 0.662841796875 0.419921875 0.02587890625 0.13671875
1 0.687255859375 0.4228515625 0.02490234375 0.125
1 0.5498046875 0.40380859375 0.009765625 0.0302734375
1 0.588134765625 0.4248046875 0.00537109375 0.05859375
1 0.580810546875 0.42626953125 0.01220703125 0.0830078125
1 0.4697265625 0.4306640625 0.009765625 0.046875
1 0.41162109375 0.43603515625 0.015625 0.0771484375
1 0.40283203125 0.41845703125 0.0107421875 0.0498046875
1 0.266357421875 0.40966796875 0.02001953125 0.0615234375
0 0.281982421875 0.4033203125 0.00634765625 0.033203125
0 0.290283203125 0.40576171875 0.00732421875 0.0361328125
0 0.50244140625 0.4091796875 0.01171875 0.015625
5 0 0 0 0
