2 0.25244140625 0.40087890625 0.0185546875 0.0302734375
2 0.298828125 0.4306640625 0.0224609375 0.109375
2 0.584228515625 0.46826171875 0.03564453125 0.1728515625
2 0.044189453125 0.486328125 0.05908203125 0.265625
2 0.127197265625 0.4931640625 0.06201171875 0.283203125
0 0.23388671875 0.46142578125 0.0244140625 0.0283203125
0 0.27099609375 0.45556640625 0.015625 0.0400390625
0 0.313720703125 0.37548828125 0.00634765625 0.0185546875
0 0.34423828125 0.34912109375 0.0078125 0.0263671875
0 0.346435546875 0.40380859375 0.00830078125 0.0166015625
0 0.40380859375 0.4130859375 0.005859375 0.03515625
