1 0.504638671875 0.4375 0.01123046875 0.060546875
1 0.43212890625 0.431640625 0.005859375 0.05078125
1 0.41943359375 0.46142578125 0.029296875 0.1416015625
1 0.344482421875 0.46044921875 0.01806640625 0.0869140625
1 0.15869140625 0.45556640625 0.015625 0.1005859375
1 0.062744140625 0.4853515625 0.03369140625 0.185546875
1 0.0869140625 0.49267578125 0.03515625 0.1708984375
1 0.889404296875 0.43115234375 0.00732421875 0.0634765625
1 0.9140625 0.47216796875 0.0478515625 0.2568359375
1 0.69140625 0.50537109375 0.0087890625 0.1220703125
1 0.669189453125 0.49951171875 0.06884765625 0.3896484375
2 0.09033203125 0.47265625 0.025390625 0.140625
0 0.02978515625 0.4013671875 0.03125 0.109375
0 0.252197265625 0.3955078125 0.01904296875 0.111328125
0 0.276611328125 0.3994140625 0.00732421875 0.10546875
0 0.760986328125 0.33544921875 0.00439453125 0.0244140625
