1 0.4697265625 0.32177734375 0.00390625 0.0146484375
1 0.449462890625 0.3330078125 0.00830078125 0.044921875
1 0.433837890625 0.3740234375 0.01513671875 0.072265625
1 0.491455078125 0.36376953125 0.01318359375 0.0673828125
1 0.461181640625 0.3681640625 0.01611328125 0.076171875
3 0.40087890625 0.3759765625 0.0107421875 0.0234375
1 0.3203125 0.337890625 0.0087890625 0.025390625
1 0.288330078125 0.37841796875 0.01123046875 0.0576171875
1 0.28125 0.39453125 0.005859375 0.029296875
3 0.388671875 0.37841796875 0.015625 0.0361328125
1 0.362548828125 0.3994140625 0.01904296875 0.109375
1 0.32275390625 0.4267578125 0.0322265625 0.166015625
1 0.343994140625 0.43017578125 0.03173828125 0.1611328125
1 0.265625 0.42236328125 0.0322265625 0.1572265625
1 0.654052734375 0.3369140625 0.00537109375 0.0390625
1 0.658935546875 0.33544921875 0.00830078125 0.0380859375
1 0.7255859375 0.39306640625 0.01953125 0.1455078125
1 0.770263671875 0.40087890625 0.02099609375 0.1845703125
1 0.753173828125 0.40576171875 0.04150390625 0.2060546875
1 0.707275390625 0.41552734375 0.03466796875 0.1884765625
0 0.644287109375 0.263671875 0.00439453125 0.03515625
0 0.815673828125 0.38037109375 0.06396484375 0.1650390625
0 0.625244140625 0.31640625 0.00439453125 0.013671875
0 0.6005859375 0.322265625 0.001953125 0.01953125
0 0.583984375 0.33056640625 0.00390625 0.0283203125
0 0.580810546875 0.33349609375 0.00537109375 0.0302734375
0 0.562744140625 0.33154296875 0.00244140625 0.0185546875
0 0.519287109375 0.34033203125 0.04443359375 0.0439453125
0 0.422119140625 0.36181640625 0.01416015625 0.0380859375
0 0.2822265625 0.29736328125 0.0068359375 0.0205078125
0 0.2626953125 0.298828125 0.0078125 0.01953125
0 0.29052734375 0.2958984375 0.0029296875 0.015625
5 0 0 0 0
5 0 0 0 0
5 0 0 0 0
5 0 0 0 0
