1 0.737060546875 0.27490234375 0.01318359375 0.0244140625
1 0.751708984375 0.26318359375 0.02099609375 0.0263671875
1 0.658447265625 0.30224609375 0.01513671875 0.0673828125
1 0.48095703125 0.43798828125 0.0068359375 0.0361328125
1 0.47509765625 0.4345703125 0.0087890625 0.04296875
1 0.46240234375 0.4365234375 0.0087890625 0.05078125
1 0.453369140625 0.4345703125 0.01025390625 0.05078125
1 0.31689453125 0.4521484375 0.025390625 0.1328125
1 0.2421875 0.43798828125 0.0263671875 0.0927734375
1 0.26904296875 0.45068359375 0.0283203125 0.1611328125
0 0.59375 0.4306640625 0.0048828125 0.046875
0 0.6904296875 0.275390625 0.00390625 0.009765625
0 0.801513671875 0.21533203125 0.00537109375 0.0830078125
0 0.786376953125 0.2138671875 0.00732421875 0.080078125
0 0.517822265625 0.42138671875 0.00634765625 0.0068359375
