1 0.73486328125 0.41357421875 0.0068359375 0.0458984375
1 0.883544921875 0.41455078125 0.01123046875 0.0556640625
1 0.94677734375 0.4189453125 0.0048828125 0.052734375
1 0.971923828125 0.41943359375 0.01123046875 0.0654296875
1 0.421142578125 0.431640625 0.01611328125 0.115234375
1 0.437744140625 0.42431640625 0.02294921875 0.1240234375
1 0.312255859375 0.43798828125 0.01220703125 0.0576171875
1 0.33203125 0.41552734375 0.0205078125 0.1337890625
1 0.23291015625 0.4072265625 0.0302734375 0.14453125
1 0.2451171875 0.4326171875 0.03515625 0.171875
1 0.1943359375 0.416015625 0.029296875 0.17578125
1 0.601806640625 0.400390625 0.00537109375 0.029296875
1 0.597900390625 0.39892578125 0.00537109375 0.0302734375
1 0.578857421875 0.404296875 0.00927734375 0.046875
1 0.513427734375 0.40625 0.00732421875 0.03515625
1 0.517822265625 0.40478515625 0.01025390625 0.0498046875
1 0.528076171875 0.40234375 0.00927734375 0.056640625
1 0.4521484375 0.4150390625 0.013671875 0.080078125
1 0.462158203125 0.3916015625 0.00927734375 0.025390625
1 0.6328125 0.40283203125 0.005859375 0.0341796875
1 0.502197265625 0.4111328125 0.01318359375 0.07421875
1 0.74755859375 0.41796875 0.0166015625 0.08203125
1 0.77294921875 0.41357421875 0.0126953125 0.0986328125
2 0.396728515625 0.388671875 0.02001953125 0.072265625
0 0.7021484375 0.35400390625 0.0068359375 0.0205078125
0 0.133056640625 0.0888671875 0.02099609375 0.08984375
0 0.453857421875 0.31396484375 0.00830078125 0.0478515625
0 0.716552734375 0.4130859375 0.00537109375 0.05078125
0 0.706787109375 0.4111328125 0.01123046875 0.044921875
0 0.81298828125 0.416015625 0.025390625 0.140625
5 0 0 0 0
5 0 0 0 0
5 0 0 0 0
