1 0.316162109375 0.3447265625 0.00537109375 0.033203125
1 0.41943359375 0.3623046875 0.0068359375 0.033203125
1 0.412353515625 0.3603515625 0.00634765625 0.03515625
1 0.4716796875 0.37890625 0.0107421875 0.060546875
1 0.48486328125 0.37548828125 0.01171875 0.0673828125
1 0.5458984375 0.3798828125 0.0126953125 0.072265625
1 0.59423828125 0.38916015625 0.0166015625 0.0810546875
1 0.701904296875 0.421875 0.02099609375 0.125
1 0.281005859375 0.37841796875 0.02294921875 0.1123046875
1 0.26025390625 0.37646484375 0.0224609375 0.1083984375
0 0.839599609375 0.24755859375 0.02880859375 0.0966796875
0 0.558349609375 0.30224609375 0.00634765625 0.0244140625
5 0 0 0 0
