1 0.55908203125 0.439453125 0.00390625 0.015625
1 0.560302734375 0.4541015625 0.00439453125 0.025390625
1 0.458740234375 0.4580078125 0.00341796875 0.041015625
1 0.3974609375 0.4609375 0.00390625 0.056640625
1 0.287353515625 0.466796875 0.01806640625 0.111328125
1 0.30517578125 0.4697265625 0.021484375 0.115234375
1 0.263671875 0.4716796875 0.02734375 0.1328125
1 0.24365234375 0.49658203125 0.015625 0.0869140625
1 0.221435546875 0.46728515625 0.02880859375 0.1455078125
1 0.380615234375 0.45703125 0.00830078125 0.078125
1 0.38818359375 0.46240234375 0.013671875 0.0810546875
1 0.3779296875 0.4638671875 0.017578125 0.09375
1 0.366455078125 0.46826171875 0.01416015625 0.0888671875
1 0.059326171875 0.50634765625 0.01806640625 0.0517578125
1 0.0576171875 0.47265625 0.0302734375 0.15625
1 0.1142578125 0.43798828125 0.013671875 0.0615234375
1 0.09814453125 0.466796875 0.03125 0.16015625
1 0.086669921875 0.515625 0.01220703125 0.037109375
1 0.103271484375 0.47314453125 0.03076171875 0.1494140625
1 0.157958984375 0.466796875 0.02978515625 0.154296875
1 0.55078125 0.46826171875 0.0126953125 0.0615234375
1 0.625 0.4609375 0.0048828125 0.0234375
1 0.62890625 0.45947265625 0.005859375 0.0283203125
1 0.744873046875 0.46875 0.00927734375 0.103515625
1 0.75927734375 0.46728515625 0.0166015625 0.1044921875
1 0.750732421875 0.48828125 0.01220703125 0.064453125
1 0.7373046875 0.478515625 0.0146484375 0.08203125
1 0.7099609375 0.4619140625 0.0078125 0.103515625
1 0.6962890625 0.466796875 0.0107421875 0.111328125
1 0.66357421875 0.4677734375 0.0126953125 0.091796875
1 0.67138671875 0.47119140625 0.009765625 0.1005859375
1 0.678955078125 0.4677734375 0.01513671875 0.107421875
1 0.68701171875 0.46826171875 0.021484375 0.1181640625
2 0.203857421875 0.4443359375 0.02392578125 0.05078125
2 0.516357421875 0.4619140625 0.00830078125 0.044921875
0 0.15625 0.30322265625 0.009765625 0.0361328125
0 0.791015625 0.45361328125 0.0126953125 0.0341796875
0 0.3876953125 0.39013671875 0.0078125 0.0244140625
0 0.4833984375 0.4052734375 0.0048828125 0.009765625
5 0 0 0 0
5 0 0 0 0
