1 0.358154296875 0.4453125 0.01318359375 0.080078125
1 0.373046875 0.44775390625 0.015625 0.0771484375
1 0.391845703125 0.44677734375 0.01513671875 0.0791015625
1 0.276123046875 0.44287109375 0.02685546875 0.1494140625
1 0.31787109375 0.44140625 0.015625 0.142578125
1 0.30029296875 0.4443359375 0.02734375 0.142578125
1 0.327880859375 0.43896484375 0.02294921875 0.1533203125
1 0.161865234375 0.4716796875 0.02880859375 0.14453125
1 0.177978515625 0.443359375 0.04150390625 0.201171875
1 0.17236328125 0.48291015625 0.0263671875 0.1279296875
