1 0.86083984375 0.3671875 0.0146484375 0.09375
1 0.854736328125 0.38671875 0.01318359375 0.068359375
1 0.871337890625 0.37646484375 0.01611328125 0.0712890625
1 0.8115234375 0.37353515625 0.0185546875 0.0927734375
1 0.838134765625 0.373046875 0.01806640625 0.091796875
1 0.8212890625 0.36572265625 0.0205078125 0.0888671875
1 0.76904296875 0.37255859375 0.0126953125 0.0673828125
1 0.781982421875 0.37255859375 0.01611328125 0.0732421875
1 0.755126953125 0.37646484375 0.01806640625 0.0966796875
4 0.349365234375 0.3740234375 0.00927734375 0.021484375
2 0.695556640625 0.376953125 0.01513671875 0.07421875
2 0.724365234375 0.37548828125 0.01708984375 0.0830078125
0 0.750244140625 0.3017578125 0.00732421875 0.0078125
0 0.46240234375 0.3798828125 0.0126953125 0.0390625
