1 0.85107421875 0.39501953125 0.03125 0.1513671875
1 0.935302734375 0.38916015625 0.02392578125 0.1318359375
1 0.913818359375 0.39111328125 0.02197265625 0.1416015625
1 0.528076171875 0.40283203125 0.00927734375 0.0458984375
3 0.41748046875 0.40478515625 0.009765625 0.0263671875
1 0.3994140625 0.41015625 0.0166015625 0.099609375
1 0.383544921875 0.4091796875 0.02001953125 0.109375
1 0.34326171875 0.41064453125 0.0185546875 0.1044921875
1 0.35888671875 0.41357421875 0.0185546875 0.1005859375
1 0.189697265625 0.42919921875 0.02978515625 0.1806640625
0 0.24267578125 0.38818359375 0.0205078125 0.0576171875
0 0.269287109375 0.39306640625 0.02197265625 0.0556640625
0 0.294677734375 0.4052734375 0.01611328125 0.09375
0 0.654541015625 0.39208984375 0.00732421875 0.0361328125
0 0.641845703125 0.39599609375 0.00537109375 0.0322265625
