1 0.2099609375 0.4267578125 0.04296875 0.263671875
1 0.0966796875 0.421875 0.0517578125 0.27734375
0 0.684326171875 0.16650390625 0.01025390625 0.0283203125
0 0.594482421875 0.2939453125 0.00732421875 0.021484375
0 0.302978515625 0.291015625 0.00537109375 0.01953125
0 0.313232421875 0.3798828125 0.01416015625 0.0390625
0 0.338134765625 0.349609375 0.00732421875 0.025390625
0 0.386474609375 0.1787109375 0.01123046875 0.03125
0 0.662841796875 0.37353515625 0.01708984375 0.0673828125
0 0.619873046875 0.37060546875 0.03466796875 0.0576171875
