1 0.5966796875 0.40234375 0.009765625 0.080078125
3 0.519775390625 0.41162109375 0.00439453125 0.0087890625
1 0.510009765625 0.4033203125 0.01025390625 0.05078125
1 0.529541015625 0.40380859375 0.00927734375 0.0498046875
1 0.541748046875 0.40869140625 0.00830078125 0.0400390625
1 0.67431640625 0.4189453125 0.0302734375 0.15625
1 0.205810546875 0.375 0.00830078125 0.03125
4 0.02490234375 0.390625 0.0439453125 0.041015625
0 0.42041015625 0.40478515625 0.015625 0.0244140625
0 0.14306640625 0.4267578125 0.0126953125 0.041015625
5 0 0 0 0
