1 0.534423828125 0.4169921875 0.00634765625 0.029296875
1 0.3701171875 0.474609375 0.0654296875 0.330078125
1 0.305419921875 0.49951171875 0.05322265625 0.3349609375
1 0.513671875 0.41845703125 0.009765625 0.0576171875
0 0.982177734375 0.3876953125 0.02685546875 0.07421875
0 0.69580078125 0.2666015625 0.0048828125 0.013671875
0 0.695556640625 0.24365234375 0.00439453125 0.0146484375
0 0.6083984375 0.328125 0.0029296875 0.009765625
0 0.6083984375 0.3154296875 0.001953125 0.009765625
0 0.161865234375 0.40673828125 0.00537109375 0.0478515625
0 0.146728515625 0.40869140625 0.02197265625 0.0498046875
0 0.2041015625 0.4013671875 0.0166015625 0.041015625
5 0 0 0 0
5 0 0 0 0
