1 0.17333984375 0.40087890625 0.0126953125 0.0615234375
2 0.337890625 0.39306640625 0.0126953125 0.0595703125
0 0.542236328125 0.35791015625 0.00830078125 0.0595703125
0 0.581298828125 0.353515625 0.00830078125 0.060546875
0 0.506103515625 0.33935546875 0.00830078125 0.0185546875
0 0.4697265625 0.34130859375 0.0068359375 0.0205078125
0 0.46337890625 0.3349609375 0.009765625 0.025390625
0 0.30078125 0.36767578125 0.0087890625 0.0380859375
0 0.292236328125 0.3720703125 0.00537109375 0.044921875
0 0.267578125 0.375 0.0107421875 0.05078125
0 0.0966796875 0.25341796875 0.0107421875 0.0283203125
0 0.129150390625 0.39599609375 0.00537109375 0.0166015625
0 0.099609375 0.404296875 0.005859375 0.015625
0 0.107177734375 0.3974609375 0.01025390625 0.02734375
