1 0.67529296875 0.41650390625 0.0126953125 0.0595703125
2 0.63037109375 0.40966796875 0.015625 0.0576171875
4 0.640380859375 0.4462890625 0.01025390625 0.0234375
1 0.70947265625 0.4267578125 0.0205078125 0.09765625
4 0.6279296875 0.44287109375 0.009765625 0.0283203125
0 0.400634765625 0.30517578125 0.00634765625 0.0244140625
0 0.488525390625 0.21240234375 0.00537109375 0.0205078125
0 0.6513671875 0.3134765625 0.0087890625 0.01953125
0 0.805419921875 0.32080078125 0.04541015625 0.0908203125
0 0.730712890625 0.29736328125 0.01416015625 0.0400390625
