1 0.31787109375 0.32470703125 0.0107421875 0.0732421875
1 0.10693359375 0.31396484375 0.0205078125 0.1064453125
2 0.03076171875 0.31640625 0.0341796875 0.11328125
2 0.027587890625 0.4951171875 0.04833984375 0.330078125
2 0.544921875 0.486328125 0.052734375 0.25390625
4 0.81982421875 0.53466796875 0.0185546875 0.0244140625
2 0.846923828125 0.4755859375 0.04638671875 0.224609375
0 0.197021484375 0.0751953125 0.00537109375 0.015625
0 0.295166015625 0.1708984375 0.00439453125 0.0078125
0 0.991943359375 0.35498046875 0.00830078125 0.0224609375
0 0.289306640625 0.30615234375 0.00732421875 0.0322265625
0 0.28125 0.30078125 0.0078125 0.0234375
