1 0.295166015625 0.365234375 0.00927734375 0.0625
4 0.888916015625 0.35986328125 0.01220703125 0.0283203125
1 0.314208984375 0.3623046875 0.00537109375 0.087890625
1 0.318359375 0.36572265625 0.013671875 0.0869140625
1 0.28515625 0.38330078125 0.021484375 0.1044921875
1 0.376220703125 0.37548828125 0.01513671875 0.0791015625
1 0.824462890625 0.353515625 0.01220703125 0.060546875
0 0.04296875 0.349609375 0.0078125 0.021484375
0 0.111083984375 0.353515625 0.00732421875 0.015625
0 0.0869140625 0.3564453125 0.009765625 0.015625
0 0.12841796875 0.349609375 0.0078125 0.021484375
0 0.18994140625 0.34326171875 0.013671875 0.0263671875
0 0.34765625 0.33544921875 0.0126953125 0.0302734375
0 0.400146484375 0.33740234375 0.01513671875 0.0283203125
0 0.421630859375 0.337890625 0.01708984375 0.025390625
0 0.44873046875 0.33544921875 0.0166015625 0.0244140625
0 0.502197265625 0.3310546875 0.00927734375 0.015625
0 0.7138671875 0.291015625 0.00390625 0.01171875
0 0.530517578125 0.36279296875 0.00830078125 0.0341796875
5 0 0 0 0
5 0 0 0 0
