1 0.458251953125 0.4130859375 0.00537109375 0.0234375
1 0.68798828125 0.4580078125 0.02734375 0.158203125
1 0.735595703125 0.42724609375 0.05419921875 0.2724609375
1 0.659912109375 0.46142578125 0.01611328125 0.1318359375
1 0.6455078125 0.435546875 0.0390625 0.19921875
1 0.26513671875 0.3935546875 0.009765625 0.04296875
0 0.471435546875 0.29541015625 0.01318359375 0.0458984375
0 0.48779296875 0.29443359375 0.015625 0.0439453125
0 0.487548828125 0.3466796875 0.01611328125 0.0390625
0 0.523681640625 0.4306640625 0.00634765625 0.033203125
5 0 0 0 0
5 0 0 0 0
5 0 0 0 0
5 0 0 0 0
