1 0.8857421875 0.38525390625 0.01953125 0.1337890625
1 0.857177734375 0.40283203125 0.02783203125 0.1474609375
1 0.82958984375 0.39990234375 0.029296875 0.1572265625
1 0.212646484375 0.419921875 0.01220703125 0.048828125
2 0.73974609375 0.369140625 0.013671875 0.0546875
0 0.904296875 0.375 0.013671875 0.064453125
0 0.759033203125 0.3759765625 0.01123046875 0.064453125
0 0.373046875 0.41357421875 0.0068359375 0.0322265625
0 0.352294921875 0.4033203125 0.00732421875 0.0546875
0 0.333251953125 0.404296875 0.00732421875 0.0625
0 0.318359375 0.388671875 0.0126953125 0.0390625
