1 0.32080078125 0.447265625 0.0146484375 0.08203125
1 0.41748046875 0.4501953125 0.0068359375 0.052734375
1 0.422607421875 0.44970703125 0.00927734375 0.0556640625
1 0.4365234375 0.45068359375 0.005859375 0.0537109375
1 0.44189453125 0.4443359375 0.0107421875 0.0625
3 0.459716796875 0.455078125 0.01318359375 0.03125
1 0.46923828125 0.44384765625 0.0087890625 0.0419921875
1 0.56298828125 0.44580078125 0.005859375 0.0537109375
1 0.55859375 0.4404296875 0.0068359375 0.064453125
1 0.537353515625 0.44140625 0.01123046875 0.0625
0 0.424560546875 0.189453125 0.02587890625 0.078125
0 0.45703125 0.1884765625 0.02734375 0.083984375
0 0.458251953125 0.30224609375 0.03466796875 0.0693359375
0 0.5087890625 0.3076171875 0.0341796875 0.064453125
0 0.55224609375 0.30224609375 0.0458984375 0.0732421875
0 0.6494140625 0.23828125 0.0087890625 0.037109375
0 0.586181640625 0.44482421875 0.00732421875 0.0478515625
0 0.597412109375 0.4443359375 0.00732421875 0.0546875
0 0.540771484375 0.17578125 0.02197265625 0.087890625
0 0.143310546875 0.462890625 0.00341796875 0.01953125
0 0.155029296875 0.46826171875 0.00732421875 0.0322265625
0 0.425537109375 0.2861328125 0.02880859375 0.091796875
0 0.52392578125 0.35498046875 0.0048828125 0.0126953125
0 0.748046875 0.3251953125 0.015625 0.099609375
0 0.724853515625 0.37158203125 0.01025390625 0.0634765625
0 0.723388671875 0.2392578125 0.01220703125 0.08984375
5 0 0 0 0
5 0 0 0 0
