1 0.9013671875 0.36962890625 0.005859375 0.0185546875
1 0.890869140625 0.3642578125 0.00732421875 0.013671875
1 0.81787109375 0.38720703125 0.005859375 0.0380859375
3 0.472412109375 0.373046875 0.00927734375 0.02734375
3 0.45361328125 0.3798828125 0.013671875 0.0390625
1 0.41552734375 0.37744140625 0.01171875 0.0751953125
1 0.280517578125 0.404296875 0.02685546875 0.130859375
1 0.300048828125 0.404296875 0.02294921875 0.13671875
0 0.38818359375 0.35986328125 0.0087890625 0.0439453125
0 0.796875 0.345703125 0.005859375 0.021484375
0 0.200439453125 0.376953125 0.01025390625 0.02734375
0 0.672119140625 0.35986328125 0.01220703125 0.0498046875
0 0.873291015625 0.34521484375 0.00830078125 0.0185546875
0 0.77734375 0.34423828125 0.0068359375 0.0166015625
