1 0.324462890625 0.47265625 0.02099609375 0.177734375
1 0.304443359375 0.45849609375 0.03173828125 0.2080078125
1 0.22119140625 0.462890625 0.0244140625 0.193359375
1 0.227783203125 0.49755859375 0.02197265625 0.1259765625
1 0.2568359375 0.47412109375 0.037109375 0.1923828125
1 0.01708984375 0.44677734375 0.02734375 0.1748046875
0 0.07763671875 0.30810546875 0.0185546875 0.0380859375
0 0.10107421875 0.302734375 0.0224609375 0.041015625
0 0.7646484375 0.37060546875 0.0107421875 0.0302734375
0 0.749267578125 0.47216796875 0.01123046875 0.0322265625
