1 0.5146484375 0.408203125 0.0087890625 0.05078125
1 0.52392578125 0.40576171875 0.0087890625 0.0576171875
1 0.537841796875 0.40576171875 0.00732421875 0.0595703125
1 0.732177734375 0.39306640625 0.01416015625 0.0498046875
3 0.296142578125 0.3837890625 0.00830078125 0.0234375
3 0.287841796875 0.38623046875 0.00537109375 0.0263671875
1 0.25146484375 0.44873046875 0.0458984375 0.2607421875
2 0.317626953125 0.396484375 0.01318359375 0.064453125
0 0.4345703125 0.3720703125 0.0107421875 0.037109375
0 0.342041015625 0.375 0.00634765625 0.0234375
0 0.4013671875 0.365234375 0.005859375 0.017578125
0 0.383056640625 0.3740234375 0.01025390625 0.009765625
0 0.77783203125 0.3486328125 0.005859375 0.029296875
0 0.687744140625 0.36328125 0.01025390625 0.0234375
0 0.945556640625 0.35400390625 0.01025390625 0.0419921875
0 0.812744140625 0.34326171875 0.01123046875 0.0419921875
0 0.111328125 0.37353515625 0.0078125 0.0263671875
5 0 0 0 0
