1 0.191162109375 0.3994140625 0.01611328125 0.08203125
1 0.27685546875 0.39990234375 0.0166015625 0.0810546875
3 0.12353515625 0.40869140625 0.0244140625 0.0908203125
1 0.30126953125 0.400390625 0.0068359375 0.05859375
3 0.067626953125 0.41064453125 0.02783203125 0.0751953125
1 0.016357421875 0.40380859375 0.02099609375 0.1123046875
1 0.659423828125 0.39501953125 0.00537109375 0.0302734375
1 0.866455078125 0.37841796875 0.00927734375 0.0244140625
2 0.6982421875 0.39111328125 0.005859375 0.0322265625
0 0.050537109375 0.4208984375 0.00634765625 0.06640625
0 0.647216796875 0.396484375 0.00439453125 0.03125
5 0 0 0 0
5 0 0 0 0
