1 0.5439453125 0.4248046875 0.0048828125 0.03515625
1 0.537109375 0.42919921875 0.00390625 0.0302734375
1 0.531982421875 0.43212890625 0.00634765625 0.0498046875
1 0.662109375 0.40869140625 0.0166015625 0.0810546875
1 0.585693359375 0.42236328125 0.01708984375 0.1103515625
1 0.670166015625 0.41455078125 0.00927734375 0.0966796875
1 0.68505859375 0.41943359375 0.0283203125 0.1650390625
1 0.714599609375 0.40869140625 0.02685546875 0.1767578125
1 0.7216796875 0.4228515625 0.0361328125 0.185546875
1 0.7802734375 0.4248046875 0.033203125 0.197265625
0 0.03466796875 0.30517578125 0.0078125 0.0224609375
0 0.5185546875 0.34423828125 0.0029296875 0.0107421875
