1 0.666748046875 0.3896484375 0.01123046875 0.029296875
1 0.63330078125 0.37109375 0.0068359375 0.068359375
1 0.617431640625 0.369140625 0.00732421875 0.0546875
1 0.636962890625 0.37158203125 0.01220703125 0.0673828125
1 0.643798828125 0.3671875 0.01025390625 0.076171875
1 0.62353515625 0.36865234375 0.015625 0.0751953125
1 0.6484375 0.3623046875 0.0107421875 0.08984375
1 0.688232421875 0.36572265625 0.00634765625 0.0693359375
1 0.659423828125 0.345703125 0.00341796875 0.041015625
1 0.667236328125 0.359375 0.01513671875 0.095703125
1 0.679931640625 0.35791015625 0.01513671875 0.0986328125
1 0.69384765625 0.365234375 0.0068359375 0.06640625
1 0.69921875 0.3603515625 0.013671875 0.06640625
1 0.607666015625 0.375 0.01123046875 0.06640625
1 0.5888671875 0.37451171875 0.009765625 0.0673828125
1 0.596435546875 0.3720703125 0.01123046875 0.072265625
1 0.57568359375 0.37548828125 0.0068359375 0.0673828125
1 0.5810546875 0.37548828125 0.0126953125 0.0634765625
1 0.55517578125 0.39208984375 0.0087890625 0.0380859375
1 0.568603515625 0.37109375 0.01220703125 0.076171875
1 0.55908203125 0.37158203125 0.0146484375 0.0791015625
1 0.53515625 0.37646484375 0.013671875 0.0712890625
1 0.53759765625 0.373046875 0.009765625 0.080078125
1 0.54638671875 0.37109375 0.0166015625 0.087890625
1 0.5185546875 0.37451171875 0.015625 0.0810546875
1 0.23291015625 0.37060546875 0.01171875 0.0302734375
1 0.404541015625 0.39208984375 0.01513671875 0.0888671875
1 0.4296875 0.38720703125 0.01953125 0.0927734375
2 0.24853515625 0.39208984375 0.01953125 0.0771484375
