1 0.5849609375 0.474609375 0.0302734375 0.15234375
1 0.630615234375 0.47802734375 0.02783203125 0.1416015625
1 0.62646484375 0.48388671875 0.0263671875 0.1396484375
1 0.668701171875 0.48486328125 0.02880859375 0.1552734375
1 0.95263671875 0.5009765625 0.0234375 0.123046875
1 0.3017578125 0.44970703125 0.0078125 0.0458984375
1 0.308349609375 0.45166015625 0.00732421875 0.0458984375
1 0.236083984375 0.4521484375 0.00634765625 0.03125
1 0.23046875 0.4521484375 0.0048828125 0.029296875
1 0.22607421875 0.44921875 0.005859375 0.03515625
2 0.8466796875 0.4921875 0.0322265625 0.154296875
0 0.791748046875 0.3486328125 0.00830078125 0.021484375
