1 0.62158203125 0.41064453125 0.0263671875 0.1708984375
1 0.65185546875 0.4111328125 0.025390625 0.171875
1 0.495849609375 0.39990234375 0.00634765625 0.0419921875
1 0.51513671875 0.3994140625 0.0078125 0.068359375
1 0.506591796875 0.39892578125 0.01611328125 0.0791015625
1 0.48583984375 0.40283203125 0.015625 0.0751953125
1 0.52392578125 0.39599609375 0.0126953125 0.0810546875
1 0.5341796875 0.3994140625 0.0166015625 0.08984375
1 0.5517578125 0.40087890625 0.017578125 0.0986328125
1 0.46435546875 0.39794921875 0.0087890625 0.0537109375
1 0.418212890625 0.392578125 0.00830078125 0.048828125
1 0.416259765625 0.400390625 0.00927734375 0.05859375
1 0.408447265625 0.39892578125 0.01025390625 0.0634765625
1 0.40087890625 0.38330078125 0.0087890625 0.0322265625
1 0.349853515625 0.41015625 0.00927734375 0.076171875
1 0.396240234375 0.3828125 0.00537109375 0.02734375
1 0.35888671875 0.40087890625 0.01171875 0.1123046875
1 0.387451171875 0.400390625 0.01806640625 0.1171875
1 0.3720703125 0.4111328125 0.0322265625 0.16015625
1 0.341552734375 0.40625 0.01611328125 0.146484375
1 0.310791015625 0.3974609375 0.01904296875 0.1640625
1 0.327880859375 0.400390625 0.03271484375 0.16796875
0 0.78173828125 0.3837890625 0.0380859375 0.1015625
0 0.977783203125 0.3974609375 0.04248046875 0.076171875
0 0.268310546875 0.37646484375 0.01904296875 0.1259765625
0 0.240478515625 0.39404296875 0.02685546875 0.1162109375
0 0.38525390625 0.3115234375 0.0029296875 0.013671875
