3 0.70361328125 0.42236328125 0.0068359375 0.0576171875
1 0.693359375 0.41357421875 0.0146484375 0.0810546875
1 0.68017578125 0.41455078125 0.0107421875 0.0791015625
1 0.669921875 0.4150390625 0.013671875 0.08203125
1 0.501220703125 0.4072265625 0.01806640625 0.103515625
1 0.603515625 0.41650390625 0.005859375 0.0712890625
1 0.55859375 0.412109375 0.0185546875 0.10546875
1 0.596435546875 0.40966796875 0.01318359375 0.0849609375
1 0.58544921875 0.41015625 0.0234375 0.11328125
1 0.6181640625 0.41748046875 0.005859375 0.0615234375
1 0.610595703125 0.40869140625 0.01513671875 0.0869140625
1 0.632080078125 0.41259765625 0.01318359375 0.0810546875
1 0.642333984375 0.4130859375 0.01708984375 0.083984375
1 0.65087890625 0.43408203125 0.0078125 0.0380859375
1 0.657958984375 0.41650390625 0.01416015625 0.0771484375
3 0.62353515625 0.39990234375 0.0078125 0.0458984375
0 0.346435546875 0.36279296875 0.04150390625 0.1005859375
0 0.0888671875 0.3896484375 0.0185546875 0.056640625
0 0.437255859375 0.20166015625 0.01513671875 0.0322265625
0 0.81298828125 0.28271484375 0.0107421875 0.0185546875
0 0.75341796875 0.33642578125 0.021484375 0.0361328125
0 0.751708984375 0.423828125 0.02392578125 0.091796875
