1 0.07568359375 0.41015625 0.0087890625 0.03125
1 0.104736328125 0.41455078125 0.00732421875 0.0224609375
1 0.584716796875 0.404296875 0.00341796875 0.0078125
1 0.590087890625 0.40234375 0.00244140625 0.009765625
1 0.42626953125 0.41650390625 0.0087890625 0.0693359375
1 0.416259765625 0.4189453125 0.01220703125 0.060546875
1 0.330078125 0.451171875 0.025390625 0.123046875
1 0.34619140625 0.4453125 0.025390625 0.13671875
1 0.40966796875 0.41796875 0.013671875 0.068359375
0 0.9794921875 0.35693359375 0.0166015625 0.0615234375
