1 0.46630859375 0.3662109375 0.0107421875 0.0390625
1 0.44873046875 0.38037109375 0.01171875 0.0458984375
1 0.398681640625 0.3984375 0.01318359375 0.080078125
1 0.800048828125 0.376953125 0.00732421875 0.037109375
1 0.865966796875 0.3720703125 0.01611328125 0.078125
1 0.684326171875 0.3896484375 0.01513671875 0.080078125
1 0.707275390625 0.39208984375 0.01318359375 0.0732421875
0 0.134033203125 0.26513671875 0.02587890625 0.0927734375
0 0.96484375 0.302734375 0.0048828125 0.015625
0 0.664306640625 0.365234375 0.00634765625 0.01171875
