1 0.007568359375 0.421875 0.00830078125 0.037109375
1 0.158447265625 0.46044921875 0.03857421875 0.1923828125
1 0.482666015625 0.451171875 0.00732421875 0.109375
1 0.48974609375 0.45751953125 0.013671875 0.0947265625
3 0.695556640625 0.43798828125 0.00732421875 0.0224609375
3 0.7109375 0.43505859375 0.009765625 0.0263671875
4 0.7783203125 0.46435546875 0.029296875 0.0888671875
1 0.884033203125 0.43408203125 0.00830078125 0.0517578125
1 0.891357421875 0.43310546875 0.00732421875 0.0380859375
1 0.99169921875 0.43115234375 0.0068359375 0.0322265625
1 0.95751953125 0.43603515625 0.0478515625 0.3076171875
1 0.938720703125 0.453125 0.05224609375 0.28125
1 0.585693359375 0.47900390625 0.06787109375 0.3291015625
1 0.666259765625 0.4970703125 0.07568359375 0.38671875
0 0.3603515625 0.4482421875 0.015625 0.060546875
0 0.384033203125 0.447265625 0.01806640625 0.05078125
0 0.308349609375 0.4091796875 0.01220703125 0.0625
5 0 0 0 0
