1 0.39599609375 0.40380859375 0.0029296875 0.0498046875
1 0.263916015625 0.4248046875 0.00732421875 0.080078125
1 0.408935546875 0.3955078125 0.00537109375 0.037109375
1 0.40283203125 0.41064453125 0.00390625 0.0341796875
1 0.35400390625 0.4189453125 0.0078125 0.06640625
1 0.27197265625 0.39208984375 0.0087890625 0.0322265625
1 0.2763671875 0.4306640625 0.01953125 0.1015625
1 0.225341796875 0.42822265625 0.02099609375 0.1083984375
1 0.140869140625 0.43896484375 0.01611328125 0.1259765625
1 0.154052734375 0.4375 0.02490234375 0.126953125
1 0.482421875 0.39990234375 0.00390625 0.0205078125
1 0.5107421875 0.3994140625 0.00390625 0.025390625
1 0.55029296875 0.4091796875 0.009765625 0.046875
2 0.346923828125 0.4248046875 0.01611328125 0.080078125
2 0.321533203125 0.42333984375 0.01904296875 0.0927734375
2 0.4541015625 0.41259765625 0.0146484375 0.0712890625
2 0.62890625 0.41943359375 0.0263671875 0.1455078125
