1 0.22265625 0.40673828125 0.029296875 0.1611328125
1 0.496826171875 0.3779296875 0.00830078125 0.048828125
1 0.505126953125 0.3720703125 0.01220703125 0.0625
1 0.474365234375 0.3408203125 0.01123046875 0.03125
1 0.473876953125 0.3837890625 0.01904296875 0.099609375
1 0.490234375 0.38671875 0.021484375 0.10546875
1 0.56640625 0.375 0.0087890625 0.05078125
1 0.575439453125 0.373046875 0.01123046875 0.056640625
1 0.79638671875 0.37890625 0.005859375 0.033203125
1 0.760986328125 0.39697265625 0.02587890625 0.1259765625
1 0.66162109375 0.3798828125 0.01953125 0.103515625
1 0.67626953125 0.3984375 0.0234375 0.115234375
0 0.3447265625 0.35791015625 0.0087890625 0.0185546875
0 0.599609375 0.37548828125 0.0068359375 0.0478515625
0 0.72216796875 0.36865234375 0.005859375 0.0224609375
