1 0.45166015625 0.4248046875 0.005859375 0.02734375
1 0.43212890625 0.42236328125 0.0068359375 0.0341796875
1 0.302490234375 0.4365234375 0.00927734375 0.0546875
1 0.205322265625 0.4443359375 0.01611328125 0.078125
1 0.546142578125 0.42236328125 0.00634765625 0.0283203125
1 0.62548828125 0.41162109375 0.009765625 0.0419921875
1 0.654296875 0.42041015625 0.013671875 0.0791015625
1 0.67236328125 0.4169921875 0.0126953125 0.080078125
1 0.71044921875 0.423828125 0.017578125 0.095703125
1 0.839599609375 0.43310546875 0.02685546875 0.1298828125
1 0.900390625 0.43017578125 0.0419921875 0.2451171875
1 0.93603515625 0.4580078125 0.0537109375 0.2734375
0 0.2255859375 0.423828125 0.0068359375 0.044921875
0 0.4677734375 0.38525390625 0.0087890625 0.0126953125
5 0 0 0 0
5 0 0 0 0
5 0 0 0 0
5 0 0 0 0
