1 0.147705078125 0.392578125 0.00830078125 0.044921875
1 0.28125 0.3896484375 0.0078125 0.08203125
1 0.247314453125 0.4052734375 0.01025390625 0.064453125
1 0.23388671875 0.41796875 0.0302734375 0.146484375
1 0.33642578125 0.38232421875 0.01953125 0.0830078125
1 0.320068359375 0.43701171875 0.03955078125 0.2080078125
1 0.4775390625 0.42333984375 0.0244140625 0.1435546875
1 0.4931640625 0.42919921875 0.029296875 0.1591796875
1 0.543701171875 0.41650390625 0.02587890625 0.1259765625
1 0.52392578125 0.41455078125 0.02734375 0.1337890625
1 0.653076171875 0.42041015625 0.02392578125 0.1279296875
1 0.585205078125 0.4375 0.02294921875 0.111328125
1 0.625732421875 0.41162109375 0.03369140625 0.1650390625
1 0.769775390625 0.41259765625 0.03271484375 0.2646484375
1 0.838134765625 0.41064453125 0.05322265625 0.2607421875
1 0.980712890625 0.44873046875 0.03466796875 0.5205078125
2 0.12548828125 0.42919921875 0.03515625 0.1708984375
0 0.196044921875 0.4033203125 0.00830078125 0.017578125
