1 0.270751953125 0.4423828125 0.03955078125 0.232421875
1 0.2734375 0.45166015625 0.0419921875 0.2119140625
3 0.7939453125 0.484375 0.0322265625 0.0390625
1 0.70556640625 0.4013671875 0.0283203125 0.083984375
1 0.755859375 0.443359375 0.0224609375 0.17578125
1 0.769775390625 0.4365234375 0.03369140625 0.203125
1 0.792724609375 0.4306640625 0.01611328125 0.1875
1 0.80322265625 0.4365234375 0.0380859375 0.1875
1 0.901123046875 0.4462890625 0.04248046875 0.185546875
1 0.942626953125 0.4375 0.04052734375 0.201171875
3 0.8232421875 0.46533203125 0.0302734375 0.0771484375
1 0.723876953125 0.4384765625 0.02783203125 0.18359375
0 0.1064453125 0.4169921875 0.0107421875 0.029296875
0 0.151123046875 0.41015625 0.01318359375 0.02734375
