1 0.017822265625 0.37109375 0.01025390625 0.048828125
1 0.007568359375 0.36962890625 0.00830078125 0.0537109375
1 0.488037109375 0.3740234375 0.01025390625 0.037109375
1 0.476318359375 0.3740234375 0.01611328125 0.052734375
1 0.531005859375 0.375 0.01904296875 0.05859375
1 0.5537109375 0.37158203125 0.013671875 0.0478515625
1 0.580322265625 0.37060546875 0.01123046875 0.0380859375
1 0.572021484375 0.3681640625 0.02197265625 0.0546875
1 0.594970703125 0.37353515625 0.01025390625 0.0341796875
1 0.6025390625 0.3779296875 0.0107421875 0.046875
1 0.707763671875 0.39404296875 0.02685546875 0.0869140625
1 0.768798828125 0.42529296875 0.02197265625 0.1103515625
1 0.050537109375 0.4013671875 0.04541015625 0.251953125
1 0.08984375 0.39404296875 0.0478515625 0.2568359375
2 0.98779296875 0.38623046875 0.0205078125 0.1455078125
