1 0.075927734375 0.39990234375 0.01708984375 0.0869140625
1 0.083740234375 0.40234375 0.01708984375 0.083984375
1 0.156494140625 0.40478515625 0.01318359375 0.0830078125
1 0.153076171875 0.388671875 0.00830078125 0.041015625
1 0.162109375 0.39990234375 0.009765625 0.0732421875
1 0.248046875 0.40966796875 0.009765625 0.0556640625
1 0.22021484375 0.4521484375 0.0615234375 0.30078125
1 0.268798828125 0.40771484375 0.00830078125 0.0595703125
1 0.3388671875 0.41357421875 0.0078125 0.0439453125
1 0.3935546875 0.41748046875 0.00390625 0.0341796875
1 0.461181640625 0.4130859375 0.02099609375 0.1015625
1 0.95654296875 0.46435546875 0.0234375 0.1181640625
0 0.0205078125 0.35400390625 0.01171875 0.0498046875
