1 0.28955078125 0.43115234375 0.0107421875 0.0283203125
1 0.2841796875 0.4423828125 0.013671875 0.0390625
1 0.2724609375 0.44677734375 0.0146484375 0.0556640625
1 0.263916015625 0.474609375 0.01708984375 0.107421875
1 0.25634765625 0.46337890625 0.01953125 0.1298828125
1 0.245849609375 0.47509765625 0.01123046875 0.0966796875
1 0.23876953125 0.470703125 0.013671875 0.111328125
1 0.230224609375 0.46337890625 0.02197265625 0.1337890625
1 0.213623046875 0.47607421875 0.01318359375 0.1005859375
1 0.22265625 0.46875 0.02734375 0.1328125
1 0.20068359375 0.4677734375 0.0224609375 0.119140625
1 0.169677734375 0.4677734375 0.02197265625 0.130859375
1 0.1435546875 0.46630859375 0.0234375 0.1298828125
1 0.1201171875 0.47216796875 0.0244140625 0.1162109375
1 0.040283203125 0.47412109375 0.02978515625 0.1533203125
1 0.552978515625 0.46630859375 0.01904296875 0.1103515625
1 0.5546875 0.47412109375 0.013671875 0.0986328125
1 0.79248046875 0.4560546875 0.0107421875 0.091796875
1 0.794189453125 0.45556640625 0.01708984375 0.0986328125
1 0.81884765625 0.46630859375 0.0107421875 0.0791015625
1 0.814208984375 0.45556640625 0.01904296875 0.1025390625
1 0.87939453125 0.44677734375 0.0234375 0.1142578125
1 0.901611328125 0.44873046875 0.01513671875 0.1083984375
0 0.644287109375 0.44970703125 0.00732421875 0.0146484375
0 0.610107421875 0.4521484375 0.01416015625 0.013671875
0 0.343017578125 0.43701171875 0.01025390625 0.0244140625
0 0.4267578125 0.44873046875 0.0068359375 0.0166015625
0 0.450927734375 0.447265625 0.00927734375 0.01171875
5 0 0 0 0
5 0 0 0 0
5 0 0 0 0
5 0 0 0 0
5 0 0 0 0
