1 0.7373046875 0.3896484375 0.0068359375 0.03515625
1 0.75244140625 0.38916015625 0.005859375 0.0283203125
1 0.8916015625 0.41650390625 0.0205078125 0.1142578125
1 0.515869140625 0.3857421875 0.00634765625 0.037109375
1 0.426025390625 0.35986328125 0.00634765625 0.0087890625
1 0.107421875 0.30810546875 0.0341796875 0.0517578125
1 0.38037109375 0.3564453125 0.0029296875 0.009765625
1 0.061767578125 0.28857421875 0.02978515625 0.0595703125
1 0.417236328125 0.35888671875 0.00439453125 0.0068359375
2 0.636474609375 0.37890625 0.00537109375 0.021484375
2 0.786376953125 0.4169921875 0.02978515625 0.142578125
0 0.73291015625 0.17236328125 0.0234375 0.0927734375
