1 0.49658203125 0.4248046875 0.0068359375 0.04296875
1 0.4892578125 0.42236328125 0.009765625 0.0478515625
1 0.466796875 0.41162109375 0.013671875 0.0751953125
1 0.449462890625 0.43505859375 0.00439453125 0.0263671875
1 0.454833984375 0.43896484375 0.00439453125 0.0185546875
1 0.4453125 0.4326171875 0.0068359375 0.03515625
1 0.439208984375 0.435546875 0.00439453125 0.02734375
1 0.4130859375 0.4189453125 0.0068359375 0.0703125
1 0.406982421875 0.44873046875 0.00439453125 0.0126953125
1 0.419189453125 0.41748046875 0.01123046875 0.0576171875
1 0.405517578125 0.41796875 0.01220703125 0.080078125
1 0.37939453125 0.42333984375 0.0107421875 0.0712890625
1 0.3681640625 0.42822265625 0.01171875 0.0556640625
1 0.357666015625 0.4296875 0.01025390625 0.052734375
1 0.349853515625 0.4228515625 0.01416015625 0.068359375
1 0.342529296875 0.43359375 0.00732421875 0.046875
1 0.32421875 0.42529296875 0.0126953125 0.0654296875
1 0.31396484375 0.42041015625 0.0126953125 0.0751953125
1 0.18798828125 0.3984375 0.0107421875 0.0234375
1 0.125 0.40380859375 0.005859375 0.0107421875
1 0.146728515625 0.3974609375 0.01318359375 0.0234375
1 0.573486328125 0.4072265625 0.00439453125 0.06640625
1 0.62451171875 0.3955078125 0.0068359375 0.048828125
1 0.624267578125 0.41064453125 0.01025390625 0.0654296875
1 0.606689453125 0.388671875 0.00830078125 0.04296875
1 0.604736328125 0.45068359375 0.00634765625 0.0185546875
1 0.599365234375 0.41455078125 0.01904296875 0.0986328125
1 0.61376953125 0.41455078125 0.017578125 0.0849609375
1 0.643310546875 0.4140625 0.01123046875 0.095703125
1 0.635986328125 0.41650390625 0.01708984375 0.1005859375
1 0.6533203125 0.41259765625 0.0166015625 0.1044921875
1 0.705810546875 0.40673828125 0.00537109375 0.0634765625
1 0.690185546875 0.40478515625 0.01318359375 0.0849609375
1 0.6982421875 0.4072265625 0.017578125 0.083984375
1 0.774658203125 0.43310546875 0.03173828125 0.1943359375
1 0.979736328125 0.529296875 0.03662109375 0.20703125
1 0.82080078125 0.44140625 0.02734375 0.228515625
1 0.805419921875 0.43798828125 0.03857421875 0.2685546875
1 0.890625 0.435546875 0.0498046875 0.2421875
1 0.912841796875 0.44677734375 0.06787109375 0.4052734375
1 0.959716796875 0.44873046875 0.07666015625 0.4443359375
1 0.33544921875 0.43359375 0.009765625 0.048828125
2 0.391357421875 0.41748046875 0.02294921875 0.1103515625
2 0.4296875 0.419921875 0.0224609375 0.11328125
0 0.47021484375 0.32861328125 0.0068359375 0.0166015625
5 0 0 0 0
5 0 0 0 0
5 0 0 0 0
