3 0.3369140625 0.39501953125 0.005859375 0.0244140625
1 0.527587890625 0.375 0.00341796875 0.017578125
1 0.5205078125 0.37939453125 0.0029296875 0.0205078125
1 0.51513671875 0.373046875 0.001953125 0.009765625
1 0.489990234375 0.3837890625 0.00537109375 0.029296875
1 0.48388671875 0.38525390625 0.0048828125 0.0263671875
1 0.556884765625 0.38818359375 0.00537109375 0.0283203125
1 0.563720703125 0.384765625 0.00439453125 0.021484375
1 0.577392578125 0.39208984375 0.00341796875 0.0205078125
1 0.58056640625 0.39013671875 0.0029296875 0.0224609375
1 0.591552734375 0.41162109375 0.00634765625 0.0419921875
1 0.60009765625 0.41162109375 0.0068359375 0.0419921875
1 0.5947265625 0.42822265625 0.009765625 0.0654296875
1 0.605712890625 0.4365234375 0.00927734375 0.044921875
1 0.568115234375 0.4287109375 0.02001953125 0.09765625
3 0.634765625 0.42333984375 0.009765625 0.0185546875
3 0.66259765625 0.4306640625 0.0068359375 0.029296875
1 0.6708984375 0.43505859375 0.009765625 0.0751953125
3 0.753662109375 0.43115234375 0.00341796875 0.0126953125
1 0.725830078125 0.43798828125 0.01806640625 0.0869140625
3 0.833740234375 0.431640625 0.01025390625 0.017578125
1 0.761474609375 0.4423828125 0.01318359375 0.078125
1 0.788330078125 0.443359375 0.02490234375 0.119140625
1 0.857666015625 0.4443359375 0.00830078125 0.06640625
1 0.8115234375 0.44873046875 0.021484375 0.1162109375
1 0.847900390625 0.45263671875 0.01904296875 0.1181640625
1 0.9326171875 0.46435546875 0.0341796875 0.1962890625
1 0.99072265625 0.490234375 0.0205078125 0.15625
1 0.51708984375 0.4296875 0.0185546875 0.08984375
1 0.486083984375 0.427734375 0.01904296875 0.091796875
1 0.38232421875 0.41748046875 0.009765625 0.0517578125
1 0.398681640625 0.416015625 0.00732421875 0.060546875
1 0.3876953125 0.41650390625 0.0087890625 0.0595703125
1 0.26416015625 0.41796875 0.0185546875 0.11328125
1 0.30224609375 0.41650390625 0.0224609375 0.1357421875
1 0.2724609375 0.419921875 0.0283203125 0.138671875
1 0.45068359375 0.43603515625 0.0166015625 0.0791015625
1 0.320556640625 0.42431640625 0.02001953125 0.1220703125
2 0.533447265625 0.384765625 0.00341796875 0.0234375
2 0.43994140625 0.40087890625 0.0078125 0.0361328125
5 0 0 0 0
5 0 0 0 0
5 0 0 0 0
5 0 0 0 0
5 0 0 0 0
5 0 0 0 0
5 0 0 0 0
