1 0.663330078125 0.43115234375 0.02001953125 0.0986328125
1 0.64990234375 0.43115234375 0.01171875 0.0986328125
1 0.630615234375 0.43359375 0.00732421875 0.041015625
1 0.60302734375 0.4375 0.005859375 0.0390625
1 0.599609375 0.43994140625 0.005859375 0.0478515625
1 0.5849609375 0.43798828125 0.009765625 0.0537109375
1 0.559326171875 0.44189453125 0.00732421875 0.0478515625
1 0.51318359375 0.44091796875 0.005859375 0.0498046875
1 0.551025390625 0.4404296875 0.00927734375 0.048828125
1 0.537109375 0.4404296875 0.021484375 0.107421875
1 0.537353515625 0.43798828125 0.02099609375 0.1279296875
1 0.61279296875 0.4296875 0.0322265625 0.18359375
1 0.71240234375 0.412109375 0.02734375 0.212890625
1 0.691162109375 0.42431640625 0.05419921875 0.2666015625
1 0.937255859375 0.384765625 0.03466796875 0.15625
1 0.98388671875 0.376953125 0.0283203125 0.1171875
1 0.836181640625 0.42529296875 0.02978515625 0.2236328125
1 0.81396484375 0.42578125 0.048828125 0.25
1 0.87744140625 0.42431640625 0.060546875 0.2919921875
1 0.87548828125 0.43798828125 0.056640625 0.2744140625
3 0.44775390625 0.42919921875 0.0078125 0.0302734375
3 0.444091796875 0.443359375 0.01220703125 0.033203125
1 0.460205078125 0.43017578125 0.00634765625 0.0302734375
3 0.4755859375 0.44873046875 0.00390625 0.0166015625
1 0.43115234375 0.43798828125 0.0107421875 0.0498046875
1 0.415283203125 0.44775390625 0.02490234375 0.1376953125
1 0.387939453125 0.45263671875 0.02197265625 0.1396484375
1 0.243408203125 0.42919921875 0.01416015625 0.0498046875
1 0.173095703125 0.474609375 0.02392578125 0.12890625
1 0.19580078125 0.4462890625 0.0361328125 0.1875
1 0.011474609375 0.43994140625 0.01025390625 0.0849609375
1 0.02099609375 0.43408203125 0.021484375 0.0966796875
1 0.0576171875 0.4775390625 0.017578125 0.09375
1 0.047119140625 0.4755859375 0.01904296875 0.1015625
1 0.081298828125 0.45263671875 0.02880859375 0.1513671875
1 0.260986328125 0.4521484375 0.03173828125 0.1640625
1 0.30126953125 0.45068359375 0.03125 0.1611328125
0 0.617431640625 0.19970703125 0.01611328125 0.0478515625
0 0.779296875 0.05224609375 0.0390625 0.1005859375
0 0.9921875 0.14501953125 0.013671875 0.0439453125
0 0.126953125 0.44677734375 0.0263671875 0.0517578125
5 0 0 0 0
5 0 0 0 0
5 0 0 0 0
5 0 0 0 0
