3 0.54345703125 0.43603515625 0.0068359375 0.0244140625
1 0.554931640625 0.42919921875 0.01025390625 0.0576171875
1 0.521484375 0.43115234375 0.0048828125 0.0322265625
1 0.572265625 0.4248046875 0.0078125 0.056640625
1 0.566650390625 0.42626953125 0.01220703125 0.0634765625
3 0.3583984375 0.4072265625 0.0087890625 0.025390625
1 0.36474609375 0.41015625 0.0078125 0.03125
1 0.386962890625 0.4091796875 0.00732421875 0.03515625
1 0.39990234375 0.416015625 0.005859375 0.02734375
1 0.4521484375 0.41845703125 0.0078125 0.0517578125
1 0.78466796875 0.44482421875 0.0146484375 0.1376953125
3 0.83154296875 0.46484375 0.0322265625 0.111328125
1 0.127685546875 0.42138671875 0.03466796875 0.3037109375
1 0.05908203125 0.54150390625 0.0126953125 0.0576171875
1 0.11083984375 0.48876953125 0.04296875 0.4248046875
1 0.2138671875 0.44140625 0.037109375 0.283203125
1 0.24853515625 0.439453125 0.0673828125 0.328125
1 0.1767578125 0.45751953125 0.060546875 0.3115234375
1 0.086669921875 0.49365234375 0.05810546875 0.5986328125
0 0.53466796875 0.35791015625 0.0068359375 0.0107421875
0 0.460205078125 0.40283203125 0.00830078125 0.0283203125
0 0.4111328125 0.40478515625 0.0107421875 0.0439453125
0 0.889404296875 0.45263671875 0.01025390625 0.1201171875
0 0.902099609375 0.4287109375 0.01611328125 0.072265625
0 0.587158203125 0.2939453125 0.01123046875 0.05078125
