1 0.011474609375 0.41162109375 0.01318359375 0.0283203125
1 0.244873046875 0.4033203125 0.04541015625 0.150390625
1 0.2216796875 0.3798828125 0.0419921875 0.1328125
1 0.164306640625 0.490234375 0.01904296875 0.140625
4 0.197509765625 0.35986328125 0.03564453125 0.0791015625
1 0.2060546875 0.52734375 0.0615234375 0.30078125
1 0.1337890625 0.4853515625 0.064453125 0.412109375
1 0.099365234375 0.5732421875 0.05322265625 0.259765625
3 0.1806640625 0.5263671875 0.046875 0.12109375
0 0.5107421875 0.4501953125 0.0146484375 0.015625
0 0.997802734375 0.32421875 0.00439453125 0.01953125
