1 0.40576171875 0.41162109375 0.0078125 0.0517578125
1 0.413818359375 0.412109375 0.01025390625 0.0546875
1 0.451171875 0.38916015625 0.0048828125 0.0107421875
1 0.44775390625 0.4130859375 0.005859375 0.048828125
1 0.455810546875 0.39306640625 0.00341796875 0.0087890625
1 0.45947265625 0.40966796875 0.0078125 0.0517578125
1 0.465087890625 0.408203125 0.00830078125 0.05078125
1 0.468994140625 0.4091796875 0.01025390625 0.052734375
1 0.679931640625 0.4296875 0.00927734375 0.142578125
1 0.453369140625 0.4150390625 0.01025390625 0.05859375
1 0.659423828125 0.3759765625 0.01513671875 0.037109375
1 0.675048828125 0.474609375 0.00634765625 0.0390625
1 0.560302734375 0.41357421875 0.00732421875 0.0400390625
1 0.56884765625 0.41455078125 0.009765625 0.0576171875
1 0.580322265625 0.41064453125 0.00830078125 0.0439453125
1 0.588134765625 0.3984375 0.00537109375 0.015625
1 0.743896484375 0.42626953125 0.01220703125 0.1455078125
1 0.593505859375 0.39501953125 0.00830078125 0.0244140625
1 0.60205078125 0.4130859375 0.009765625 0.05859375
1 0.616943359375 0.42138671875 0.01806640625 0.0927734375
1 0.668212890625 0.4326171875 0.01806640625 0.142578125
1 0.645263671875 0.43603515625 0.03369140625 0.1630859375
1 0.73486328125 0.43115234375 0.017578125 0.1513671875
1 0.70458984375 0.4287109375 0.0146484375 0.162109375
1 0.690673828125 0.4228515625 0.03076171875 0.1796875
1 0.71337890625 0.43310546875 0.015625 0.1435546875
1 0.754150390625 0.435546875 0.02392578125 0.154296875
1 0.7275390625 0.42626953125 0.0341796875 0.1650390625
1 0.77685546875 0.42724609375 0.0341796875 0.1767578125
1 0.314208984375 0.39208984375 0.01611328125 0.0654296875
1 0.343505859375 0.39599609375 0.01513671875 0.0556640625
1 0.4091796875 0.41064453125 0.00390625 0.0498046875
0 0.085693359375 0.40478515625 0.02197265625 0.1162109375
0 0.17236328125 0.4072265625 0.009765625 0.09765625
0 0.2568359375 0.3974609375 0.01953125 0.115234375
0 0.27783203125 0.373046875 0.0205078125 0.072265625
0 0.315185546875 0.287109375 0.00537109375 0.02734375
0 0.90673828125 0.42578125 0.0078125 0.14453125
0 0.878662109375 0.4287109375 0.01025390625 0.134765625
5 0 0 0 0
