1 0.354248046875 0.44873046875 0.02880859375 0.1396484375
1 0.3994140625 0.4111328125 0.0146484375 0.060546875
1 0.409912109375 0.45703125 0.02294921875 0.125
1 0.47705078125 0.451171875 0.0205078125 0.099609375
1 0.481201171875 0.4521484375 0.02099609375 0.1015625
1 0.5244140625 0.45361328125 0.0205078125 0.1005859375
1 0.614501953125 0.43798828125 0.01513671875 0.0751953125
1 0.59521484375 0.44140625 0.017578125 0.091796875
1 0.67626953125 0.4384765625 0.009765625 0.046875
1 0.711669921875 0.435546875 0.00634765625 0.056640625
1 0.722412109375 0.43994140625 0.00439453125 0.0419921875
1 0.734619140625 0.4541015625 0.02099609375 0.1015625
1 0.700927734375 0.4482421875 0.02197265625 0.10546875
1 0.83935546875 0.43212890625 0.01171875 0.0634765625
1 0.860107421875 0.43896484375 0.01318359375 0.0751953125
1 0.869873046875 0.443359375 0.01220703125 0.06640625
1 0.880859375 0.4189453125 0.0048828125 0.025390625
1 0.884521484375 0.43798828125 0.01318359375 0.0654296875
1 0.90185546875 0.46240234375 0.0263671875 0.1298828125
1 0.92626953125 0.48193359375 0.0322265625 0.1552734375
1 0.97021484375 0.48876953125 0.0302734375 0.1474609375
1 0.827392578125 0.44873046875 0.01806640625 0.0947265625
1 0.814208984375 0.44970703125 0.01708984375 0.0966796875
1 0.790771484375 0.44482421875 0.02197265625 0.1162109375
1 0.806640625 0.44873046875 0.01953125 0.1064453125
0 0.2021484375 0.3994140625 0.041015625 0.052734375
0 0.1298828125 0.3974609375 0.0390625 0.05859375
0 0.04541015625 0.3779296875 0.04296875 0.046875
0 0.861328125 0.35986328125 0.0048828125 0.0166015625
0 0.754638671875 0.44970703125 0.01806640625 0.0224609375
