1 0.470458984375 0.3798828125 0.00439453125 0.021484375
1 0.4306640625 0.37109375 0.005859375 0.01171875
1 0.4482421875 0.37060546875 0.0048828125 0.0146484375
1 0.41796875 0.37646484375 0.0068359375 0.0146484375
1 0.556396484375 0.369140625 0.00732421875 0.017578125
1 0.56884765625 0.37158203125 0.013671875 0.0400390625
1 0.582275390625 0.38134765625 0.01123046875 0.0654296875
1 0.59130859375 0.38427734375 0.013671875 0.0673828125
1 0.225830078125 0.4111328125 0.01123046875 0.025390625
1 0.3525390625 0.40966796875 0.0146484375 0.1044921875
1 0.481201171875 0.38330078125 0.00439453125 0.0302734375
0 0.956298828125 0.38623046875 0.00537109375 0.0224609375
0 0.982666015625 0.357421875 0.00439453125 0.03125
