1 0.336181640625 0.44482421875 0.04736328125 0.3564453125
1 0.396240234375 0.44580078125 0.04248046875 0.3232421875
1 0.365478515625 0.455078125 0.07177734375 0.380859375
3 0.514892578125 0.439453125 0.03076171875 0.087890625
1 0.43505859375 0.44482421875 0.056640625 0.3408203125
3 0.541259765625 0.41015625 0.00927734375 0.02734375
3 0.529541015625 0.4404296875 0.02099609375 0.08984375
3 0.56005859375 0.45263671875 0.0302734375 0.1240234375
3 0.577880859375 0.41259765625 0.02001953125 0.0419921875
3 0.591796875 0.41748046875 0.015625 0.0439453125
3 0.6064453125 0.41162109375 0.0234375 0.0556640625
3 0.6572265625 0.45263671875 0.0283203125 0.1201171875
3 0.686767578125 0.45166015625 0.04052734375 0.1455078125
1 0.801513671875 0.39404296875 0.01513671875 0.0517578125
3 0.800048828125 0.45166015625 0.03076171875 0.1162109375
3 0.78271484375 0.41064453125 0.0205078125 0.0458984375
3 0.6279296875 0.4169921875 0.0078125 0.03515625
3 0.773681640625 0.4453125 0.01708984375 0.091796875
1 0.72900390625 0.46484375 0.037109375 0.212890625
1 0.9619140625 0.412109375 0.0205078125 0.1015625
1 0.946533203125 0.41845703125 0.01513671875 0.0888671875
1 0.923828125 0.42578125 0.0263671875 0.130859375
1 0.23046875 0.41845703125 0.005859375 0.0283203125
1 0.22412109375 0.41015625 0.0087890625 0.04296875
1 0.48046875 0.45458984375 0.052734375 0.3349609375
0 0.73193359375 0.18408203125 0.01953125 0.0380859375
0 0.638427734375 0.40869140625 0.00927734375 0.0224609375
