1 0.45458984375 0.32568359375 0.00390625 0.0205078125
1 0.4609375 0.326171875 0.00390625 0.021484375
1 0.466064453125 0.3232421875 0.00244140625 0.015625
1 0.468505859375 0.3212890625 0.00341796875 0.021484375
1 0.4716796875 0.32373046875 0.0029296875 0.0224609375
1 0.491455078125 0.3232421875 0.00244140625 0.01953125
1 0.488037109375 0.3232421875 0.00439453125 0.01953125
1 0.53271484375 0.3408203125 0.0078125 0.041015625
1 0.544677734375 0.34033203125 0.00732421875 0.0419921875
1 0.538330078125 0.34765625 0.00830078125 0.044921875
1 0.564208984375 0.341796875 0.00927734375 0.052734375
1 0.572998046875 0.333984375 0.00927734375 0.017578125
1 0.587646484375 0.34912109375 0.01123046875 0.0576171875
3 0.55224609375 0.38134765625 0.01953125 0.0517578125
3 0.80322265625 0.376953125 0.0107421875 0.02734375
3 0.7890625 0.37890625 0.013671875 0.041015625
3 0.795654296875 0.39599609375 0.01513671875 0.0556640625
3 0.7255859375 0.38623046875 0.02734375 0.0380859375
3 0.732177734375 0.3896484375 0.02001953125 0.041015625
3 0.76171875 0.4033203125 0.0205078125 0.0546875
3 0.777099609375 0.41650390625 0.04052734375 0.0927734375
3 0.88623046875 0.38720703125 0.0166015625 0.0458984375
3 0.8779296875 0.3955078125 0.017578125 0.048828125
3 0.871337890625 0.40771484375 0.01904296875 0.0830078125
1 0.821044921875 0.43896484375 0.04443359375 0.2138671875
3 0.84765625 0.40234375 0.015625 0.0625
3 0.044189453125 0.36865234375 0.00634765625 0.0322265625
1 0.827392578125 0.431640625 0.04248046875 0.26171875
1 0.8603515625 0.46533203125 0.0341796875 0.1826171875
3 0.90576171875 0.37939453125 0.0087890625 0.0224609375
3 0.918212890625 0.3994140625 0.01708984375 0.0703125
3 0.906494140625 0.451171875 0.04345703125 0.134765625
3 0.9296875 0.39990234375 0.0234375 0.0634765625
3 0.945068359375 0.39794921875 0.02294921875 0.0693359375
3 0.9580078125 0.4228515625 0.0400390625 0.1015625
1 0.427490234375 0.3212890625 0.00537109375 0.017578125
1 0.423583984375 0.32763671875 0.00439453125 0.0185546875
1 0.304443359375 0.35009765625 0.00830078125 0.0556640625
3 0.281982421875 0.359375 0.00537109375 0.0234375
1 0.287841796875 0.35986328125 0.01025390625 0.0537109375
1 0.266357421875 0.345703125 0.00439453125 0.021484375
1 0.27490234375 0.3603515625 0.015625 0.076171875
1 0.25244140625 0.3671875 0.0107421875 0.052734375
1 0.2353515625 0.3681640625 0.0146484375 0.07421875
3 0.166748046875 0.3662109375 0.01025390625 0.0234375
1 0.09033203125 0.3671875 0.0107421875 0.09375
3 0.177001953125 0.35498046875 0.00634765625 0.0244140625
1 0.153564453125 0.392578125 0.01904296875 0.1328125
1 0.09814453125 0.357421875 0.0126953125 0.046875
1 0.122314453125 0.3818359375 0.02099609375 0.1015625
3 0.031982421875 0.357421875 0.00634765625 0.0234375
1 0.013427734375 0.39990234375 0.02001953125 0.1982421875
1 0.309814453125 0.35205078125 0.00634765625 0.0537109375
2 0.39013671875 0.4033203125 0.0390625 0.189453125
5 0 0 0 0
5 0 0 0 0
5 0 0 0 0
5 0 0 0 0
