1 0.6630859375 0.37548828125 0.0078125 0.0615234375
1 0.279541015625 0.3896484375 0.01025390625 0.06640625
1 0.2626953125 0.36279296875 0.0078125 0.0185546875
1 0.3193359375 0.37744140625 0.0107421875 0.0478515625
1 0.297607421875 0.39208984375 0.01318359375 0.0634765625
1 0.261474609375 0.392578125 0.01220703125 0.060546875
1 0.384765625 0.36865234375 0.0048828125 0.0302734375
1 0.27099609375 0.39013671875 0.0126953125 0.0634765625
4 0.24755859375 0.365234375 0.013671875 0.03515625
1 0.40478515625 0.40283203125 0.0107421875 0.0869140625
1 0.2353515625 0.44287109375 0.0390625 0.2158203125
1 0.153076171875 0.427734375 0.04052734375 0.19921875
1 0.35693359375 0.40234375 0.0146484375 0.1171875
1 0.377685546875 0.39599609375 0.01416015625 0.1025390625
1 0.3720703125 0.4013671875 0.0166015625 0.091796875
3 0.771484375 0.3642578125 0.005859375 0.029296875
1 0.3486328125 0.408203125 0.017578125 0.103515625
1 0.549072265625 0.39990234375 0.00830078125 0.0439453125
1 0.551025390625 0.408203125 0.00634765625 0.0390625
1 0.5615234375 0.40234375 0.009765625 0.044921875
1 0.5556640625 0.40234375 0.0078125 0.044921875
1 0.5888671875 0.40625 0.0146484375 0.107421875
1 0.57763671875 0.4130859375 0.0224609375 0.12890625
1 0.60546875 0.41259765625 0.0244140625 0.1259765625
1 0.63818359375 0.40283203125 0.0126953125 0.1220703125
1 0.63037109375 0.40771484375 0.025390625 0.1337890625
1 0.654296875 0.40625 0.0205078125 0.12109375
1 0.669677734375 0.3720703125 0.01611328125 0.052734375
1 0.689208984375 0.365234375 0.02587890625 0.05859375
1 0.786865234375 0.3505859375 0.01025390625 0.0546875
1 0.69384765625 0.3896484375 0.0185546875 0.05859375
1 0.703857421875 0.365234375 0.01318359375 0.04296875
1 0.708984375 0.37744140625 0.0107421875 0.0537109375
1 0.715576171875 0.3701171875 0.02001953125 0.05859375
1 0.415283203125 0.40283203125 0.01611328125 0.0908203125
2 0.39208984375 0.40185546875 0.0234375 0.1142578125
0 0.93115234375 0.4033203125 0.017578125 0.14453125
0 0.99365234375 0.39599609375 0.0107421875 0.1416015625
0 0.044189453125 0.40673828125 0.01806640625 0.1220703125
0 0.084716796875 0.38525390625 0.01806640625 0.0771484375
0 0.436279296875 0.357421875 0.00537109375 0.0078125
5 0 0 0 0
5 0 0 0 0
