1 0.2998046875 0.4072265625 0.0146484375 0.134765625
1 0.3115234375 0.41064453125 0.0263671875 0.1318359375
1 0.363525390625 0.4140625 0.03076171875 0.158203125
1 0.47607421875 0.40771484375 0.01171875 0.0654296875
1 0.47900390625 0.40966796875 0.01171875 0.0576171875
1 0.53759765625 0.408203125 0.0029296875 0.03515625
1 0.539794921875 0.41015625 0.00341796875 0.037109375
1 0.495361328125 0.40380859375 0.01025390625 0.0615234375
1 0.50537109375 0.408203125 0.0068359375 0.044921875
1 0.516357421875 0.408203125 0.00634765625 0.046875
1 0.509521484375 0.4072265625 0.01025390625 0.05078125
1 0.528076171875 0.408203125 0.00634765625 0.04296875
1 0.5234375 0.4091796875 0.0068359375 0.041015625
1 0.532958984375 0.40771484375 0.00927734375 0.0458984375
1 0.54345703125 0.4091796875 0.005859375 0.041015625
1 0.546142578125 0.41259765625 0.00537109375 0.0322265625
0 0.200927734375 0.40625 0.01904296875 0.134765625
0 0.251220703125 0.40185546875 0.02880859375 0.1083984375
0 0.177734375 0.33935546875 0.0048828125 0.0166015625
0 0.402587890625 0.29736328125 0.00732421875 0.0166015625
0 0.439208984375 0.37646484375 0.01220703125 0.0185546875
0 0.58935546875 0.3427734375 0.0068359375 0.01171875
0 0.56298828125 0.36474609375 0.0107421875 0.0185546875
0 0.56201171875 0.41162109375 0.0107421875 0.0517578125
