1 0.64453125 0.4248046875 0.0068359375 0.0546875
1 0.6279296875 0.41748046875 0.017578125 0.0791015625
1 0.66259765625 0.4375 0.013671875 0.095703125
1 0.7060546875 0.4375 0.03125 0.1875
1 0.82275390625 0.45458984375 0.0205078125 0.2080078125
1 0.802734375 0.447265625 0.04296875 0.271484375
1 0.849853515625 0.5068359375 0.00927734375 0.041015625
1 0.8505859375 0.447265625 0.025390625 0.2265625
1 0.8984375 0.45947265625 0.0234375 0.1611328125
1 0.873779296875 0.453125 0.03955078125 0.275390625
1 0.60498046875 0.42919921875 0.0322265625 0.1845703125
4 0.2802734375 0.4248046875 0.0087890625 0.16015625
1 0.121337890625 0.396484375 0.02587890625 0.09375
1 0.19140625 0.41357421875 0.029296875 0.1357421875
1 0.956787109375 0.5654296875 0.01708984375 0.046875
1 0.953125 0.45703125 0.091796875 0.443359375
