1 0.065673828125 0.39697265625 0.01904296875 0.0849609375
1 0.0439453125 0.42529296875 0.0390625 0.2158203125
3 0.12646484375 0.41748046875 0.0380859375 0.0830078125
3 0.133056640625 0.416015625 0.04345703125 0.08203125
3 0.1337890625 0.4208984375 0.025390625 0.083984375
3 0.13720703125 0.43798828125 0.0576171875 0.1240234375
1 0.181396484375 0.40771484375 0.03955078125 0.2177734375
1 0.287841796875 0.41162109375 0.03369140625 0.2060546875
1 0.253662109375 0.41064453125 0.03955078125 0.2197265625
1 0.36865234375 0.42333984375 0.04296875 0.2236328125
1 0.841552734375 0.36279296875 0.03271484375 0.0595703125
1 0.80615234375 0.400390625 0.0244140625 0.15625
1 0.843505859375 0.3984375 0.03857421875 0.185546875
1 0.8876953125 0.38818359375 0.0380859375 0.1865234375
1 0.965576171875 0.39990234375 0.02783203125 0.1552734375
1 0.4033203125 0.42822265625 0.041015625 0.2138671875
0 0.41455078125 0.2197265625 0.0146484375 0.03515625
0 0.693115234375 0.34326171875 0.02099609375 0.0537109375
0 0.656005859375 0.3486328125 0.00927734375 0.05078125
0 0.771728515625 0.37744140625 0.01416015625 0.0576171875
