1 0.8466796875 0.41748046875 0.0146484375 0.0712890625
1 0.4736328125 0.37353515625 0.00390625 0.0166015625
1 0.468017578125 0.373046875 0.00634765625 0.013671875
4 0.56982421875 0.43505859375 0.009765625 0.0068359375
1 0.589599609375 0.4013671875 0.01904296875 0.091796875
4 0.77392578125 0.41064453125 0.0087890625 0.0615234375
1 0.809814453125 0.41455078125 0.01318359375 0.0751953125
1 0.858154296875 0.41357421875 0.01416015625 0.0810546875
0 0.041015625 0.349609375 0.009765625 0.068359375
0 0.15283203125 0.33447265625 0.015625 0.0517578125
5 0 0 0 0
