1 0.437744140625 0.43017578125 0.00537109375 0.0302734375
1 0.432861328125 0.431640625 0.00244140625 0.025390625
1 0.447265625 0.4326171875 0.005859375 0.029296875
1 0.393798828125 0.43408203125 0.00634765625 0.0380859375
1 0.484130859375 0.43115234375 0.00439453125 0.0244140625
1 0.477294921875 0.42919921875 0.00927734375 0.0439453125
1 0.396728515625 0.419921875 0.01318359375 0.09375
1 0.404052734375 0.42724609375 0.01806640625 0.1201171875
1 0.327392578125 0.462890625 0.00830078125 0.03515625
1 0.31298828125 0.42431640625 0.021484375 0.1201171875
1 0.56982421875 0.40576171875 0.0224609375 0.1181640625
1 0.5283203125 0.42333984375 0.0263671875 0.1279296875
1 0.496337890625 0.41748046875 0.02490234375 0.1201171875
1 0.921875 0.3603515625 0.0126953125 0.1640625
1 0.894775390625 0.36376953125 0.03173828125 0.1630859375
1 0.849853515625 0.39599609375 0.02197265625 0.1083984375
1 0.866455078125 0.38916015625 0.02392578125 0.1318359375
1 0.4228515625 0.42529296875 0.02734375 0.1337890625
1 0.21142578125 0.4306640625 0.017578125 0.12109375
1 0.26611328125 0.43408203125 0.0361328125 0.2001953125
1 0.242919921875 0.44384765625 0.03173828125 0.1708984375
1 0.224609375 0.455078125 0.0419921875 0.205078125
1 0.183837890625 0.44873046875 0.04150390625 0.2080078125
1 0.061767578125 0.42333984375 0.01611328125 0.0830078125
2 0.33837890625 0.42578125 0.0302734375 0.1484375
0 0.450927734375 0.28369140625 0.01025390625 0.0205078125
0 0.81591796875 0.3310546875 0.015625 0.080078125
0 0.8662109375 0.29345703125 0.0205078125 0.0517578125
0 0.551025390625 0.16650390625 0.02001953125 0.0908203125
0 0.107666015625 0.390625 0.01025390625 0.033203125
0 0.290771484375 0.44482421875 0.01318359375 0.0498046875
