1 0.521728515625 0.38037109375 0.00927734375 0.0341796875
1 0.538818359375 0.3837890625 0.00830078125 0.044921875
1 0.73388671875 0.39794921875 0.009765625 0.0322265625
1 0.77001953125 0.40185546875 0.0029296875 0.0107421875
1 0.76416015625 0.40087890625 0.0029296875 0.0126953125
1 0.8974609375 0.3935546875 0.0205078125 0.06640625
1 0.714599609375 0.39990234375 0.01220703125 0.0654296875
1 0.724365234375 0.3935546875 0.01025390625 0.041015625
2 0.627197265625 0.390625 0.02294921875 0.12890625
2 0.658935546875 0.39892578125 0.02685546875 0.1337890625
5 0 0 0 0
5 0 0 0 0
