1 0.423828125 0.419921875 0.0107421875 0.0703125
1 0.313232421875 0.412109375 0.01806640625 0.091796875
1 0.396240234375 0.404296875 0.01611328125 0.05078125
1 0.281982421875 0.42822265625 0.02685546875 0.1298828125
1 0.433837890625 0.41943359375 0.01318359375 0.0751953125
2 0.6904296875 0.4365234375 0.056640625 0.27734375
0 0.632568359375 0.3779296875 0.00244140625 0.009765625
0 0.164794921875 0.400390625 0.00439453125 0.013671875
0 0.171630859375 0.40185546875 0.00439453125 0.0107421875
0 0.140625 0.4013671875 0.005859375 0.013671875
0 0.083984375 0.404296875 0.0068359375 0.013671875
0 0.060546875 0.40380859375 0.005859375 0.0166015625
0 0.0458984375 0.40380859375 0.005859375 0.0126953125
0 0.856201171875 0.4833984375 0.03173828125 0.08203125
5 0 0 0 0
