1 0.48583984375 0.416015625 0.005859375 0.052734375
1 0.476318359375 0.419921875 0.00439453125 0.03515625
1 0.466064453125 0.41455078125 0.00537109375 0.0419921875
1 0.46044921875 0.41552734375 0.0087890625 0.0576171875
1 0.470703125 0.42041015625 0.009765625 0.0498046875
1 0.450439453125 0.421875 0.01416015625 0.080078125
1 0.431640625 0.4169921875 0.015625 0.087890625
1 0.410400390625 0.3935546875 0.01318359375 0.021484375
1 0.36962890625 0.3994140625 0.0166015625 0.06640625
1 0.343994140625 0.3740234375 0.00927734375 0.033203125
1 0.333740234375 0.4130859375 0.02197265625 0.10546875
1 0.353515625 0.3994140625 0.0224609375 0.08984375
1 0.11328125 0.42919921875 0.02734375 0.2080078125
1 0.138671875 0.42822265625 0.0498046875 0.2412109375
1 0.501708984375 0.419921875 0.00439453125 0.01953125
1 0.507568359375 0.4208984375 0.00341796875 0.01953125
1 0.536865234375 0.41943359375 0.00439453125 0.0283203125
1 0.5419921875 0.4189453125 0.00390625 0.025390625
1 0.55029296875 0.4189453125 0.0048828125 0.029296875
1 0.55322265625 0.4208984375 0.0048828125 0.02734375
1 0.55712890625 0.41943359375 0.005859375 0.0322265625
1 0.57177734375 0.4150390625 0.009765625 0.052734375
1 0.5771484375 0.4130859375 0.0068359375 0.041015625
1 0.585205078125 0.41455078125 0.00732421875 0.0458984375
1 0.591796875 0.4130859375 0.005859375 0.029296875
1 0.597900390625 0.40283203125 0.00732421875 0.0166015625
1 0.634765625 0.4150390625 0.005859375 0.056640625
1 0.622314453125 0.412109375 0.00732421875 0.06640625
1 0.6318359375 0.41455078125 0.0068359375 0.0595703125
1 0.616943359375 0.41455078125 0.01025390625 0.0908203125
1 0.609619140625 0.41845703125 0.01611328125 0.0849609375
1 0.627685546875 0.42236328125 0.01416015625 0.0810546875
1 0.876708984375 0.44482421875 0.03759765625 0.2236328125
1 0.687255859375 0.37841796875 0.00634765625 0.0205078125
1 0.6669921875 0.421875 0.0146484375 0.099609375
1 0.677978515625 0.4306640625 0.01806640625 0.103515625
1 0.6953125 0.43603515625 0.025390625 0.1494140625
1 0.801025390625 0.451171875 0.04248046875 0.251953125
1 0.844970703125 0.4541015625 0.04833984375 0.244140625
1 0.963623046875 0.4609375 0.05029296875 0.267578125
1 0.077880859375 0.431640625 0.03955078125 0.19921875
1 0.49072265625 0.416015625 0.0107421875 0.052734375
3 0.90625 0.4951171875 0.037109375 0.08984375
0 0.4033203125 0.32763671875 0.001953125 0.0146484375
0 0.22705078125 0.4052734375 0.013671875 0.0703125
0 0.20068359375 0.40576171875 0.009765625 0.0556640625
5 0 0 0 0
5 0 0 0 0
