1 0.150390625 0.42578125 0.0048828125 0.009765625
1 0.32470703125 0.41552734375 0.005859375 0.0107421875
1 0.422607421875 0.4306640625 0.00927734375 0.064453125
1 0.242431640625 0.45068359375 0.03173828125 0.1650390625
1 0.269775390625 0.4541015625 0.02587890625 0.158203125
1 0.414794921875 0.42919921875 0.00927734375 0.0673828125
1 0.363037109375 0.44091796875 0.01318359375 0.0908203125
1 0.353271484375 0.44140625 0.02001953125 0.09765625
1 0.3984375 0.43310546875 0.013671875 0.0654296875
1 0.411376953125 0.4345703125 0.01123046875 0.0625
1 0.48046875 0.41455078125 0.0068359375 0.0341796875
1 0.473876953125 0.4111328125 0.00634765625 0.03515625
2 0.517822265625 0.421875 0.01318359375 0.06640625
0 0.09375 0.4130859375 0.009765625 0.0390625
5 0 0 0 0
5 0 0 0 0
5 0 0 0 0
5 0 0 0 0
