1 0.2568359375 0.33447265625 0.00390625 0.0146484375
1 0.194580078125 0.341796875 0.00537109375 0.013671875
1 0.60498046875 0.3359375 0.009765625 0.056640625
1 0.616455078125 0.3359375 0.01025390625 0.05859375
1 0.657958984375 0.3955078125 0.02392578125 0.13671875
1 0.683349609375 0.38427734375 0.02587890625 0.1533203125
1 0.7099609375 0.3828125 0.02734375 0.142578125
1 0.768798828125 0.38427734375 0.03271484375 0.1865234375
2 0.30029296875 0.33642578125 0.013671875 0.0224609375
2 0.301513671875 0.37109375 0.01513671875 0.078125
2 0.2900390625 0.37841796875 0.017578125 0.0869140625
