1 0.575439453125 0.42578125 0.01904296875 0.10546875
1 0.59716796875 0.4228515625 0.0166015625 0.111328125
1 0.616943359375 0.42333984375 0.03076171875 0.1533203125
1 0.64990234375 0.42626953125 0.0283203125 0.1474609375
1 0.73046875 0.4326171875 0.0498046875 0.248046875
1 0.77783203125 0.45263671875 0.0517578125 0.2763671875
1 0.83251953125 0.46142578125 0.072265625 0.3505859375
1 0.981201171875 0.53857421875 0.03369140625 0.5224609375
0 0.435302734375 0.36962890625 0.00830078125 0.0439453125
5 0 0 0 0
