1 0.454345703125 0.43310546875 0.01123046875 0.0634765625
1 0.468505859375 0.4326171875 0.01220703125 0.056640625
1 0.6591796875 0.412109375 0.0048828125 0.0234375
1 0.567626953125 0.43408203125 0.01220703125 0.0634765625
1 0.616943359375 0.43896484375 0.01025390625 0.0712890625
1 0.66650390625 0.43994140625 0.0107421875 0.0517578125
1 0.6826171875 0.4130859375 0.0087890625 0.033203125
1 0.68994140625 0.4169921875 0.009765625 0.056640625
1 0.709716796875 0.427734375 0.01416015625 0.08984375
1 0.69873046875 0.42578125 0.013671875 0.044921875
1 0.71923828125 0.435546875 0.013671875 0.0703125
1 0.89111328125 0.4404296875 0.052734375 0.2578125
