1 0.422119140625 0.38720703125 0.00732421875 0.0341796875
1 0.41357421875 0.388671875 0.005859375 0.03125
1 0.4365234375 0.39501953125 0.0029296875 0.0185546875
1 0.462158203125 0.38671875 0.00537109375 0.02734375
1 0.512451171875 0.38232421875 0.00927734375 0.0322265625
1 0.525390625 0.384765625 0.0048828125 0.025390625
4 0.531982421875 0.39501953125 0.00048828125 0.0009765625
1 0.539794921875 0.38330078125 0.01025390625 0.0302734375
1 0.62109375 0.3759765625 0.0048828125 0.02734375
1 0.773193359375 0.36328125 0.00732421875 0.013671875
1 0.77392578125 0.37158203125 0.0087890625 0.0400390625
1 0.7890625 0.396484375 0.0224609375 0.107421875
1 0.79833984375 0.39794921875 0.0244140625 0.1181640625
3 0.84521484375 0.37451171875 0.0078125 0.0322265625
1 0.5810546875 0.4013671875 0.0107421875 0.0703125
1 0.474365234375 0.41162109375 0.01025390625 0.0673828125
1 0.452392578125 0.41015625 0.01123046875 0.07421875
1 0.443359375 0.41552734375 0.013671875 0.0673828125
3 0.328369140625 0.4052734375 0.01318359375 0.041015625
1 0.387451171875 0.3984375 0.00830078125 0.046875
1 0.270751953125 0.39990234375 0.01025390625 0.0361328125
1 0.2470703125 0.41748046875 0.0146484375 0.0966796875
1 0.12890625 0.435546875 0.017578125 0.12109375
1 0.1455078125 0.43408203125 0.025390625 0.1240234375
1 0.6025390625 0.39599609375 0.0078125 0.0517578125
0 0.39892578125 0.3935546875 0.005859375 0.0390625
5 0 0 0 0
5 0 0 0 0
5 0 0 0 0
5 0 0 0 0
