1 0.35205078125 0.37255859375 0.0048828125 0.0087890625
1 0.475341796875 0.37939453125 0.00146484375 0.0087890625
4 0.06494140625 0.41943359375 0.005859375 0.0029296875
1 0.005126953125 0.40234375 0.00341796875 0.041015625
1 0.0185546875 0.3994140625 0.0087890625 0.04296875
1 0.0654296875 0.40576171875 0.00390625 0.0263671875
1 0.185791015625 0.37890625 0.00439453125 0.025390625
1 0.1240234375 0.404296875 0.0146484375 0.095703125
1 0.11328125 0.4091796875 0.0224609375 0.107421875
1 0.138916015625 0.4228515625 0.01611328125 0.150390625
1 0.6220703125 0.39599609375 0.01171875 0.0732421875
1 0.268798828125 0.3955078125 0.00830078125 0.025390625
1 0.278564453125 0.4267578125 0.01904296875 0.12109375
1 0.2587890625 0.4248046875 0.017578125 0.123046875
1 0.33154296875 0.38427734375 0.0078125 0.0419921875
3 0.93115234375 0.3916015625 0.021484375 0.04296875
3 0.9833984375 0.3935546875 0.0283203125 0.046875
3 0.846435546875 0.3798828125 0.01416015625 0.037109375
3 0.766357421875 0.4033203125 0.02001953125 0.076171875
3 0.793212890625 0.37744140625 0.01904296875 0.0400390625
1 0.90771484375 0.43798828125 0.0439453125 0.2138671875
2 0.245361328125 0.392578125 0.00732421875 0.041015625
0 0.44384765625 0.24755859375 0.005859375 0.0166015625
5 0 0 0 0
5 0 0 0 0
