1 0.830810546875 0.40283203125 0.01904296875 0.1435546875
1 0.734375 0.37939453125 0.0126953125 0.0400390625
3 0.95654296875 0.400390625 0.0087890625 0.09765625
1 0.961669921875 0.39013671875 0.01025390625 0.1220703125
1 0.9716796875 0.392578125 0.0234375 0.1171875
1 0.9482421875 0.39404296875 0.01953125 0.1142578125
3 0.93359375 0.39111328125 0.01953125 0.0771484375
3 0.932373046875 0.40283203125 0.03076171875 0.0966796875
3 0.9228515625 0.42578125 0.013671875 0.052734375
3 0.911376953125 0.404296875 0.02490234375 0.09765625
1 0.90966796875 0.39892578125 0.0205078125 0.1240234375
2 0.618408203125 0.42041015625 0.04052734375 0.2001953125
0 0.1259765625 0.30224609375 0.0107421875 0.0185546875
