1 0.51025390625 0.4287109375 0.0068359375 0.04296875
1 0.49169921875 0.43115234375 0.0087890625 0.0361328125
1 0.500732421875 0.431640625 0.00439453125 0.037109375
1 0.48486328125 0.43310546875 0.0078125 0.0556640625
1 0.449951171875 0.4296875 0.00634765625 0.041015625
1 0.197265625 0.4345703125 0.0400390625 0.126953125
1 0.24658203125 0.4697265625 0.037109375 0.19921875
1 0.046875 0.46044921875 0.052734375 0.2880859375
1 0.467041015625 0.43896484375 0.01123046875 0.0654296875
1 0.544189453125 0.42333984375 0.00537109375 0.0283203125
1 0.659423828125 0.42822265625 0.01123046875 0.0595703125
1 0.7509765625 0.47509765625 0.0341796875 0.1279296875
2 0.552001953125 0.41259765625 0.00439453125 0.0126953125
2 0.751220703125 0.43994140625 0.04345703125 0.2099609375
0 0.701904296875 0.265625 0.00634765625 0.015625
0 0.873046875 0.3955078125 0.013671875 0.1015625
0 0.895751953125 0.3779296875 0.01513671875 0.076171875
0 0.927490234375 0.36279296875 0.01611328125 0.0498046875
0 0.858154296875 0.365234375 0.01025390625 0.044921875
0 0.502685546875 0.3779296875 0.00244140625 0.0078125
0 0.53662109375 0.4189453125 0.0029296875 0.021484375
0 0.564697265625 0.40576171875 0.00244140625 0.0068359375
