1 0.689208984375 0.4013671875 0.00537109375 0.025390625
1 0.69140625 0.40185546875 0.00390625 0.0185546875
1 0.8291015625 0.44091796875 0.0361328125 0.1923828125
1 0.479248046875 0.42529296875 0.00634765625 0.0322265625
1 0.59423828125 0.42822265625 0.0078125 0.0498046875
1 0.603515625 0.42578125 0.0087890625 0.0546875
1 0.61767578125 0.4267578125 0.009765625 0.046875
1 0.377685546875 0.4306640625 0.00634765625 0.033203125
1 0.333251953125 0.4306640625 0.00732421875 0.046875
1 0.267578125 0.41845703125 0.0068359375 0.0283203125
1 0.279052734375 0.4296875 0.01416015625 0.0703125
0 0.722412109375 0.26416015625 0.01806640625 0.0146484375
5 0 0 0 0
5 0 0 0 0
