1 0.7001953125 0.4296875 0.0283203125 0.17578125
1 0.6240234375 0.423828125 0.01953125 0.119140625
1 0.649169921875 0.4248046875 0.01123046875 0.119140625
1 0.639892578125 0.4423828125 0.03173828125 0.15625
1 0.12890625 0.40283203125 0.0068359375 0.0400390625
1 0.014892578125 0.43212890625 0.01318359375 0.0849609375
1 0.00927734375 0.42626953125 0.01171875 0.0986328125
1 0.322265625 0.43212890625 0.0078125 0.0595703125
1 0.336669921875 0.41845703125 0.00439453125 0.0615234375
1 0.29345703125 0.4130859375 0.0107421875 0.078125
1 0.28857421875 0.42138671875 0.015625 0.0751953125
1 0.359375 0.42236328125 0.0068359375 0.0654296875
1 0.349609375 0.4267578125 0.0146484375 0.072265625
1 0.394287109375 0.42236328125 0.01611328125 0.0791015625
1 0.38232421875 0.43408203125 0.01171875 0.0576171875
1 0.416259765625 0.421875 0.01318359375 0.06640625
1 0.469970703125 0.431640625 0.02294921875 0.11328125
1 0.795654296875 0.43212890625 0.03173828125 0.1962890625
1 0.76806640625 0.42724609375 0.04296875 0.2099609375
2 0.544677734375 0.43798828125 0.03662109375 0.1767578125
0 0.101318359375 0.37109375 0.00244140625 0.0078125
