1 0.329345703125 0.3720703125 0.00830078125 0.04296875
1 0.319091796875 0.37646484375 0.00537109375 0.0361328125
1 0.02490234375 0.4404296875 0.04296875 0.46875
1 0.07763671875 0.4482421875 0.087890625 0.48046875
2 0.5546875 0.39208984375 0.0166015625 0.0830078125
2 0.5859375 0.39501953125 0.0107421875 0.0947265625
2 0.57373046875 0.3818359375 0.0185546875 0.087890625
2 0.611328125 0.3984375 0.017578125 0.087890625
2 0.63037109375 0.3974609375 0.017578125 0.087890625
0 0.54443359375 0.27001953125 0.01171875 0.0498046875
5 0 0 0 0
5 0 0 0 0
