1 0.52880859375 0.41796875 0.00390625 0.0234375
1 0.57470703125 0.4365234375 0.0048828125 0.02734375
1 0.580322265625 0.43310546875 0.00439453125 0.0244140625
3 0.603515625 0.4375 0.005859375 0.013671875
1 0.590087890625 0.4326171875 0.00341796875 0.0234375
3 0.608154296875 0.43505859375 0.00439453125 0.0087890625
1 0.62646484375 0.42333984375 0.01171875 0.0751953125
1 0.647216796875 0.4267578125 0.00927734375 0.0625
1 0.632080078125 0.43603515625 0.00927734375 0.0498046875
1 0.637939453125 0.4248046875 0.01416015625 0.072265625
1 0.65478515625 0.421875 0.013671875 0.072265625
1 0.708740234375 0.419921875 0.00634765625 0.064453125
1 0.68994140625 0.416015625 0.0166015625 0.08984375
1 0.718505859375 0.408203125 0.00439453125 0.052734375
1 0.720458984375 0.42236328125 0.00830078125 0.0732421875
1 0.725830078125 0.41552734375 0.01220703125 0.1005859375
1 0.735595703125 0.419921875 0.01806640625 0.09765625
1 0.98876953125 0.42578125 0.0224609375 0.130859375
1 0.922607421875 0.421875 0.01806640625 0.134765625
1 0.975341796875 0.41015625 0.02490234375 0.09765625
1 0.971923828125 0.4423828125 0.02685546875 0.130859375
1 0.94287109375 0.47314453125 0.025390625 0.0556640625
1 0.9443359375 0.43115234375 0.03125 0.1669921875
1 0.90966796875 0.4423828125 0.0283203125 0.146484375
1 0.456298828125 0.4345703125 0.00634765625 0.0390625
1 0.46044921875 0.43359375 0.005859375 0.03515625
1 0.445068359375 0.43505859375 0.00439453125 0.0205078125
1 0.468994140625 0.43310546875 0.00830078125 0.0458984375
1 0.450439453125 0.43603515625 0.00634765625 0.0380859375
1 0.440673828125 0.43115234375 0.00927734375 0.0478515625
1 0.42724609375 0.43115234375 0.0087890625 0.0458984375
1 0.420166015625 0.435546875 0.00634765625 0.033203125
1 0.413330078125 0.4375 0.00634765625 0.033203125
1 0.319091796875 0.4111328125 0.04443359375 0.224609375
1 0.351806640625 0.41015625 0.03173828125 0.25390625
1 0.333984375 0.4150390625 0.0458984375 0.279296875
3 0.046630859375 0.38720703125 0.02294921875 0.0654296875
1 0.22021484375 0.42724609375 0.0673828125 0.3291015625
1 0.70361328125 0.41943359375 0.013671875 0.0849609375
2 0.6669921875 0.412109375 0.01953125 0.103515625
2 0.7490234375 0.39794921875 0.0185546875 0.0947265625
2 0.77392578125 0.39892578125 0.0185546875 0.1044921875
2 0.8212890625 0.39697265625 0.0205078125 0.1181640625
5 0 0 0 0
5 0 0 0 0
5 0 0 0 0
5 0 0 0 0
5 0 0 0 0
5 0 0 0 0
