1 0.608154296875 0.43115234375 0.00537109375 0.0283203125
1 0.615234375 0.42822265625 0.005859375 0.0244140625
1 0.664794921875 0.4169921875 0.00830078125 0.060546875
1 0.657470703125 0.42431640625 0.01220703125 0.0576171875
1 0.6787109375 0.4150390625 0.017578125 0.0859375
1 0.691650390625 0.4130859375 0.01806640625 0.0859375
1 0.726806640625 0.4052734375 0.00439453125 0.044921875
1 0.736328125 0.40966796875 0.017578125 0.0849609375
1 0.762451171875 0.4130859375 0.01611328125 0.1015625
1 0.77490234375 0.4111328125 0.0205078125 0.10546875
1 0.791748046875 0.41357421875 0.01904296875 0.1005859375
1 0.8056640625 0.412109375 0.0263671875 0.126953125
1 0.830322265625 0.41455078125 0.02490234375 0.1201171875
1 0.85888671875 0.42919921875 0.0244140625 0.1259765625
1 0.879638671875 0.4169921875 0.02587890625 0.126953125
1 0.9931640625 0.43408203125 0.009765625 0.1279296875
1 0.542236328125 0.41552734375 0.01220703125 0.0712890625
1 0.50390625 0.4169921875 0.0146484375 0.0703125
1 0.461669921875 0.42138671875 0.00537109375 0.0244140625
1 0.4453125 0.42578125 0.0048828125 0.029296875
1 0.43212890625 0.42578125 0.0078125 0.037109375
1 0.421142578125 0.4140625 0.01904296875 0.10546875
1 0.39404296875 0.4462890625 0.00390625 0.033203125
1 0.36181640625 0.40087890625 0.0166015625 0.1025390625
1 0.381591796875 0.41748046875 0.03662109375 0.2060546875
4 0.2685546875 0.3203125 0.017578125 0.046875
1 0.289794921875 0.40234375 0.03271484375 0.19921875
1 0.283447265625 0.478515625 0.00634765625 0.029296875
1 0.103515625 0.4052734375 0.0419921875 0.29296875
1 0.644287109375 0.412109375 0.01416015625 0.083984375
1 0.453125 0.42822265625 0.0068359375 0.0341796875
1 0.44970703125 0.4296875 0.005859375 0.03125
2 0.70458984375 0.39501953125 0.01171875 0.0732421875
2 0.72216796875 0.39501953125 0.0087890625 0.0771484375
2 0.7158203125 0.3935546875 0.013671875 0.087890625
0 0.625244140625 0.42333984375 0.00830078125 0.0517578125
5 0 0 0 0
5 0 0 0 0
5 0 0 0 0
5 0 0 0 0
5 0 0 0 0
5 0 0 0 0
5 0 0 0 0
5 0 0 0 0
5 0 0 0 0
5 0 0 0 0
5 0 0 0 0
