1 0.25 0.47998046875 0.0078125 0.0205078125
1 0.2431640625 0.4814453125 0.0068359375 0.015625
1 0.443603515625 0.50634765625 0.00439453125 0.0068359375
1 0.43505859375 0.5068359375 0.00390625 0.005859375
1 0.4814453125 0.498046875 0.0029296875 0.01953125
1 0.339599609375 0.48193359375 0.00439453125 0.0244140625
1 0.343994140625 0.4794921875 0.00439453125 0.02734375
1 0.4775390625 0.49951171875 0.00390625 0.0185546875
0 0.0849609375 0.435546875 0.0166015625 0.05078125
0 0.05859375 0.390625 0.0283203125 0.080078125
0 0.107421875 0.30908203125 0.009765625 0.0224609375
0 0.405029296875 0.5234375 0.01220703125 0.02734375
0 0.41748046875 0.5205078125 0.005859375 0.02734375
0 0.341064453125 0.54052734375 0.01513671875 0.0341796875
0 0.198486328125 0.57177734375 0.00830078125 0.0205078125
0 0.412109375 0.47265625 0.0087890625 0.01953125
0 0.815673828125 0.42529296875 0.00537109375 0.0458984375
0 0.98193359375 0.2216796875 0.005859375 0.025390625
