3 0.182373046875 0.42724609375 0.00732421875 0.0146484375
3 0.16015625 0.42529296875 0.005859375 0.0185546875
1 0.411376953125 0.4189453125 0.00732421875 0.05078125
1 0.314697265625 0.4189453125 0.00537109375 0.044921875
1 0.36767578125 0.4189453125 0.009765625 0.052734375
1 0.36669921875 0.41552734375 0.0068359375 0.0263671875
1 0.361572265625 0.42333984375 0.00732421875 0.0556640625
1 0.35400390625 0.41943359375 0.01171875 0.0595703125
1 0.321044921875 0.42578125 0.01025390625 0.0546875
1 0.31005859375 0.42138671875 0.009765625 0.0517578125
1 0.302490234375 0.42626953125 0.00830078125 0.0615234375
1 0.26611328125 0.4365234375 0.009765625 0.068359375
1 0.248291015625 0.42919921875 0.00634765625 0.0810546875
1 0.253173828125 0.42724609375 0.01708984375 0.0849609375
1 0.23828125 0.43212890625 0.01171875 0.0791015625
1 0.211181640625 0.43701171875 0.01318359375 0.0732421875
1 0.195068359375 0.431640625 0.01318359375 0.083984375
1 0.43798828125 0.3994140625 0.0048828125 0.01953125
1 0.445068359375 0.39404296875 0.01123046875 0.0283203125
1 0.501220703125 0.412109375 0.02294921875 0.11328125
1 0.531982421875 0.40966796875 0.01416015625 0.0712890625
1 0.615234375 0.3955078125 0.0107421875 0.03125
1 0.63330078125 0.37060546875 0.0048828125 0.0087890625
1 0.466796875 0.4130859375 0.0146484375 0.076171875
1 0.400390625 0.42529296875 0.0087890625 0.0498046875
1 0.39453125 0.43017578125 0.005859375 0.0400390625
1 0.405517578125 0.42919921875 0.00537109375 0.0400390625
0 0.083740234375 0.20751953125 0.01904296875 0.0458984375
5 0 0 0 0
