1 0.11669921875 0.4111328125 0.0341796875 0.15625
1 0.915771484375 0.4287109375 0.02978515625 0.232421875
1 0.02099609375 0.5078125 0.03515625 0.384765625
1 0.8525390625 0.40283203125 0.0439453125 0.2744140625
1 0.889892578125 0.42529296875 0.05029296875 0.2724609375
1 0.753662109375 0.40869140625 0.06982421875 0.3388671875
1 0.802978515625 0.423828125 0.06396484375 0.359375
0 0.13720703125 0.12890625 0.0244140625 0.072265625
0 0.582275390625 0.31787109375 0.02978515625 0.1142578125
0 0.67333984375 0.37841796875 0.0234375 0.1259765625
