1 0.28564453125 0.35986328125 0.01953125 0.0986328125
1 0.26025390625 0.36962890625 0.03125 0.1494140625
1 0.3310546875 0.37109375 0.009765625 0.08203125
1 0.343017578125 0.33544921875 0.00537109375 0.0126953125
1 0.32373046875 0.36328125 0.0205078125 0.09765625
1 0.36474609375 0.35791015625 0.0146484375 0.0693359375
1 0.34765625 0.390625 0.0283203125 0.138671875
1 0.587646484375 0.375 0.01904296875 0.099609375
1 0.62939453125 0.3935546875 0.0322265625 0.158203125
1 0.735595703125 0.40185546875 0.03759765625 0.1826171875
3 0.76416015625 0.3974609375 0.013671875 0.044921875
3 0.771728515625 0.38525390625 0.01708984375 0.0322265625
3 0.782958984375 0.376953125 0.00830078125 0.01953125
3 0.77587890625 0.43212890625 0.0283203125 0.0986328125
3 0.83447265625 0.42578125 0.044921875 0.107421875
2 0.165771484375 0.33349609375 0.01220703125 0.0693359375
2 0.371337890625 0.3505859375 0.00732421875 0.046875
2 0.389404296875 0.353515625 0.01123046875 0.060546875
0 0.538818359375 0.35400390625 0.01220703125 0.0302734375
0 0.468505859375 0.3486328125 0.01123046875 0.025390625
