1 0.4365234375 0.36767578125 0.0126953125 0.0205078125
1 0.5283203125 0.35888671875 0.005859375 0.0283203125
1 0.491943359375 0.36474609375 0.00537109375 0.0263671875
1 0.56982421875 0.35595703125 0.0048828125 0.0263671875
1 0.58251953125 0.35888671875 0.0078125 0.0244140625
1 0.588134765625 0.35546875 0.00732421875 0.013671875
1 0.657470703125 0.3515625 0.01513671875 0.02734375
1 0.5205078125 0.37890625 0.009765625 0.046875
0 0.724853515625 0.341796875 0.01123046875 0.025390625
0 0.08544921875 0.16748046875 0.009765625 0.0185546875
