1 0.27685546875 0.435546875 0.0048828125 0.029296875
1 0.283203125 0.43212890625 0.0068359375 0.0380859375
3 0.300048828125 0.43310546875 0.00634765625 0.0166015625
4 0.307861328125 0.43212890625 0.00732421875 0.0146484375
3 0.317626953125 0.42919921875 0.00732421875 0.0185546875
1 0.46533203125 0.4140625 0.0087890625 0.048828125
1 0.45654296875 0.41552734375 0.0078125 0.0537109375
1 0.46630859375 0.4150390625 0.009765625 0.048828125
2 0.6796875 0.32568359375 0.0341796875 0.0908203125
2 0.228515625 0.4345703125 0.0048828125 0.015625
2 0.2333984375 0.43994140625 0.0048828125 0.0283203125
0 0.875244140625 0.23193359375 0.02197265625 0.0947265625
0 0.807373046875 0.28076171875 0.00439453125 0.0146484375
0 0.775634765625 0.31884765625 0.02685546875 0.0380859375
