1 0.615966796875 0.36865234375 0.00341796875 0.0048828125
1 0.674072265625 0.37939453125 0.00927734375 0.0458984375
1 0.66015625 0.38330078125 0.0078125 0.0400390625
1 0.692626953125 0.376953125 0.00732421875 0.060546875
1 0.89111328125 0.3291015625 0.0087890625 0.0078125
1 0.900634765625 0.32958984375 0.01220703125 0.0126953125
1 0.336181640625 0.38525390625 0.00537109375 0.0107421875
1 0.25830078125 0.42822265625 0.0244140625 0.1455078125
1 0.202392578125 0.423828125 0.04541015625 0.22265625
2 0.634765625 0.36962890625 0.0048828125 0.0205078125
0 0.9970703125 0.37744140625 0.005859375 0.1376953125
