1 0.530029296875 0.36962890625 0.00634765625 0.0322265625
1 0.54931640625 0.369140625 0.005859375 0.03515625
1 0.55908203125 0.37060546875 0.0048828125 0.0458984375
1 0.554931640625 0.37158203125 0.00927734375 0.0458984375
1 0.567626953125 0.373046875 0.00830078125 0.044921875
1 0.57763671875 0.373046875 0.0078125 0.044921875
1 0.637451171875 0.41162109375 0.02587890625 0.1435546875
1 0.658447265625 0.41943359375 0.02783203125 0.1376953125
1 0.6826171875 0.4111328125 0.029296875 0.158203125
1 0.730224609375 0.41162109375 0.02099609375 0.1533203125
1 0.71240234375 0.41845703125 0.0244140625 0.1494140625
1 0.75830078125 0.4091796875 0.0283203125 0.13671875
1 0.781494140625 0.4130859375 0.02392578125 0.138671875
1 0.852783203125 0.41943359375 0.04736328125 0.2314453125
1 0.03466796875 0.4541015625 0.0439453125 0.212890625
1 0.094970703125 0.43359375 0.04443359375 0.228515625
2 0.5087890625 0.3779296875 0.0078125 0.04296875
0 0.99267578125 0.17822265625 0.0126953125 0.0419921875
5 0 0 0 0
