1 0.814697265625 0.416015625 0.01416015625 0.072265625
1 0.796142578125 0.40283203125 0.01416015625 0.0498046875
1 0.7177734375 0.3798828125 0.015625 0.06640625
1 0.707275390625 0.41455078125 0.02001953125 0.1474609375
1 0.611572265625 0.41357421875 0.00830078125 0.0517578125
1 0.60595703125 0.41357421875 0.0087890625 0.0537109375
1 0.0908203125 0.42626953125 0.0185546875 0.1298828125
1 0.486572265625 0.43505859375 0.02099609375 0.1259765625
1 0.47412109375 0.4326171875 0.021484375 0.1328125
1 0.322021484375 0.43115234375 0.03076171875 0.1767578125
1 0.277099609375 0.42626953125 0.02978515625 0.2099609375
2 0.048828125 0.3916015625 0.0283203125 0.123046875
4 0.00634765625 0.396484375 0.0068359375 0.068359375
