1 0.517822265625 0.45849609375 0.00341796875 0.0205078125
1 0.529052734375 0.462890625 0.00634765625 0.0390625
1 0.53271484375 0.46533203125 0.005859375 0.0400390625
1 0.537109375 0.46826171875 0.0068359375 0.0380859375
1 0.550048828125 0.46337890625 0.00634765625 0.0478515625
1 0.558837890625 0.455078125 0.00439453125 0.01953125
1 0.563232421875 0.46435546875 0.00732421875 0.0419921875
1 0.55810546875 0.47021484375 0.0029296875 0.0302734375
1 0.453369140625 0.46728515625 0.00927734375 0.0439453125
3 0.341552734375 0.47412109375 0.01220703125 0.0361328125
1 0.34716796875 0.4755859375 0.0068359375 0.03515625
4 0.37060546875 0.47119140625 0.0107421875 0.0400390625
3 0.40185546875 0.47216796875 0.005859375 0.0361328125
3 0.3818359375 0.4599609375 0.0107421875 0.01953125
3 0.3955078125 0.47216796875 0.009765625 0.0361328125
1 0.35205078125 0.46533203125 0.005859375 0.0556640625
1 0.36376953125 0.47314453125 0.009765625 0.0478515625
1 0.41455078125 0.4677734375 0.0087890625 0.044921875
1 0.60888671875 0.45654296875 0.0146484375 0.0810546875
3 0.627685546875 0.46728515625 0.01220703125 0.0400390625
1 0.647705078125 0.45263671875 0.01611328125 0.0888671875
1 0.68896484375 0.470703125 0.0068359375 0.0546875
1 0.680419921875 0.439453125 0.02197265625 0.125
1 0.664794921875 0.44677734375 0.02587890625 0.1259765625
1 0.703125 0.4443359375 0.0244140625 0.126953125
1 0.75537109375 0.44140625 0.0224609375 0.16015625
1 0.756591796875 0.45068359375 0.01708984375 0.1591796875
1 0.8662109375 0.47021484375 0.052734375 0.2880859375
1 0.830322265625 0.47705078125 0.04541015625 0.2763671875
0 0.4384765625 0.462890625 0.0068359375 0.013671875
0 0.507080078125 0.4580078125 0.00439453125 0.0234375
0 0.53955078125 0.44287109375 0.00390625 0.0087890625
0 0.560302734375 0.4384765625 0.00830078125 0.005859375
5 0 0 0 0
