1 0.078857421875 0.4287109375 0.00830078125 0.025390625
1 0.103271484375 0.43017578125 0.00732421875 0.0302734375
1 0.094970703125 0.44775390625 0.01025390625 0.0576171875
1 0.224365234375 0.46875 0.02392578125 0.119140625
1 0.210693359375 0.47119140625 0.02490234375 0.1201171875
1 0.09033203125 0.44287109375 0.0087890625 0.0498046875
1 0.08251953125 0.4423828125 0.0126953125 0.044921875
1 0.069580078125 0.43212890625 0.01708984375 0.0361328125
1 0.0283203125 0.44677734375 0.0078125 0.0693359375
1 0.04150390625 0.4423828125 0.009765625 0.046875
1 0.013671875 0.45068359375 0.0146484375 0.0927734375
1 0.511474609375 0.46533203125 0.02001953125 0.1123046875
1 0.548583984375 0.4619140625 0.02197265625 0.115234375
1 0.5732421875 0.46435546875 0.0244140625 0.1201171875
1 0.594482421875 0.466796875 0.01416015625 0.087890625
