1 0.496826171875 0.3671875 0.00634765625 0.037109375
1 0.503173828125 0.36865234375 0.00830078125 0.0439453125
4 0.448974609375 0.37548828125 0.00244140625 0.0166015625
1 0.4462890625 0.37353515625 0.005859375 0.0341796875
1 0.588134765625 0.37841796875 0.01123046875 0.0751953125
1 0.574462890625 0.376953125 0.01318359375 0.080078125
1 0.4931640625 0.359375 0.0078125 0.0234375
1 0.488525390625 0.4375 0.04345703125 0.22265625
1 0.472412109375 0.421875 0.04736328125 0.259765625
0 0.19580078125 0.37890625 0.0166015625 0.0703125
5 0 0 0 0
5 0 0 0 0
