1 0.601318359375 0.45556640625 0.00927734375 0.0615234375
1 0.594482421875 0.455078125 0.01123046875 0.072265625
1 0.584716796875 0.45849609375 0.01220703125 0.0791015625
1 0.560791015625 0.44384765625 0.02197265625 0.1083984375
1 0.51123046875 0.45068359375 0.0205078125 0.0986328125
1 0.469482421875 0.44677734375 0.02392578125 0.1298828125
1 0.361083984375 0.439453125 0.02587890625 0.193359375
1 0.34130859375 0.45361328125 0.0224609375 0.1435546875
1 0.327392578125 0.43603515625 0.02294921875 0.1806640625
1 0.3154296875 0.4248046875 0.0439453125 0.21875
1 0.686279296875 0.427734375 0.03564453125 0.173828125
5 0 0 0 0
