1 0.4638671875 0.35693359375 0.0029296875 0.0224609375
1 0.459716796875 0.357421875 0.00341796875 0.0234375
1 0.399658203125 0.3681640625 0.01025390625 0.017578125
1 0.452880859375 0.3935546875 0.01318359375 0.064453125
1 0.540771484375 0.36669921875 0.00830078125 0.0341796875
1 0.599853515625 0.3759765625 0.01123046875 0.052734375
1 0.657958984375 0.419921875 0.01708984375 0.08203125
1 0.63525390625 0.40185546875 0.017578125 0.1259765625
1 0.619384765625 0.4111328125 0.02587890625 0.13671875
4 0.617431640625 0.35302734375 0.01708984375 0.0458984375
1 0.552734375 0.36328125 0.0078125 0.01953125
5 0 0 0 0
