1 0.528076171875 0.40576171875 0.00537109375 0.0087890625
1 0.648681640625 0.44482421875 0.01611328125 0.0947265625
1 0.497314453125 0.4296875 0.01806640625 0.099609375
1 0.510498046875 0.4306640625 0.01904296875 0.103515625
1 0.3681640625 0.43017578125 0.01953125 0.1298828125
1 0.354248046875 0.42724609375 0.02490234375 0.1357421875
4 0.35107421875 0.408203125 0.01171875 0.01171875
1 0.91015625 0.45166015625 0.0546875 0.2783203125
1 0.858154296875 0.435546875 0.05908203125 0.287109375
0 0.221923828125 0.41259765625 0.01416015625 0.1064453125
0 0.2734375 0.392578125 0.01171875 0.05859375
0 0.385009765625 0.4091796875 0.00927734375 0.06640625
0 0.456787109375 0.4169921875 0.02880859375 0.080078125
