1 0.429931640625 0.390625 0.00341796875 0.01171875
1 0.84423828125 0.427734375 0.0068359375 0.04296875
1 0.84619140625 0.42822265625 0.0078125 0.0380859375
1 0.0625 0.3876953125 0.017578125 0.07421875
1 0.089111328125 0.375 0.00927734375 0.033203125
1 0.2041015625 0.4326171875 0.0234375 0.12109375
1 0.218017578125 0.43603515625 0.02587890625 0.1240234375
1 0.425048828125 0.40771484375 0.00830078125 0.0537109375
1 0.190673828125 0.4501953125 0.01904296875 0.091796875
1 0.4873046875 0.42578125 0.0126953125 0.0703125
1 0.47607421875 0.41943359375 0.009765625 0.0693359375
1 0.473388671875 0.4189453125 0.00341796875 0.04296875
1 0.63671875 0.42626953125 0.009765625 0.0634765625
1 0.632568359375 0.42431640625 0.01416015625 0.0693359375
1 0.64892578125 0.42431640625 0.0107421875 0.0732421875
1 0.65673828125 0.421875 0.0107421875 0.080078125
1 0.98291015625 0.42431640625 0.0126953125 0.0419921875
1 0.880615234375 0.4052734375 0.00341796875 0.029296875
1 0.872802734375 0.4072265625 0.00732421875 0.0390625
1 0.861083984375 0.43408203125 0.00927734375 0.0634765625
1 0.852294921875 0.4326171875 0.01025390625 0.0625
1 0.943115234375 0.43896484375 0.04833984375 0.2568359375
1 0.5634765625 0.423828125 0.015625 0.076171875
1 0.323974609375 0.4189453125 0.01708984375 0.150390625
1 0.30859375 0.41650390625 0.0234375 0.1669921875
1 0.43212890625 0.42333984375 0.013671875 0.0771484375
2 0.60400390625 0.4208984375 0.0107421875 0.052734375
