4 0.35009765625 0.388671875 0.0068359375 0.013671875
1 0.050048828125 0.39501953125 0.00634765625 0.0244140625
1 0.055419921875 0.39404296875 0.00732421875 0.0263671875
1 0.070068359375 0.3896484375 0.00634765625 0.03515625
1 0.093994140625 0.39013671875 0.00927734375 0.0322265625
1 0.145751953125 0.38671875 0.00927734375 0.037109375
3 0.24169921875 0.39013671875 0.00390625 0.0185546875
1 0.254638671875 0.38671875 0.00537109375 0.0234375
1 0.26123046875 0.3876953125 0.005859375 0.021484375
1 0.28173828125 0.38916015625 0.005859375 0.0185546875
1 0.361572265625 0.37841796875 0.00927734375 0.0380859375
3 0.333740234375 0.3896484375 0.00830078125 0.013671875
3 0.34326171875 0.3916015625 0.005859375 0.009765625
1 0.37158203125 0.3740234375 0.009765625 0.033203125
1 0.392822265625 0.37939453125 0.00927734375 0.0419921875
1 0.42333984375 0.36962890625 0.005859375 0.0166015625
4 0.42822265625 0.36767578125 0.009765625 0.0166015625
1 0.919921875 0.33642578125 0.0087890625 0.0146484375
1 0.928466796875 0.341796875 0.00927734375 0.025390625
1 0.956787109375 0.3251953125 0.02001953125 0.037109375
1 0.27490234375 0.3896484375 0.013671875 0.078125
1 0.292724609375 0.38916015625 0.01416015625 0.0771484375
1 0.1689453125 0.40185546875 0.03125 0.1513671875
1 0.4208984375 0.388671875 0.0068359375 0.044921875
0 0.57861328125 0.36962890625 0.0185546875 0.0302734375
0 0.50537109375 0.36181640625 0.0234375 0.0322265625
5 0 0 0 0
5 0 0 0 0
