1 0.889404296875 0.39697265625 0.02978515625 0.1357421875
1 0.4189453125 0.4140625 0.0146484375 0.0703125
1 0.42529296875 0.40185546875 0.0078125 0.0419921875
1 0.455078125 0.404296875 0.0087890625 0.041015625
3 0.489013671875 0.38818359375 0.00634765625 0.0126953125
1 0.47412109375 0.3779296875 0.0185546875 0.03515625
1 0.952392578125 0.40869140625 0.04345703125 0.2099609375
1 0.853515625 0.40478515625 0.0234375 0.1220703125
0 0.850341796875 0.318359375 0.00537109375 0.01171875
5 0 0 0 0
5 0 0 0 0
5 0 0 0 0
