1 0.5517578125 0.40185546875 0.0087890625 0.0595703125
1 0.545166015625 0.40576171875 0.01123046875 0.0537109375
1 0.557373046875 0.4052734375 0.01123046875 0.0625
1 0.584228515625 0.41162109375 0.01416015625 0.0986328125
1 0.610107421875 0.40625 0.01708984375 0.119140625
1 0.5986328125 0.4169921875 0.0283203125 0.138671875
1 0.629638671875 0.408203125 0.02880859375 0.150390625
1 0.251220703125 0.4609375 0.04345703125 0.234375
1 0.565185546875 0.40625 0.01025390625 0.060546875
0 0.78125 0.484375 0.0185546875 0.02734375
0 0.670166015625 0.44970703125 0.01025390625 0.0185546875
5 0 0 0 0
