1 0.640869140625 0.39013671875 0.00439453125 0.0224609375
1 0.636474609375 0.39990234375 0.00537109375 0.0244140625
1 0.646728515625 0.3828125 0.00439453125 0.01953125
1 0.650146484375 0.390625 0.00537109375 0.025390625
1 0.66455078125 0.37744140625 0.00390625 0.0185546875
1 0.655029296875 0.38818359375 0.00439453125 0.0205078125
1 0.678466796875 0.38134765625 0.00439453125 0.0244140625
1 0.66259765625 0.38671875 0.005859375 0.01953125
1 0.659912109375 0.42822265625 0.01318359375 0.0888671875
1 0.686767578125 0.419921875 0.00927734375 0.06640625
1 0.696044921875 0.4208984375 0.01318359375 0.06640625
1 0.71435546875 0.42431640625 0.0166015625 0.0810546875
1 0.675048828125 0.4423828125 0.02783203125 0.134765625
1 0.658447265625 0.4736328125 0.01513671875 0.076171875
1 0.646484375 0.43505859375 0.013671875 0.0751953125
1 0.590576171875 0.42431640625 0.01220703125 0.0595703125
1 0.53564453125 0.42724609375 0.0078125 0.0576171875
3 0.165283203125 0.4560546875 0.01025390625 0.052734375
3 0.1552734375 0.46630859375 0.0185546875 0.0810546875
1 0.19970703125 0.431640625 0.013671875 0.03125
3 0.200927734375 0.43310546875 0.00927734375 0.0185546875
3 0.2060546875 0.43505859375 0.005859375 0.0166015625
4 0.239990234375 0.4609375 0.00341796875 0.00390625
3 0.182373046875 0.47607421875 0.02587890625 0.1103515625
3 0.24169921875 0.44091796875 0.0087890625 0.0380859375
3 0.251220703125 0.44091796875 0.01220703125 0.0302734375
4 0.160888671875 0.5126953125 0.03369140625 0.041015625
3 0.26318359375 0.4404296875 0.01953125 0.037109375
3 0.28857421875 0.466796875 0.03515625 0.123046875
3 0.359130859375 0.4619140625 0.01220703125 0.076171875
3 0.37890625 0.46484375 0.0185546875 0.09375
1 0.346435546875 0.47216796875 0.02001953125 0.1396484375
1 0.51318359375 0.43408203125 0.01171875 0.0693359375
1 0.525390625 0.42822265625 0.0166015625 0.0810546875
1 0.498046875 0.4404296875 0.01953125 0.09765625
1 0.02783203125 0.474609375 0.048828125 0.255859375
1 0.1123046875 0.46435546875 0.0263671875 0.2314453125
1 0.134033203125 0.47119140625 0.04248046875 0.2275390625
1 0.077392578125 0.47021484375 0.03857421875 0.2314453125
1 0.071533203125 0.47705078125 0.04638671875 0.2900390625
3 0.84228515625 0.458984375 0.0615234375 0.146484375
3 0.9375 0.4501953125 0.0498046875 0.1484375
3 0.97119140625 0.43017578125 0.0263671875 0.0771484375
1 0.405029296875 0.46875 0.04541015625 0.29296875
0 0.3115234375 0.27978515625 0.0107421875 0.0224609375
5 0 0 0 0
5 0 0 0 0
