1 0.311279296875 0.36962890625 0.01123046875 0.0498046875
1 0.4033203125 0.35546875 0.009765625 0.0625
1 0.34814453125 0.3583984375 0.0087890625 0.08203125
1 0.376953125 0.36572265625 0.0107421875 0.0478515625
3 0.014892578125 0.37353515625 0.01025390625 0.0341796875
1 0.384033203125 0.36083984375 0.01220703125 0.0595703125
1 0.366455078125 0.36083984375 0.01318359375 0.0615234375
1 0.35498046875 0.3515625 0.0166015625 0.08203125
0 0.268798828125 0.28271484375 0.00244140625 0.0107421875
0 0.269775390625 0.2978515625 0.00341796875 0.0078125
5 0 0 0 0
5 0 0 0 0
5 0 0 0 0
