1 0.37548828125 0.41650390625 0.0048828125 0.0107421875
1 0.307373046875 0.431640625 0.01025390625 0.083984375
1 0.297607421875 0.43505859375 0.01025390625 0.0751953125
1 0.2724609375 0.44775390625 0.0166015625 0.0986328125
1 0.243408203125 0.43701171875 0.01416015625 0.0810546875
1 0.260009765625 0.443359375 0.02197265625 0.10546875
1 0.23095703125 0.44970703125 0.015625 0.1025390625
1 0.220458984375 0.45166015625 0.02099609375 0.1025390625
1 0.197265625 0.44873046875 0.01171875 0.0888671875
1 0.1806640625 0.4453125 0.01171875 0.095703125
3 0.13623046875 0.45166015625 0.013671875 0.0517578125
1 0.12255859375 0.4814453125 0.0224609375 0.126953125
1 0.099609375 0.470703125 0.0283203125 0.15625
1 0.044921875 0.48486328125 0.029296875 0.1416015625
1 0.36767578125 0.408203125 0.0068359375 0.025390625
4 0.367919921875 0.4248046875 0.00439453125 0.01953125
1 0.4072265625 0.439453125 0.0263671875 0.12890625
1 0.36083984375 0.435546875 0.0166015625 0.08984375
1 0.3974609375 0.4375 0.0283203125 0.13671875
1 0.60791015625 0.42578125 0.0224609375 0.109375
1 0.60302734375 0.41748046875 0.0263671875 0.1279296875
1 0.714599609375 0.40234375 0.02197265625 0.150390625
1 0.8798828125 0.4052734375 0.0205078125 0.109375
1 0.911376953125 0.4013671875 0.01025390625 0.109375
1 0.931640625 0.3916015625 0.0263671875 0.12890625
1 0.9189453125 0.3974609375 0.0244140625 0.119140625
0 0.318359375 0.4091796875 0.0107421875 0.0390625
