1 0.782958984375 0.3779296875 0.00830078125 0.052734375
1 0.50048828125 0.39111328125 0.0126953125 0.0595703125
1 0.476318359375 0.3681640625 0.01318359375 0.037109375
1 0.465576171875 0.47705078125 0.06396484375 0.3115234375
1 0.218017578125 0.4287109375 0.05419921875 0.306640625
1 0.845458984375 0.39599609375 0.02490234375 0.1298828125
1 0.872314453125 0.400390625 0.02099609375 0.119140625
1 0.9619140625 0.3623046875 0.0087890625 0.025390625
1 0.950439453125 0.3505859375 0.00732421875 0.01171875
1 0.943359375 0.3818359375 0.0087890625 0.06640625
1 0.907470703125 0.40234375 0.02294921875 0.111328125
1 0.151123046875 0.412109375 0.02197265625 0.107421875
1 0.93408203125 0.39892578125 0.0244140625 0.1259765625
1 0.143310546875 0.40869140625 0.02392578125 0.1162109375
1 0.182373046875 0.416015625 0.01611328125 0.099609375
1 0.1845703125 0.4150390625 0.021484375 0.103515625
2 0.773193359375 0.38818359375 0.01708984375 0.0830078125
0 0.37841796875 0.220703125 0.009765625 0.033203125
0 0.71240234375 0.33203125 0.00390625 0.01171875
0 0.8828125 0.3203125 0.0029296875 0.01171875
5 0 0 0 0
5 0 0 0 0
