1 0.597900390625 0.3671875 0.00634765625 0.037109375
1 0.5703125 0.37744140625 0.0087890625 0.0556640625
1 0.575439453125 0.37353515625 0.00830078125 0.0654296875
1 0.5576171875 0.35595703125 0.0107421875 0.0302734375
1 0.5595703125 0.3984375 0.017578125 0.0859375
1 0.531005859375 0.408203125 0.02490234375 0.14453125
1 0.5107421875 0.41455078125 0.02734375 0.1455078125
1 0.64208984375 0.3544921875 0.005859375 0.009765625
1 0.479736328125 0.4072265625 0.03369140625 0.1796875
3 0.4521484375 0.4501953125 0.0234375 0.0703125
