1 0.005615234375 0.38720703125 0.00439453125 0.0302734375
1 0.008056640625 0.39306640625 0.00732421875 0.0205078125
1 0.24755859375 0.3994140625 0.0244140625 0.125
1 0.417236328125 0.39013671875 0.01123046875 0.0595703125
1 0.278564453125 0.40234375 0.02099609375 0.12109375
1 0.399169921875 0.3896484375 0.01318359375 0.064453125
1 0.48193359375 0.38916015625 0.009765625 0.0537109375
1 0.5244140625 0.3916015625 0.009765625 0.052734375
1 0.691650390625 0.3857421875 0.00830078125 0.046875
1 0.717041015625 0.35986328125 0.00927734375 0.0244140625
1 0.84326171875 0.32373046875 0.01171875 0.0126953125
2 0.69970703125 0.37890625 0.0078125 0.037109375
