3 0.55615234375 0.51220703125 0.0048828125 0.0185546875
3 0.55224609375 0.51025390625 0.00390625 0.0205078125
1 0.5888671875 0.49365234375 0.005859375 0.0400390625
1 0.5849609375 0.48828125 0.005859375 0.03515625
4 0.610595703125 0.49072265625 0.02294921875 0.0439453125
1 0.6142578125 0.48583984375 0.0029296875 0.0224609375
1 0.669677734375 0.4833984375 0.00244140625 0.029296875
1 0.616943359375 0.484375 0.00634765625 0.02734375
1 0.667236328125 0.484375 0.00537109375 0.03515625
1 0.656494140625 0.484375 0.00537109375 0.03125
1 0.66064453125 0.482421875 0.00390625 0.03515625
1 0.66162109375 0.484375 0.005859375 0.033203125
1 0.388427734375 0.50537109375 0.01318359375 0.0771484375
1 0.380859375 0.501953125 0.0087890625 0.080078125
4 0.37060546875 0.50390625 0.005859375 0.0703125
1 0.361328125 0.51416015625 0.0146484375 0.0712890625
1 0.345458984375 0.51025390625 0.01220703125 0.0771484375
1 0.486083984375 0.49951171875 0.01025390625 0.0673828125
1 0.479736328125 0.51416015625 0.00732421875 0.0380859375
1 0.33544921875 0.50537109375 0.015625 0.0849609375
1 0.852783203125 0.505859375 0.05908203125 0.32421875
1 0.95263671875 0.51171875 0.0498046875 0.3203125
1 0.90869140625 0.5244140625 0.0498046875 0.302734375
1 0.595458984375 0.49560546875 0.00732421875 0.0400390625
1 0.700439453125 0.4755859375 0.00439453125 0.02734375
2 0.750244140625 0.48095703125 0.01025390625 0.0537109375
5 0 0 0 0
5 0 0 0 0
5 0 0 0 0
5 0 0 0 0
5 0 0 0 0
