3 0.885498046875 0.31787109375 0.01708984375 0.0400390625
3 0.3505859375 0.3671875 0.0068359375 0.021484375
3 0.34375 0.3662109375 0.0078125 0.0234375
1 0.367919921875 0.369140625 0.00634765625 0.021484375
1 0.393310546875 0.39208984375 0.01123046875 0.0634765625
1 0.38623046875 0.39013671875 0.013671875 0.0693359375
1 0.433837890625 0.40869140625 0.01318359375 0.0361328125
1 0.434326171875 0.392578125 0.01123046875 0.072265625
1 0.601806640625 0.3779296875 0.00830078125 0.041015625
1 0.59814453125 0.36767578125 0.0068359375 0.0244140625
1 0.59814453125 0.3759765625 0.0068359375 0.03125
3 0.944091796875 0.3505859375 0.01220703125 0.03515625
3 0.96875 0.31640625 0.0126953125 0.033203125
3 0.962646484375 0.31689453125 0.01708984375 0.0302734375
3 0.979248046875 0.32080078125 0.01123046875 0.0517578125
5 0 0 0 0
