1 0.459228515625 0.42724609375 0.00634765625 0.0205078125
1 0.453857421875 0.41259765625 0.00830078125 0.0517578125
1 0.44287109375 0.40966796875 0.01171875 0.0556640625
1 0.4150390625 0.41552734375 0.0068359375 0.0322265625
1 0.388427734375 0.4013671875 0.00830078125 0.033203125
3 0.33447265625 0.40234375 0.0078125 0.025390625
3 0.334228515625 0.4033203125 0.00732421875 0.025390625
1 0.24853515625 0.39990234375 0.009765625 0.1005859375
1 0.26171875 0.412109375 0.0146484375 0.173828125
1 0.015869140625 0.3876953125 0.00634765625 0.078125
1 0.032470703125 0.38232421875 0.00830078125 0.0908203125
4 0.201171875 0.46337890625 0.0029296875 0.0087890625
1 0.4658203125 0.416015625 0.009765625 0.052734375
1 0.212158203125 0.396484375 0.00537109375 0.029296875
1 0.0234375 0.37890625 0.0185546875 0.095703125
1 0.04150390625 0.39892578125 0.0283203125 0.1474609375
1 0.062255859375 0.39990234375 0.02587890625 0.1455078125
4 0.011474609375 0.474609375 0.01708984375 0.080078125
1 0.204345703125 0.40576171875 0.02099609375 0.2060546875
1 0.232421875 0.43701171875 0.041015625 0.2548828125
1 0.477783203125 0.44970703125 0.06103515625 0.2978515625
1 0.623291015625 0.4501953125 0.04443359375 0.3984375
1 0.630859375 0.4814453125 0.060546875 0.375
1 0.528076171875 0.47021484375 0.09814453125 0.4912109375
1 0.591796875 0.52490234375 0.1064453125 0.5166015625
1 0.669921875 0.4326171875 0.0166015625 0.08203125
1 0.697265625 0.42724609375 0.0087890625 0.0947265625
1 0.6884765625 0.4287109375 0.013671875 0.10546875
3 0.728759765625 0.43310546875 0.01220703125 0.0556640625
1 0.144287109375 0.48291015625 0.06982421875 0.3896484375
1 0.851806640625 0.46875 0.07958984375 0.38671875
1 0.841064453125 0.48828125 0.07763671875 0.37890625
1 0.76953125 0.5 0.0859375 0.662109375
1 0.974365234375 0.49609375 0.05322265625 0.435546875
1 0.9619140625 0.5185546875 0.072265625 0.421875
1 0.295166015625 0.5 0.10888671875 0.529296875
