1 0.668701171875 0.41162109375 0.00244140625 0.0400390625
1 0.671142578125 0.41162109375 0.00537109375 0.0419921875
1 0.6796875 0.4111328125 0.00390625 0.041015625
1 0.676025390625 0.4130859375 0.00732421875 0.04296875
1 0.68408203125 0.41552734375 0.0087890625 0.0478515625
1 0.663330078125 0.41552734375 0.01220703125 0.0634765625
1 0.650634765625 0.4091796875 0.03076171875 0.154296875
1 0.625244140625 0.4072265625 0.00927734375 0.068359375
1 0.62060546875 0.41357421875 0.0126953125 0.0615234375
1 0.609130859375 0.41259765625 0.00634765625 0.0654296875
1 0.601318359375 0.4140625 0.01806640625 0.138671875
1 0.5908203125 0.41064453125 0.02734375 0.1591796875
1 0.53173828125 0.4091796875 0.01171875 0.099609375
1 0.523681640625 0.41064453125 0.01904296875 0.1083984375
1 0.5078125 0.4130859375 0.029296875 0.162109375
1 0.4296875 0.4189453125 0.0244140625 0.15234375
1 0.543701171875 0.4072265625 0.02001953125 0.158203125
3 0.573486328125 0.404296875 0.00830078125 0.068359375
1 0.556884765625 0.4111328125 0.03076171875 0.1640625
1 0.421630859375 0.42822265625 0.02294921875 0.1455078125
1 0.083251953125 0.40771484375 0.02197265625 0.1337890625
1 0.718017578125 0.4033203125 0.03466796875 0.16796875
1 0.90087890625 0.41015625 0.02734375 0.1328125
1 0.90576171875 0.4130859375 0.0283203125 0.13671875
1 0.93994140625 0.40966796875 0.01953125 0.1337890625
1 0.03564453125 0.4912109375 0.064453125 0.4453125
1 0.0361328125 0.49072265625 0.0654296875 0.6513671875
1 0.359619140625 0.5234375 0.11376953125 0.5546875
2 0.635986328125 0.408203125 0.01123046875 0.060546875
2 0.986572265625 0.38720703125 0.03173828125 0.1376953125
0 0.43603515625 0.20166015625 0.015625 0.0302734375
0 0.811767578125 0.28515625 0.00927734375 0.021484375
0 0.752685546875 0.337890625 0.02294921875 0.037109375
0 0.7509765625 0.42333984375 0.021484375 0.0888671875
