1 0.765380859375 0.40185546875 0.01806640625 0.0927734375
1 0.784912109375 0.404296875 0.01708984375 0.083984375
1 0.635009765625 0.380859375 0.00830078125 0.044921875
1 0.658447265625 0.3857421875 0.01220703125 0.060546875
1 0.6435546875 0.38916015625 0.009765625 0.0556640625
1 0.382568359375 0.40673828125 0.02392578125 0.1611328125
1 0.60791015625 0.39111328125 0.0107421875 0.0576171875
2 0.5048828125 0.37109375 0.0068359375 0.02734375
0 0.3203125 0.36474609375 0.009765625 0.0146484375
0 0.75927734375 0.3232421875 0.0087890625 0.056640625
0 0.781982421875 0.34619140625 0.00634765625 0.0224609375
