3 0.61328125 0.4453125 0.0068359375 0.013671875
1 0.53076171875 0.41650390625 0.0029296875 0.0126953125
1 0.533203125 0.41845703125 0.0029296875 0.0146484375
1 0.545166015625 0.4267578125 0.00341796875 0.013671875
1 0.54931640625 0.4267578125 0.00390625 0.015625
1 0.55322265625 0.4443359375 0.0048828125 0.03125
1 0.558349609375 0.42529296875 0.00341796875 0.0185546875
1 0.5615234375 0.44580078125 0.0068359375 0.0400390625
1 0.570556640625 0.43603515625 0.00439453125 0.0185546875
1 0.572998046875 0.4521484375 0.00537109375 0.029296875
1 0.6025390625 0.44921875 0.0078125 0.037109375
1 0.624755859375 0.44287109375 0.00732421875 0.0517578125
1 0.64599609375 0.4453125 0.0087890625 0.05859375
1 0.660888671875 0.4443359375 0.00634765625 0.05078125
1 0.6552734375 0.443359375 0.0107421875 0.060546875
1 0.6357421875 0.44287109375 0.0126953125 0.0654296875
1 0.671142578125 0.45166015625 0.00634765625 0.0439453125
1 0.676025390625 0.44482421875 0.01025390625 0.0576171875
1 0.712646484375 0.4482421875 0.00439453125 0.0546875
1 0.71923828125 0.42626953125 0.0234375 0.1201171875
1 0.759521484375 0.43212890625 0.01611328125 0.1083984375
1 0.735595703125 0.4326171875 0.02294921875 0.111328125
1 0.74755859375 0.42578125 0.0224609375 0.150390625
1 0.771728515625 0.427734375 0.02685546875 0.140625
1 0.79638671875 0.423828125 0.0234375 0.14453125
1 0.990234375 0.44091796875 0.033203125 0.1689453125
1 0.505859375 0.4208984375 0.0029296875 0.015625
1 0.477294921875 0.43896484375 0.00537109375 0.0283203125
1 0.43310546875 0.44677734375 0.00390625 0.0302734375
1 0.41845703125 0.44287109375 0.0068359375 0.0458984375
1 0.424072265625 0.44189453125 0.00927734375 0.0537109375
1 0.4130859375 0.4404296875 0.009765625 0.05078125
1 0.408203125 0.4375 0.009765625 0.0625
1 0.39453125 0.439453125 0.009765625 0.056640625
1 0.377197265625 0.4404296875 0.00732421875 0.05078125
1 0.24072265625 0.43505859375 0.01953125 0.1220703125
1 0.18017578125 0.4404296875 0.0166015625 0.119140625
1 0.22509765625 0.42431640625 0.0302734375 0.1591796875
1 0.195556640625 0.419921875 0.02392578125 0.15625
1 0.173583984375 0.37548828125 0.01318359375 0.0537109375
1 0.162841796875 0.43896484375 0.03857421875 0.2294921875
1 0.1171875 0.42724609375 0.0400390625 0.2373046875
1 0.077880859375 0.4287109375 0.03564453125 0.2265625
1 0.03955078125 0.49169921875 0.072265625 0.3642578125
1 0.9794921875 0.43115234375 0.037109375 0.1943359375
1 0.203857421875 0.41796875 0.03857421875 0.1875
1 0.381591796875 0.44287109375 0.00732421875 0.0458984375
1 0.568603515625 0.45361328125 0.00439453125 0.0283203125
2 0.592041015625 0.4267578125 0.01513671875 0.060546875
0 0.69091796875 0.44287109375 0.0126953125 0.0224609375
