1 0.296630859375 0.43359375 0.01123046875 0.060546875
1 0.341552734375 0.43359375 0.00830078125 0.0546875
1 0.385986328125 0.4365234375 0.01220703125 0.0625
1 0.525146484375 0.42431640625 0.00341796875 0.0439453125
1 0.521484375 0.41357421875 0.0068359375 0.0244140625
1 0.528076171875 0.423828125 0.00830078125 0.056640625
1 0.511962890625 0.43017578125 0.00634765625 0.0439453125
1 0.50244140625 0.4169921875 0.009765625 0.03125
1 0.675048828125 0.41943359375 0.01904296875 0.0751953125
1 0.67529296875 0.40625 0.021484375 0.103515625
1 0.646728515625 0.435546875 0.05810546875 0.283203125
1 0.709228515625 0.42626953125 0.02001953125 0.2041015625
1 0.72607421875 0.419921875 0.0419921875 0.234375
1 0.425537109375 0.41796875 0.04150390625 0.203125
2 0.061279296875 0.41845703125 0.02197265625 0.1123046875
0 0.02001953125 0.302734375 0.0068359375 0.021484375
1 0.375732421875 0.43505859375 0.01220703125 0.0634765625
5 0 0 0 0
