1 0.471923828125 0.3837890625 0.00634765625 0.03515625
1 0.54541015625 0.37744140625 0.005859375 0.0126953125
1 0.545654296875 0.4091796875 0.00830078125 0.048828125
1 0.513671875 0.39892578125 0.0107421875 0.0556640625
1 0.515625 0.40380859375 0.0107421875 0.0517578125
1 0.611328125 0.39111328125 0.0068359375 0.0322265625
1 0.591064453125 0.390625 0.00634765625 0.02734375
1 0.694580078125 0.41259765625 0.03076171875 0.1494140625
0 0.011474609375 0.38916015625 0.02197265625 0.2685546875
0 0.4404296875 0.3779296875 0.0048828125 0.01171875
