1 0.482666015625 0.4990234375 0.00732421875 0.048828125
1 0.497314453125 0.49951171875 0.00732421875 0.0478515625
1 0.49072265625 0.505859375 0.0107421875 0.05078125
1 0.63720703125 0.51806640625 0.0126953125 0.0771484375
1 0.652587890625 0.5078125 0.00927734375 0.076171875
3 0.677978515625 0.525390625 0.01806640625 0.078125
1 0.62548828125 0.5341796875 0.056640625 0.275390625
1 0.59228515625 0.53662109375 0.0380859375 0.2724609375
1 0.546142578125 0.5517578125 0.05126953125 0.3203125
1 0.454833984375 0.5107421875 0.03564453125 0.2421875
1 0.425537109375 0.53271484375 0.04638671875 0.2041015625
1 0.41259765625 0.54052734375 0.0419921875 0.3544921875
1 0.36572265625 0.5234375 0.0556640625 0.298828125
1 0.42041015625 0.556640625 0.0595703125 0.3515625
1 0.308349609375 0.4990234375 0.05126953125 0.25390625
1 0.30810546875 0.52294921875 0.0478515625 0.2314453125
1 0.331298828125 0.541015625 0.05615234375 0.283203125
1 0.707763671875 0.53564453125 0.04443359375 0.2568359375
1 0.2646484375 0.5068359375 0.03125 0.203125
1 0.200439453125 0.52587890625 0.05126953125 0.2509765625
1 0.1201171875 0.54150390625 0.0576171875 0.3095703125
1 0.059814453125 0.55029296875 0.06787109375 0.3310546875
1 0.0263671875 0.5419921875 0.0458984375 0.419921875
1 0.87158203125 0.54443359375 0.052734375 0.3486328125
1 0.854248046875 0.55908203125 0.07080078125 0.3447265625
1 0.955322265625 0.5400390625 0.02880859375 0.337890625
1 0.931884765625 0.57763671875 0.04052734375 0.3408203125
1 0.954345703125 0.5439453125 0.06201171875 0.4140625
0 0.51171875 0.39208984375 0.009765625 0.0537109375
