1 0.124755859375 0.3603515625 0.00439453125 0.01171875
1 0.080322265625 0.3515625 0.00537109375 0.025390625
1 0.085205078125 0.3544921875 0.00732421875 0.01953125
1 0.1162109375 0.357421875 0.005859375 0.017578125
1 0.193603515625 0.3623046875 0.00439453125 0.013671875
1 0.093505859375 0.3515625 0.00732421875 0.013671875
1 0.503173828125 0.37939453125 0.00537109375 0.0419921875
1 0.499755859375 0.380859375 0.00634765625 0.04296875
1 0.396240234375 0.40087890625 0.01904296875 0.1337890625
1 0.413818359375 0.3994140625 0.02490234375 0.146484375
1 0.28515625 0.36279296875 0.005859375 0.0146484375
1 0.7568359375 0.41259765625 0.0234375 0.1416015625
1 0.735107421875 0.41796875 0.02880859375 0.140625
