1 0.2177734375 0.5087890625 0.0068359375 0.03125
1 0.2109375 0.51318359375 0.0078125 0.0419921875
1 0.60888671875 0.52490234375 0.041015625 0.2060546875
1 0.44140625 0.53125 0.0400390625 0.21875
1 0.505126953125 0.53515625 0.02685546875 0.201171875
1 0.490966796875 0.52490234375 0.04248046875 0.2333984375
1 0.587158203125 0.52197265625 0.04150390625 0.2236328125
1 0.559326171875 0.5341796875 0.04345703125 0.22265625
1 0.55126953125 0.53369140625 0.044921875 0.2373046875
1 0.62646484375 0.53759765625 0.0390625 0.2431640625
1 0.72216796875 0.541015625 0.0224609375 0.22265625
1 0.70068359375 0.53515625 0.04296875 0.236328125
1 0.776123046875 0.53271484375 0.03759765625 0.2724609375
1 0.745849609375 0.533203125 0.04931640625 0.30859375
1 0.852783203125 0.53173828125 0.03466796875 0.2470703125
1 0.818115234375 0.525390625 0.04736328125 0.287109375
1 0.89306640625 0.53759765625 0.060546875 0.2939453125
1 0.983642578125 0.51025390625 0.02880859375 0.3134765625
1 0.960205078125 0.5185546875 0.04931640625 0.3125
1 0.928466796875 0.52392578125 0.06494140625 0.3154296875
4 0.991943359375 0.51025390625 0.01123046875 0.0986328125
1 0.249267578125 0.50537109375 0.00634765625 0.0341796875
5 0 0 0 0
5 0 0 0 0
