1 0.3759765625 0.34326171875 0.0087890625 0.0146484375
1 0.38525390625 0.3466796875 0.0078125 0.01171875
1 0.433349609375 0.36376953125 0.01025390625 0.0498046875
1 0.2177734375 0.40087890625 0.02734375 0.1533203125
3 0.161865234375 0.39794921875 0.01708984375 0.0576171875
3 0.02392578125 0.39990234375 0.025390625 0.0439453125
3 0.093017578125 0.40087890625 0.03662109375 0.0419921875
3 0.06396484375 0.396484375 0.02734375 0.05859375
1 0.68896484375 0.3681640625 0.0361328125 0.185546875
1 0.755859375 0.3681640625 0.0361328125 0.17578125
1 0.9150390625 0.3525390625 0.033203125 0.158203125
0 0.00927734375 0.4345703125 0.0166015625 0.09375
