1 0.171875 0.423828125 0.01171875 0.08984375
1 0.18701171875 0.42138671875 0.01953125 0.1064453125
1 0.2109375 0.42333984375 0.013671875 0.1025390625
1 0.22021484375 0.41845703125 0.0205078125 0.1123046875
1 0.252197265625 0.43359375 0.03466796875 0.23046875
1 0.27685546875 0.41796875 0.0146484375 0.091796875
1 0.289794921875 0.42041015625 0.01220703125 0.0849609375
1 0.3056640625 0.44189453125 0.0390625 0.1904296875
1 0.4990234375 0.43701171875 0.0166015625 0.1494140625
1 0.479248046875 0.4306640625 0.03271484375 0.193359375
1 0.5126953125 0.4130859375 0.025390625 0.203125
1 0.508056640625 0.45361328125 0.02490234375 0.1474609375
1 0.531005859375 0.4375 0.03955078125 0.216796875
1 0.572998046875 0.43212890625 0.04248046875 0.2216796875
1 0.971923828125 0.4794921875 0.05224609375 0.689453125
0 0.65869140625 0.3740234375 0.0283203125 0.07421875
0 0.8505859375 0.408203125 0.037109375 0.185546875
0 0.89990234375 0.3974609375 0.0322265625 0.236328125
0 0.131591796875 0.40478515625 0.01513671875 0.0693359375
