1 0.2001953125 0.3515625 0.0087890625 0.03125
1 0.279296875 0.40380859375 0.0234375 0.1474609375
1 0.2744140625 0.404296875 0.0322265625 0.1875
1 0.247314453125 0.412109375 0.03369140625 0.16796875
1 0.296142578125 0.39453125 0.02197265625 0.169921875
1 0.3076171875 0.4091796875 0.021484375 0.158203125
1 0.327880859375 0.3955078125 0.02197265625 0.150390625
1 0.341064453125 0.40673828125 0.02978515625 0.1513671875
1 0.365966796875 0.40771484375 0.02392578125 0.1552734375
1 0.55224609375 0.4052734375 0.0078125 0.044921875
1 0.554931640625 0.41015625 0.00830078125 0.052734375
1 0.562255859375 0.404296875 0.01220703125 0.06640625
1 0.58740234375 0.41748046875 0.03515625 0.2119140625
1 0.615234375 0.41552734375 0.01953125 0.1767578125
1 0.621337890625 0.42919921875 0.03662109375 0.2060546875
1 0.419677734375 0.4189453125 0.03466796875 0.22265625
1 0.3828125 0.4267578125 0.046875 0.23046875
1 0.4609375 0.4189453125 0.052734375 0.255859375
1 0.1396484375 0.34033203125 0.0068359375 0.0185546875
1 0.148193359375 0.36279296875 0.00830078125 0.0380859375
1 0.174072265625 0.3837890625 0.01416015625 0.095703125
1 0.1572265625 0.376953125 0.0126953125 0.083984375
1 0.1328125 0.38525390625 0.0107421875 0.0810546875
1 0.191650390625 0.369140625 0.01806640625 0.064453125
1 0.213623046875 0.41552734375 0.04248046875 0.2060546875
3 0.06005859375 0.38720703125 0.0224609375 0.0908203125
1 0.037353515625 0.41064453125 0.03564453125 0.1884765625
1 0.01806640625 0.40771484375 0.029296875 0.2001953125
1 0.732421875 0.41015625 0.029296875 0.201171875
1 0.71240234375 0.42919921875 0.041015625 0.1982421875
1 0.799560546875 0.40966796875 0.03662109375 0.2060546875
1 0.77490234375 0.41357421875 0.0322265625 0.2041015625
1 0.783203125 0.42041015625 0.0390625 0.2021484375
1 0.831787109375 0.40869140625 0.02490234375 0.2197265625
1 0.89697265625 0.31884765625 0.021484375 0.0810546875
1 0.913330078125 0.39501953125 0.02490234375 0.1591796875
1 0.880615234375 0.41650390625 0.03857421875 0.3095703125
1 0.9013671875 0.4677734375 0.0400390625 0.2265625
1 0.85888671875 0.4296875 0.0576171875 0.318359375
1 0.97705078125 0.44384765625 0.046875 0.2744140625
2 0.0927734375 0.42138671875 0.08984375 0.3935546875
