1 0.01318359375 0.37646484375 0.01953125 0.1591796875
1 0.23876953125 0.37353515625 0.0107421875 0.0380859375
1 0.3759765625 0.3955078125 0.0126953125 0.03125
1 0.2470703125 0.38720703125 0.0146484375 0.0263671875
1 0.451904296875 0.41552734375 0.00634765625 0.0361328125
1 0.324462890625 0.4248046875 0.02392578125 0.125
1 0.670166015625 0.435546875 0.01611328125 0.083984375
1 0.55224609375 0.41357421875 0.0068359375 0.0341796875
1 0.5810546875 0.4091796875 0.009765625 0.068359375
1 0.61279296875 0.412109375 0.0087890625 0.06640625
1 0.58935546875 0.41259765625 0.005859375 0.0595703125
1 0.594970703125 0.412109375 0.00927734375 0.060546875
1 0.602294921875 0.4140625 0.01806640625 0.0859375
1 0.62060546875 0.41455078125 0.0107421875 0.0810546875
1 0.646484375 0.4189453125 0.048828125 0.244140625
1 0.68408203125 0.4091796875 0.01953125 0.146484375
1 0.7275390625 0.42236328125 0.03515625 0.1787109375
1 0.763916015625 0.41796875 0.03662109375 0.18359375
1 0.829833984375 0.39404296875 0.03466796875 0.1708984375
1 0.82568359375 0.41845703125 0.0390625 0.1904296875
1 0.885498046875 0.4091796875 0.02587890625 0.150390625
2 0.41796875 0.40234375 0.0146484375 0.037109375
0 0.993408203125 0.404296875 0.01318359375 0.171875
0 0.263427734375 0.3994140625 0.01025390625 0.025390625
0 0.131591796875 0.25830078125 0.00537109375 0.0185546875
0 0.441650390625 0.41015625 0.00537109375 0.025390625
5 0 0 0 0
5 0 0 0 0
