1 0.887939453125 0.34375 0.00439453125 0.029296875
1 0.89111328125 0.33544921875 0.0048828125 0.0185546875
1 0.87939453125 0.345703125 0.005859375 0.0390625
1 0.87744140625 0.35986328125 0.0078125 0.0751953125
1 0.8662109375 0.3427734375 0.0048828125 0.03515625
1 0.870849609375 0.36279296875 0.01513671875 0.0830078125
1 0.89501953125 0.34326171875 0.0126953125 0.0380859375
1 0.835693359375 0.3486328125 0.00634765625 0.056640625
1 0.822021484375 0.3623046875 0.01220703125 0.080078125
1 0.846923828125 0.36376953125 0.02978515625 0.1826171875
1 0.766845703125 0.36376953125 0.02294921875 0.1162109375
1 0.739990234375 0.3642578125 0.01904296875 0.103515625
1 0.6328125 0.35888671875 0.037109375 0.1943359375
1 0.467529296875 0.35888671875 0.02685546875 0.1767578125
1 0.475830078125 0.37060546875 0.03076171875 0.1689453125
1 0.34765625 0.40869140625 0.056640625 0.2744140625
1 0.2802734375 0.4033203125 0.056640625 0.275390625
0 0.566162109375 0.06787109375 0.01318359375 0.0400390625
0 0.578125 0.0546875 0.01171875 0.01953125
5 0 0 0 0
