1 0.082275390625 0.443359375 0.02490234375 0.126953125
1 0.137939453125 0.43603515625 0.02392578125 0.1279296875
1 0.568115234375 0.37109375 0.00244140625 0.01171875
1 0.50048828125 0.38037109375 0.0048828125 0.0146484375
1 0.5068359375 0.37890625 0.0048828125 0.021484375
1 0.3935546875 0.40576171875 0.009765625 0.0458984375
1 0.40087890625 0.4130859375 0.0068359375 0.0546875
1 0.40625 0.412109375 0.0107421875 0.056640625
1 0.377685546875 0.38818359375 0.00732421875 0.0087890625
1 0.364990234375 0.39013671875 0.00537109375 0.0068359375
1 0.4423828125 0.4033203125 0.0068359375 0.04296875
1 0.43115234375 0.40087890625 0.0087890625 0.0341796875
1 0.171875 0.3994140625 0.013671875 0.05078125
1 0.194580078125 0.392578125 0.00927734375 0.03125
1 0.19677734375 0.408203125 0.0185546875 0.044921875
1 0.173095703125 0.43505859375 0.01513671875 0.1123046875
1 0.18408203125 0.42041015625 0.0166015625 0.0751953125
1 0.617431640625 0.3798828125 0.00439453125 0.021484375
1 0.70361328125 0.39990234375 0.0126953125 0.0615234375
1 0.760498046875 0.412109375 0.02880859375 0.15234375
1 0.8037109375 0.4169921875 0.0283203125 0.14453125
2 0.5595703125 0.36669921875 0.00390625 0.0126953125
4 0.546142578125 0.37744140625 0.00830078125 0.0283203125
2 0.437744140625 0.41943359375 0.01220703125 0.0576171875
2 0.600341796875 0.38525390625 0.00927734375 0.0146484375
