1 0.4609375 0.40087890625 0.00390625 0.0185546875
1 0.470947265625 0.40234375 0.00341796875 0.017578125
1 0.58740234375 0.39599609375 0.0068359375 0.0361328125
1 0.7666015625 0.421875 0.0283203125 0.15625
1 0.79052734375 0.419921875 0.029296875 0.177734375
1 0.828125 0.39501953125 0.0341796875 0.1416015625
3 0.140869140625 0.3701171875 0.00634765625 0.0078125
3 0.1494140625 0.369140625 0.0078125 0.01171875
3 0.159912109375 0.369140625 0.00830078125 0.01171875
3 0.166015625 0.37109375 0.00390625 0.0078125
1 0.175537109375 0.369140625 0.00732421875 0.015625
1 0.18310546875 0.36962890625 0.005859375 0.0126953125
1 0.18701171875 0.36962890625 0.00390625 0.0126953125
1 0.20263671875 0.3720703125 0.005859375 0.0078125
1 0.216552734375 0.37109375 0.00439453125 0.01171875
1 0.255615234375 0.373046875 0.00634765625 0.013671875
1 0.29931640625 0.373046875 0.0068359375 0.013671875
1 0.307373046875 0.37109375 0.00634765625 0.01953125
1 0.3154296875 0.3681640625 0.0087890625 0.0234375
1 0.330810546875 0.37158203125 0.00537109375 0.0166015625
4 0.37353515625 0.3701171875 0.005859375 0.017578125
1 0.3740234375 0.3740234375 0.005859375 0.015625
1 0.40234375 0.37890625 0.0048828125 0.015625
1 0.4140625 0.38818359375 0.0078125 0.0400390625
1 0.435791015625 0.3916015625 0.00537109375 0.033203125
