1 0.478515625 0.4345703125 0.00390625 0.017578125
4 0.473388671875 0.43603515625 0.00341796875 0.0205078125
1 0.34814453125 0.44189453125 0.01953125 0.1083984375
1 0.3251953125 0.4482421875 0.0166015625 0.08984375
1 0.298583984375 0.45458984375 0.02392578125 0.1298828125
1 0.26611328125 0.4521484375 0.025390625 0.13671875
1 0.229248046875 0.46142578125 0.02783203125 0.1689453125
1 0.191162109375 0.4677734375 0.03076171875 0.15625
1 0.150146484375 0.45947265625 0.03466796875 0.1728515625
1 0.553955078125 0.4345703125 0.00537109375 0.025390625
1 0.5595703125 0.435546875 0.0048828125 0.0234375
1 0.408447265625 0.4453125 0.00927734375 0.0546875
1 0.397216796875 0.443359375 0.01220703125 0.060546875
2 0.440673828125 0.431640625 0.01123046875 0.03125
0 0.342041015625 0.35498046875 0.00341796875 0.0126953125
0 0.34619140625 0.357421875 0.0029296875 0.0078125
