1 0.451416015625 0.39990234375 0.00634765625 0.0146484375
1 0.459716796875 0.404296875 0.00537109375 0.0234375
1 0.493408203125 0.41748046875 0.00927734375 0.0693359375
1 0.50732421875 0.41796875 0.0087890625 0.064453125
1 0.585205078125 0.4033203125 0.00634765625 0.033203125
1 0.593505859375 0.40771484375 0.00830078125 0.0517578125
1 0.760009765625 0.4775390625 0.03955078125 0.203125
1 0.845458984375 0.4287109375 0.02783203125 0.13671875
1 0.914794921875 0.470703125 0.05908203125 0.2890625
4 0.98779296875 0.45849609375 0.01953125 0.2080078125
1 0.310546875 0.38671875 0.005859375 0.009765625
1 0.281494140625 0.37939453125 0.02099609375 0.0361328125
0 0.970947265625 0.34716796875 0.00830078125 0.0869140625
0 0.57177734375 0.36376953125 0.0029296875 0.0107421875
0 0.46337890625 0.3603515625 0.0029296875 0.009765625
0 0.5546875 0.373046875 0.001953125 0.0078125
