1 0.732666015625 0.37109375 0.00341796875 0.01953125
1 0.52392578125 0.4169921875 0.00390625 0.025390625
1 0.5283203125 0.41748046875 0.00390625 0.0244140625
1 0.475830078125 0.41259765625 0.00341796875 0.0166015625
1 0.472412109375 0.4140625 0.00341796875 0.017578125
1 0.465576171875 0.41796875 0.00634765625 0.033203125
1 0.46044921875 0.41845703125 0.00390625 0.0205078125
1 0.45654296875 0.4169921875 0.0048828125 0.0234375
0 0.42626953125 0.42578125 0.009765625 0.046875
0 0.65966796875 0.32568359375 0.00390625 0.0087890625
