1 0.90185546875 0.4580078125 0.03515625 0.224609375
1 0.260498046875 0.4150390625 0.00439453125 0.02734375
1 0.248779296875 0.4169921875 0.00537109375 0.02734375
1 0.206787109375 0.51123046875 0.06884765625 0.3759765625
1 0.1943359375 0.51611328125 0.0830078125 0.4052734375
1 0.41748046875 0.48974609375 0.076171875 0.3779296875
1 0.408935546875 0.4892578125 0.08935546875 0.435546875
0 0.56787109375 0.39892578125 0.0185546875 0.0458984375
0 0.265869140625 0.41357421875 0.00244140625 0.0244140625
0 0.380859375 0.4072265625 0.0029296875 0.017578125
0 0.324462890625 0.39794921875 0.00439453125 0.0146484375
0 0.16015625 0.36767578125 0.00390625 0.0087890625
