1 0.63525390625 0.39453125 0.0068359375 0.013671875
1 0.677978515625 0.3837890625 0.00732421875 0.01953125
1 0.716552734375 0.38916015625 0.01025390625 0.0126953125
1 0.76025390625 0.39404296875 0.01171875 0.0400390625
1 0.987548828125 0.43408203125 0.02197265625 0.1259765625
1 0.19384765625 0.484375 0.09765625 0.490234375
0 0.95263671875 0.255859375 0.009765625 0.02734375
0 0.639892578125 0.3720703125 0.00439453125 0.009765625
0 0.54345703125 0.40869140625 0.009765625 0.0244140625
0 0.63525390625 0.35888671875 0.001953125 0.0068359375
