1 0.471435546875 0.2861328125 0.00634765625 0.03515625
1 0.499267578125 0.279296875 0.00439453125 0.029296875
1 0.515869140625 0.2841796875 0.00634765625 0.029296875
4 0.534423828125 0.28466796875 0.00537109375 0.0302734375
1 0.520263671875 0.30810546875 0.00732421875 0.0380859375
1 0.489990234375 0.32177734375 0.00830078125 0.0439453125
4 0.9912109375 0.51416015625 0.0126953125 0.2314453125
1 0.32470703125 0.37890625 0.015625 0.12890625
1 0.56787109375 0.45751953125 0.029296875 0.2685546875
1 0.58203125 0.47265625 0.0458984375 0.267578125
2 0.6875 0.4404296875 0.0458984375 0.224609375
0 0.302001953125 0.37841796875 0.02001953125 0.1552734375
0 0.26025390625 0.2998046875 0.017578125 0.05078125
0 0.20068359375 0.2724609375 0.001953125 0.0078125
0 0.48974609375 0.27587890625 0.0048828125 0.0166015625
0 0.706298828125 0.35009765625 0.00830078125 0.0380859375
0 0.6435546875 0.3271484375 0.00390625 0.044921875
0 0.6591796875 0.32958984375 0.0048828125 0.0439453125
