1 0.55224609375 0.419921875 0.0029296875 0.015625
1 0.53662109375 0.41943359375 0.0029296875 0.0166015625
1 0.52734375 0.41748046875 0.0048828125 0.0205078125
4 0.52392578125 0.4169921875 0.0029296875 0.017578125
4 0.513671875 0.419921875 0.001953125 0.01171875
1 0.257568359375 0.4091796875 0.00634765625 0.03515625
1 0.23828125 0.408203125 0.0068359375 0.03515625
1 0.9599609375 0.44482421875 0.0087890625 0.0791015625
1 0.978759765625 0.44580078125 0.00927734375 0.0771484375
1 0.991943359375 0.43994140625 0.01220703125 0.0888671875
1 0.44775390625 0.5322265625 0.09375 0.45703125
0 0.736083984375 0.36767578125 0.00439453125 0.0107421875
0 0.91845703125 0.3310546875 0.00390625 0.01171875
0 0.49609375 0.376953125 0.001953125 0.009765625
0 0.391357421875 0.40625 0.00341796875 0.009765625
0 0.33154296875 0.41015625 0.0029296875 0.037109375
0 0.51904296875 0.41015625 0.0048828125 0.015625
0 0.702392578125 0.39501953125 0.00244140625 0.0087890625
0 0.719970703125 0.41357421875 0.00634765625 0.0087890625
