4 0.476806640625 0.41748046875 0.00439453125 0.0205078125
1 0.48193359375 0.41943359375 0.00390625 0.0205078125
1 0.48486328125 0.4169921875 0.0048828125 0.025390625
3 0.49853515625 0.41455078125 0.00390625 0.0205078125
1 0.49267578125 0.4169921875 0.00390625 0.021484375
1 0.4892578125 0.41748046875 0.0029296875 0.0185546875
1 0.52587890625 0.4013671875 0.0029296875 0.00390625
1 0.538330078125 0.42529296875 0.01220703125 0.0771484375
1 0.5517578125 0.42578125 0.0146484375 0.076171875
3 0.705322265625 0.44775390625 0.02783203125 0.1201171875
1 0.953369140625 0.38134765625 0.01611328125 0.0869140625
3 0.345947265625 0.427734375 0.00244140625 0.037109375
3 0.321533203125 0.41162109375 0.00537109375 0.0126953125
1 0.294921875 0.42822265625 0.0107421875 0.0478515625
4 0.13818359375 0.44482421875 0.025390625 0.1201171875
1 0.111572265625 0.45068359375 0.01611328125 0.1142578125
1 0.307861328125 0.43115234375 0.00537109375 0.0419921875
0 0.58984375 0.39697265625 0.021484375 0.0517578125
0 0.332763671875 0.43408203125 0.01025390625 0.0302734375
5 0 0 0 0
