1 0.310546875 0.4580078125 0.0048828125 0.02734375
3 0.484375 0.43896484375 0.013671875 0.0341796875
3 0.4765625 0.44873046875 0.0107421875 0.0302734375
1 0.46630859375 0.44384765625 0.0146484375 0.0869140625
1 0.63623046875 0.44580078125 0.0263671875 0.1650390625
1 0.602783203125 0.4501953125 0.03173828125 0.15234375
1 0.66455078125 0.4423828125 0.0380859375 0.220703125
1 0.699951171875 0.44091796875 0.04345703125 0.2255859375
1 0.8037109375 0.44482421875 0.0771484375 0.4052734375
1 0.916015625 0.4345703125 0.08203125 0.404296875
4 0.99267578125 0.4130859375 0.009765625 0.1015625
0 0.768310546875 0.22705078125 0.01123046875 0.0517578125
0 0.904296875 0.216796875 0.0126953125 0.03125
0 0.19140625 0.41064453125 0.02734375 0.0439453125
0 0.1005859375 0.50048828125 0.0048828125 0.0107421875
0 0.728515625 0.38916015625 0.0087890625 0.0556640625
0 0.947021484375 0.35693359375 0.01123046875 0.0283203125
