1 0.406982421875 0.400390625 0.01318359375 0.064453125
1 0.374267578125 0.39697265625 0.01513671875 0.0732421875
1 0.352783203125 0.42431640625 0.01904296875 0.0947265625
1 0.390869140625 0.42822265625 0.02099609375 0.1025390625
1 0.632568359375 0.38427734375 0.01611328125 0.0771484375
1 0.749755859375 0.451171875 0.04052734375 0.197265625
1 0.22705078125 0.4658203125 0.044921875 0.25
1 0.287353515625 0.46435546875 0.04443359375 0.2412109375
1 0.95166015625 0.54541015625 0.111328125 0.5400390625
2 0.4892578125 0.455078125 0.0673828125 0.328125
0 0.53955078125 0.30126953125 0.0283203125 0.0791015625
0 0.77685546875 0.39013671875 0.017578125 0.0654296875
0 0.38525390625 0.31396484375 0.0146484375 0.0517578125
5 0 0 0 0
5 0 0 0 0
