1 0.861572265625 0.40869140625 0.01611328125 0.0927734375
1 0.97705078125 0.408203125 0.0234375 0.126953125
1 0.216064453125 0.47119140625 0.07666015625 0.3896484375
1 0.179443359375 0.5400390625 0.06298828125 0.306640625
1 0.228759765625 0.521484375 0.06396484375 0.392578125
1 0.4033203125 0.46728515625 0.072265625 0.4287109375
1 0.354248046875 0.5322265625 0.08154296875 0.6015625
1 0.296875 0.52734375 0.09765625 0.71484375
0 0.9521484375 0.2470703125 0.0078125 0.02734375
0 0.68115234375 0.36572265625 0.0078125 0.0205078125
0 0.674560546875 0.3681640625 0.00439453125 0.0234375
0 0.639404296875 0.365234375 0.00341796875 0.009765625
0 0.54345703125 0.40234375 0.0078125 0.0234375
0 0.635498046875 0.35205078125 0.00244140625 0.0068359375
5 0 0 0 0
