1 0.327880859375 0.38720703125 0.00341796875 0.0244140625
1 0.612548828125 0.41748046875 0.00634765625 0.0166015625
1 0.051025390625 0.375 0.00732421875 0.021484375
1 0.2431640625 0.4267578125 0.005859375 0.052734375
4 0.025634765625 0.67431640625 0.04541015625 0.5888671875
1 0.9287109375 0.474609375 0.0390625 0.19140625
1 0.98583984375 0.46630859375 0.03125 0.1728515625
4 0.17138671875 0.419921875 0.0185546875 0.07421875
0 0.79296875 0.376953125 0.01953125 0.072265625
0 0.791259765625 0.43994140625 0.01806640625 0.0400390625
0 0.855224609375 0.46533203125 0.00830078125 0.0947265625
0 0.390625 0.39453125 0.0029296875 0.01953125
0 0.719970703125 0.4267578125 0.00439453125 0.017578125
