1 0.72265625 0.42822265625 0.0400390625 0.1904296875
1 0.217529296875 0.42236328125 0.02587890625 0.1552734375
1 0.276123046875 0.42138671875 0.02978515625 0.1611328125
1 0.262451171875 0.43701171875 0.03271484375 0.1591796875
1 0.306396484375 0.42236328125 0.03271484375 0.1767578125
0 0.786865234375 0.3173828125 0.00634765625 0.01953125
0 0.947265625 0.28857421875 0.0048828125 0.0107421875
0 0.53271484375 0.30810546875 0.0048828125 0.0185546875
0 0.274169921875 0.31103515625 0.01513671875 0.0537109375
0 0.414306640625 0.3857421875 0.00732421875 0.013671875
0 0.8271484375 0.2412109375 0.0146484375 0.037109375
