1 0.641845703125 0.3740234375 0.00830078125 0.041015625
1 0.64990234375 0.37353515625 0.0087890625 0.0400390625
1 0.69140625 0.380859375 0.0107421875 0.05078125
1 0.76806640625 0.388671875 0.017578125 0.056640625
1 0.795654296875 0.37744140625 0.01220703125 0.0537109375
1 0.804931640625 0.42919921875 0.01220703125 0.1220703125
1 0.80029296875 0.42724609375 0.025390625 0.1298828125
1 0.70166015625 0.43408203125 0.013671875 0.1416015625
1 0.712646484375 0.43408203125 0.02783203125 0.1669921875
1 0.9365234375 0.40185546875 0.0146484375 0.0830078125
1 0.970947265625 0.4345703125 0.03662109375 0.25
3 0.9736328125 0.31591796875 0.029296875 0.0947265625
1 0.987548828125 0.45068359375 0.02099609375 0.2255859375
1 0.97412109375 0.4921875 0.064453125 0.310546875
1 0.670654296875 0.4560546875 0.06103515625 0.30859375
1 0.426513671875 0.37841796875 0.00634765625 0.0439453125
1 0.418701171875 0.38232421875 0.00439453125 0.0400390625
1 0.397705078125 0.3681640625 0.00634765625 0.025390625
1 0.4091796875 0.380859375 0.0107421875 0.046875
1 0.399658203125 0.3935546875 0.01025390625 0.05078125
1 0.386962890625 0.38427734375 0.00927734375 0.0419921875
1 0.49755859375 0.42626953125 0.0322265625 0.1904296875
1 0.50146484375 0.44091796875 0.03515625 0.1943359375
1 0.522216796875 0.4189453125 0.04833984375 0.234375
1 0.572509765625 0.64697265625 0.03466796875 0.0869140625
1 0.5732421875 0.49755859375 0.0810546875 0.3935546875
1 0.28955078125 0.3701171875 0.005859375 0.01953125
3 0.2783203125 0.37158203125 0.0146484375 0.0361328125
3 0.271484375 0.375 0.021484375 0.046875
4 0.19091796875 0.3486328125 0.0185546875 0.041015625
3 0.21533203125 0.40869140625 0.0126953125 0.0634765625
3 0.208740234375 0.4033203125 0.02099609375 0.083984375
3 0.199951171875 0.40478515625 0.02587890625 0.0830078125
3 0.187255859375 0.40576171875 0.03173828125 0.0830078125
3 0.14404296875 0.3701171875 0.0263671875 0.06640625
3 0.114013671875 0.36328125 0.01025390625 0.04296875
3 0.103515625 0.37744140625 0.0166015625 0.0673828125
3 0.142822265625 0.39111328125 0.02978515625 0.0751953125
3 0.1357421875 0.40234375 0.0517578125 0.1015625
3 0.06201171875 0.3994140625 0.0205078125 0.109375
3 0.0087890625 0.41015625 0.0107421875 0.099609375
1 0.0234375 0.44287109375 0.029296875 0.1865234375
4 0.010009765625 0.4638671875 0.01416015625 0.263671875
1 0.089111328125 0.443359375 0.03271484375 0.173828125
1 0.2255859375 0.46875 0.017578125 0.091796875
1 0.254150390625 0.40673828125 0.02783203125 0.0888671875
1 0.24755859375 0.4736328125 0.0166015625 0.099609375
1 0.3642578125 0.5068359375 0.09765625 0.537109375
1 0.313720703125 0.5458984375 0.11181640625 0.544921875
0 0.705322265625 0.25830078125 0.01220703125 0.0185546875
0 0.72998046875 0.2578125 0.0126953125 0.017578125
0 0.7314453125 0.3388671875 0.01953125 0.041015625
0 0.73486328125 0.40576171875 0.015625 0.0517578125
0 0.98486328125 0.2080078125 0.0263671875 0.05078125
0 0.31005859375 0.107421875 0.0224609375 0.142578125
0 0.040283203125 0.36279296875 0.00537109375 0.0341796875
0 0.748779296875 0.365234375 0.00439453125 0.0546875
0 0.74365234375 0.3505859375 0.00390625 0.048828125
0 0.82470703125 0.375 0.00390625 0.017578125
5 0 0 0 0
5 0 0 0 0
5 0 0 0 0
