1 0.1826171875 0.4736328125 0.0126953125 0.095703125
1 0.191162109375 0.4755859375 0.01904296875 0.10546875
1 0.2109375 0.4755859375 0.021484375 0.103515625
1 0.219970703125 0.48046875 0.02001953125 0.09765625
1 0.24560546875 0.47802734375 0.021484375 0.1044921875
1 0.285400390625 0.48095703125 0.02099609375 0.1025390625
1 0.39404296875 0.42138671875 0.0205078125 0.0927734375
1 0.65576171875 0.47412109375 0.0234375 0.1357421875
0 0.707763671875 0.51123046875 0.02978515625 0.0576171875
0 0.429443359375 0.3671875 0.00830078125 0.048828125
0 0.447265625 0.44189453125 0.013671875 0.0673828125
