1 0.450439453125 0.41796875 0.00341796875 0.046875
1 0.452880859375 0.412109375 0.00830078125 0.056640625
2 0.47119140625 0.4267578125 0.015625 0.076171875
0 0.49609375 0.37646484375 0.001953125 0.0087890625
0 0.736328125 0.3671875 0.0048828125 0.01171875
0 0.740478515625 0.435546875 0.01708984375 0.0390625
0 0.91796875 0.33056640625 0.0029296875 0.0107421875
0 0.92431640625 0.35595703125 0.00390625 0.0087890625
0 0.4873046875 0.41357421875 0.005859375 0.0185546875
0 0.51806640625 0.4091796875 0.005859375 0.013671875
