1 0.60888671875 0.408203125 0.009765625 0.0546875
1 0.668701171875 0.42138671875 0.01416015625 0.0693359375
1 0.76220703125 0.423828125 0.0234375 0.123046875
1 0.94580078125 0.435546875 0.037109375 0.263671875
1 0.981201171875 0.4462890625 0.04931640625 0.240234375
1 0.230224609375 0.39501953125 0.01123046875 0.0224609375
1 0.6796875 0.4287109375 0.013671875 0.072265625
0 0.108154296875 0.388671875 0.01806640625 0.029296875
0 0.15771484375 0.37939453125 0.015625 0.0419921875
0 0.59765625 0.37841796875 0.0048828125 0.0107421875
0 0.456298828125 0.3759765625 0.00537109375 0.017578125
0 0.475830078125 0.36962890625 0.00341796875 0.0107421875
