1 0.422607421875 0.4296875 0.00634765625 0.029296875
1 0.287353515625 0.44140625 0.00732421875 0.037109375
1 0.2685546875 0.44091796875 0.0087890625 0.0439453125
1 0.229248046875 0.44091796875 0.00732421875 0.0419921875
1 0.219970703125 0.44287109375 0.00927734375 0.0654296875
1 0.204833984375 0.4248046875 0.00537109375 0.01953125
1 0.04541015625 0.41943359375 0.01171875 0.0341796875
4 0.00390625 0.427734375 0.001953125 0.013671875
1 0.02099609375 0.46142578125 0.017578125 0.1201171875
1 0.638916015625 0.41259765625 0.00927734375 0.0341796875
1 0.663818359375 0.40087890625 0.00927734375 0.0244140625
1 0.754150390625 0.40283203125 0.01123046875 0.0712890625
1 0.689208984375 0.41650390625 0.01513671875 0.0732421875
2 0.58056640625 0.49169921875 0.0859375 0.4287109375
0 0.70166015625 0.39794921875 0.00390625 0.0361328125
0 0.515625 0.42529296875 0.03125 0.0400390625
0 0.351806640625 0.4208984375 0.00634765625 0.013671875
0 0.368408203125 0.40185546875 0.00830078125 0.0419921875
0 0.678955078125 0.37060546875 0.00537109375 0.0126953125
0 0.98388671875 0.36572265625 0.005859375 0.0341796875
0 0.97265625 0.36328125 0.005859375 0.0234375
0 0.76416015625 0.37890625 0.0048828125 0.037109375
0 0.278564453125 0.40869140625 0.00537109375 0.0107421875
0 0.6533203125 0.3974609375 0.0048828125 0.013671875
0 0.646728515625 0.40185546875 0.00439453125 0.0146484375
0 0.6181640625 0.39306640625 0.0029296875 0.0126953125
5 0 0 0 0
