4 0.031494140625 0.62841796875 0.05712890625 0.2607421875
1 0.28466796875 0.54443359375 0.0830078125 0.5771484375
1 0.248046875 0.529296875 0.146484375 0.7109375
1 0.5244140625 0.55615234375 0.0966796875 0.7451171875
1 0.461669921875 0.52490234375 0.18408203125 0.8369140625
4 0.97314453125 0.724609375 0.048828125 0.1796875
1 0.7177734375 0.51171875 0.0986328125 0.537109375
0 0.09326171875 0.3486328125 0.0048828125 0.013671875
0 0.614501953125 0.38671875 0.00732421875 0.021484375
0 0.9052734375 0.40576171875 0.0029296875 0.0068359375
