1 0.78369140625 0.47021484375 0.0380859375 0.2255859375
1 0.462646484375 0.431640625 0.00732421875 0.03515625
1 0.4716796875 0.42822265625 0.0078125 0.0380859375
1 0.478271484375 0.4326171875 0.01123046875 0.056640625
1 0.45166015625 0.4384765625 0.0107421875 0.052734375
1 0.4169921875 0.4345703125 0.009765625 0.0546875
0 0.78271484375 0.27685546875 0.0068359375 0.0224609375
0 0.88671875 0.400390625 0.0126953125 0.017578125
0 0.455078125 0.40625 0.0048828125 0.009765625
0 0.5771484375 0.400390625 0.0146484375 0.013671875
0 0.589111328125 0.40283203125 0.00439453125 0.0087890625
