1 0.748291015625 0.40234375 0.00341796875 0.009765625
1 0.74365234375 0.40380859375 0.0029296875 0.0087890625
1 0.422607421875 0.416015625 0.00537109375 0.009765625
1 0.015380859375 0.423828125 0.01416015625 0.0234375
1 0.05224609375 0.42626953125 0.005859375 0.0146484375
1 0.06591796875 0.42431640625 0.01171875 0.0166015625
1 0.47314453125 0.513671875 0.0908203125 0.44140625
1 0.35888671875 0.50244140625 0.142578125 0.6962890625
1 0.030029296875 0.43017578125 0.00537109375 0.0087890625
0 0.093017578125 0.3486328125 0.00537109375 0.01171875
0 0.677978515625 0.37109375 0.00634765625 0.009765625
0 0.7041015625 0.36669921875 0.0048828125 0.0126953125
0 0.634765625 0.42236328125 0.0029296875 0.0146484375
0 0.61376953125 0.38720703125 0.0087890625 0.0244140625
