1 0.494873046875 0.40185546875 0.00634765625 0.0146484375
1 0.508056640625 0.39892578125 0.00537109375 0.0107421875
1 0.629150390625 0.42236328125 0.00439453125 0.0517578125
1 0.721435546875 0.43603515625 0.02587890625 0.1259765625
1 0.21337890625 0.42138671875 0.0087890625 0.0439453125
1 0.1298828125 0.4375 0.0302734375 0.203125
1 0.100341796875 0.44580078125 0.02685546875 0.2080078125
1 0.076904296875 0.443359375 0.03369140625 0.216796875
0 0.659423828125 0.3623046875 0.03369140625 0.12109375
0 0.739013671875 0.380859375 0.00830078125 0.052734375
0 0.7568359375 0.41455078125 0.013671875 0.0791015625
0 0.722412109375 0.3583984375 0.01025390625 0.02734375
0 0.286376953125 0.3671875 0.00439453125 0.01171875
0 0.881591796875 0.41064453125 0.02197265625 0.0791015625
0 0.268310546875 0.40380859375 0.00634765625 0.0224609375
0 0.403076171875 0.39013671875 0.00634765625 0.0146484375
0 0.28076171875 0.4013671875 0.0048828125 0.01953125
0 0.2919921875 0.39453125 0.0029296875 0.005859375
0 0.827880859375 0.337890625 0.01025390625 0.037109375
5 0 0 0 0
5 0 0 0 0
