1 0.4384765625 0.35546875 0.0068359375 0.052734375
1 0.010986328125 0.20751953125 0.01513671875 0.1435546875
1 0.23681640625 0.48291015625 0.1484375 0.7236328125
1 0.47314453125 0.517578125 0.1318359375 0.65234375
1 0.338134765625 0.5322265625 0.18603515625 0.888671875
1 0.736328125 0.47998046875 0.1171875 0.6669921875
1 0.691650390625 0.50244140625 0.14794921875 0.7197265625
0 0.88427734375 0.27978515625 0.0146484375 0.0517578125
0 0.837158203125 0.330078125 0.01611328125 0.0390625
0 0.494384765625 0.193359375 0.00537109375 0.009765625
0 0.125732421875 0.3232421875 0.01025390625 0.017578125
0 0.880126953125 0.36962890625 0.00830078125 0.0419921875
