1 0.411376953125 0.4375 0.00830078125 0.056640625
1 0.428955078125 0.4375 0.01123046875 0.0546875
1 0.403564453125 0.43603515625 0.00927734375 0.0556640625
1 0.708984375 0.4306640625 0.02734375 0.14453125
1 0.26953125 0.4501953125 0.021484375 0.103515625
1 0.24560546875 0.4443359375 0.0205078125 0.111328125
1 0.185302734375 0.4619140625 0.03173828125 0.162109375
1 0.420166015625 0.43603515625 0.01025390625 0.0576171875
0 0.570556640625 0.38427734375 0.00341796875 0.0107421875
0 0.539794921875 0.41357421875 0.00341796875 0.0185546875
