4 0.498291015625 0.42138671875 0.00341796875 0.0146484375
3 0.47705078125 0.4443359375 0.005859375 0.033203125
1 0.484375 0.44287109375 0.0078125 0.0419921875
1 0.49169921875 0.44287109375 0.005859375 0.0400390625
1 0.495361328125 0.44580078125 0.01025390625 0.0419921875
1 0.51123046875 0.4287109375 0.00390625 0.015625
1 0.512939453125 0.4443359375 0.00830078125 0.0390625
1 0.522216796875 0.44140625 0.00537109375 0.048828125
1 0.527587890625 0.4326171875 0.00732421875 0.037109375
1 0.414794921875 0.427734375 0.00732421875 0.0234375
4 0.42041015625 0.4267578125 0.005859375 0.01953125
1 0.42578125 0.42578125 0.0078125 0.025390625
3 0.4013671875 0.4326171875 0.0029296875 0.013671875
3 0.3974609375 0.42822265625 0.0048828125 0.0224609375
3 0.39404296875 0.42529296875 0.0107421875 0.0283203125
3 0.384033203125 0.42822265625 0.01806640625 0.0361328125
3 0.36962890625 0.4287109375 0.0126953125 0.033203125
3 0.364013671875 0.427734375 0.01220703125 0.037109375
3 0.329833984375 0.41943359375 0.01513671875 0.0224609375
3 0.330810546875 0.435546875 0.01708984375 0.060546875
3 0.319580078125 0.43701171875 0.01513671875 0.0556640625
3 0.30517578125 0.4345703125 0.01953125 0.03125
3 0.26904296875 0.4287109375 0.0146484375 0.0390625
1 0.281494140625 0.4013671875 0.03271484375 0.099609375
3 0.26220703125 0.43896484375 0.02734375 0.0966796875
3 0.228515625 0.40673828125 0.02734375 0.0341796875
3 0.25 0.44482421875 0.029296875 0.0888671875
1 0.2021484375 0.40673828125 0.0146484375 0.0615234375
3 0.205322265625 0.416015625 0.01806640625 0.0390625
3 0.222900390625 0.42919921875 0.04833984375 0.1025390625
3 0.175537109375 0.4150390625 0.01611328125 0.0546875
1 0.19189453125 0.4091796875 0.0068359375 0.056640625
3 0.11376953125 0.408203125 0.015625 0.05859375
1 0.14501953125 0.408203125 0.015625 0.04296875
3 0.161376953125 0.41552734375 0.04150390625 0.0791015625
3 0.13134765625 0.4189453125 0.05078125 0.072265625
3 0.079345703125 0.3916015625 0.00634765625 0.0234375
3 0.049560546875 0.40087890625 0.01318359375 0.0419921875
3 0.075927734375 0.41796875 0.05029296875 0.1015625
3 0.044677734375 0.4296875 0.04638671875 0.12109375
1 0.34033203125 0.4619140625 0.0322265625 0.19140625
1 0.582763671875 0.44189453125 0.01904296875 0.1005859375
1 0.598388671875 0.439453125 0.01611328125 0.078125
1 0.615966796875 0.43994140625 0.01416015625 0.0693359375
3 0.68505859375 0.4306640625 0.0078125 0.029296875
3 0.67724609375 0.43896484375 0.0166015625 0.0498046875
1 0.836181640625 0.3896484375 0.05126953125 0.171875
1 0.8828125 0.3828125 0.0400390625 0.1640625
1 0.568603515625 0.42236328125 0.01123046875 0.0341796875
0 0.497314453125 0.39208984375 0.00341796875 0.0068359375
0 0.537353515625 0.43505859375 0.00439453125 0.0302734375
0 0.641845703125 0.423828125 0.00341796875 0.013671875
5 0 0 0 0
5 0 0 0 0
5 0 0 0 0
5 0 0 0 0
5 0 0 0 0
5 0 0 0 0
5 0 0 0 0
5 0 0 0 0
5 0 0 0 0
