1 0.817626953125 0.4619140625 0.03955078125 0.208984375
1 0.171142578125 0.427734375 0.00732421875 0.03515625
1 0.14599609375 0.48291015625 0.076171875 0.3818359375
1 0.09716796875 0.4873046875 0.08984375 0.435546875
2 0.626708984375 0.47705078125 0.09326171875 0.4306640625
1 0.888427734375 0.44384765625 0.04541015625 0.2373046875
0 0.568603515625 0.40234375 0.01806640625 0.05078125
0 0.269287109375 0.41845703125 0.00732421875 0.0302734375
0 0.382568359375 0.41455078125 0.00732421875 0.0166015625
0 0.32568359375 0.40576171875 0.005859375 0.0166015625
0 0.360107421875 0.40869140625 0.00537109375 0.0126953125
0 0.31396484375 0.412109375 0.00390625 0.01953125
0 0.9794921875 0.52978515625 0.013671875 0.0498046875
