1 0.514404296875 0.3837890625 0.00341796875 0.01953125
1 0.507568359375 0.38232421875 0.00439453125 0.0244140625
1 0.490966796875 0.3798828125 0.00341796875 0.013671875
1 0.49609375 0.3896484375 0.0048828125 0.03125
1 0.420166015625 0.38720703125 0.00634765625 0.0380859375
1 0.4033203125 0.37744140625 0.005859375 0.0185546875
1 0.408203125 0.38671875 0.0087890625 0.0390625
1 0.312255859375 0.37548828125 0.00634765625 0.0322265625
1 0.336181640625 0.40185546875 0.00537109375 0.0576171875
1 0.337646484375 0.400390625 0.00927734375 0.068359375
1 0.317626953125 0.4033203125 0.01318359375 0.0703125
1 0.306640625 0.39794921875 0.0126953125 0.0751953125
1 0.236328125 0.3427734375 0.0146484375 0.033203125
1 0.276611328125 0.3955078125 0.01904296875 0.091796875
1 0.23681640625 0.37353515625 0.0107421875 0.0615234375
3 0.185302734375 0.36181640625 0.00927734375 0.0361328125
1 0.212158203125 0.44287109375 0.02880859375 0.1728515625
1 0.22607421875 0.439453125 0.03515625 0.189453125
1 0.19580078125 0.44384765625 0.0234375 0.1826171875
1 0.06640625 0.44091796875 0.05859375 0.2861328125
1 0.107177734375 0.44970703125 0.03076171875 0.2236328125
3 0.1552734375 0.37890625 0.009765625 0.033203125
1 0.173828125 0.5 0.072265625 0.39453125
1 0.13623046875 0.52392578125 0.0771484375 0.3740234375
3 0.013427734375 0.34228515625 0.02099609375 0.0830078125
3 0.011474609375 0.43115234375 0.01708984375 0.1083984375
1 0.5634765625 0.3935546875 0.0078125 0.041015625
1 0.558837890625 0.39306640625 0.00830078125 0.0439453125
1 0.673828125 0.37646484375 0.0068359375 0.0341796875
1 0.787109375 0.38232421875 0.01953125 0.0615234375
1 0.954345703125 0.38427734375 0.01025390625 0.0810546875
1 0.972900390625 0.3779296875 0.02783203125 0.10546875
1 0.827392578125 0.49609375 0.07666015625 0.37109375
1 0.74169921875 0.50439453125 0.1083984375 0.5400390625
1 0.64013671875 0.51806640625 0.0947265625 0.4892578125
1 0.5400390625 0.4462890625 0.0302734375 0.185546875
1 0.394287109375 0.521484375 0.07861328125 0.37890625
1 0.44091796875 0.50439453125 0.0751953125 0.4384765625
1 0.38134765625 0.5283203125 0.09765625 0.51171875
1 0.46923828125 0.53955078125 0.0908203125 0.4638671875
1 0.254638671875 0.4482421875 0.02880859375 0.1796875
0 0.8779296875 0.15087890625 0.03515625 0.0322265625
0 0.925537109375 0.1455078125 0.03271484375 0.041015625
0 0.926025390625 0.298828125 0.03662109375 0.07421875
0 0.924072265625 0.43115234375 0.02978515625 0.0986328125
0 0.267333984375 0.09423828125 0.02880859375 0.1884765625
5 0 0 0 0
5 0 0 0 0
