1 0.39453125 0.396484375 0.0078125 0.017578125
1 0.166748046875 0.4169921875 0.00439453125 0.103515625
1 0.18505859375 0.41748046875 0.0107421875 0.1220703125
1 0.17431640625 0.423828125 0.025390625 0.14453125
1 0.198974609375 0.42626953125 0.02587890625 0.1435546875
1 0.221923828125 0.42822265625 0.02880859375 0.1396484375
0 0.060546875 0.4306640625 0.0283203125 0.158203125
0 0.617431640625 0.32177734375 0.00732421875 0.0263671875
0 0.53564453125 0.40283203125 0.0078125 0.0283203125
0 0.423095703125 0.396484375 0.00341796875 0.009765625
0 0.50927734375 0.40478515625 0.005859375 0.0283203125
