1 0.449462890625 0.2880859375 0.00830078125 0.041015625
4 0.468017578125 0.263671875 0.01025390625 0.01953125
1 0.519287109375 0.28662109375 0.00927734375 0.0517578125
1 0.611328125 0.29052734375 0.009765625 0.0478515625
1 0.6201171875 0.28662109375 0.0107421875 0.0517578125
1 0.315673828125 0.31005859375 0.02001953125 0.0732421875
1 0.240966796875 0.37744140625 0.02880859375 0.2001953125
1 0.219970703125 0.3916015625 0.03662109375 0.1875
1 0.14013671875 0.41552734375 0.0458984375 0.2236328125
4 0.360595703125 0.3369140625 0.02001953125 0.107421875
2 0.649658203125 0.32861328125 0.02001953125 0.0615234375
0 0.456787109375 0.2587890625 0.00439453125 0.01171875
0 0.593505859375 0.2607421875 0.00439453125 0.0234375
5 0 0 0 0
5 0 0 0 0
5 0 0 0 0
5 0 0 0 0
5 0 0 0 0
