1 0.08154296875 0.40185546875 0.0107421875 0.0537109375
1 0.134521484375 0.40185546875 0.01025390625 0.0400390625
1 0.51318359375 0.42822265625 0.0166015625 0.0810546875
1 0.45166015625 0.41650390625 0.01171875 0.0498046875
1 0.30029296875 0.5185546875 0.08984375 0.435546875
1 0.90966796875 0.4404296875 0.0166015625 0.080078125
2 0.469482421875 0.42529296875 0.01416015625 0.0673828125
0 0.736083984375 0.3671875 0.00439453125 0.01171875
0 0.91845703125 0.330078125 0.00390625 0.01171875
0 0.92431640625 0.35498046875 0.00390625 0.0087890625
0 0.496337890625 0.37548828125 0.00244140625 0.0087890625
0 0.019287109375 0.3935546875 0.00634765625 0.060546875
0 0.54736328125 0.4130859375 0.0048828125 0.01171875
0 0.769775390625 0.4091796875 0.01220703125 0.025390625
0 0.81298828125 0.3330078125 0.0048828125 0.01171875
