1 0.4501953125 0.40625 0.005859375 0.037109375
3 0.438720703125 0.4111328125 0.00830078125 0.0234375
1 0.4306640625 0.41845703125 0.009765625 0.0478515625
1 0.4814453125 0.43310546875 0.0087890625 0.0400390625
1 0.501708984375 0.4248046875 0.00537109375 0.0390625
1 0.49609375 0.435546875 0.0126953125 0.06640625
1 0.470947265625 0.43701171875 0.01025390625 0.0634765625
1 0.097900390625 0.4873046875 0.06494140625 0.294921875
4 0.363525390625 0.4033203125 0.01123046875 0.021484375
1 0.35595703125 0.4091796875 0.0078125 0.013671875
1 0.52197265625 0.431640625 0.013671875 0.06640625
1 0.599853515625 0.47509765625 0.02099609375 0.1865234375
1 0.618408203125 0.48388671875 0.02880859375 0.1943359375
1 0.580078125 0.47265625 0.0302734375 0.197265625
0 0.088623046875 0.20458984375 0.00537109375 0.0283203125
0 0.081787109375 0.19140625 0.00537109375 0.048828125
