1 0.33935546875 0.41357421875 0.0126953125 0.0166015625
1 0.3720703125 0.44970703125 0.0126953125 0.0830078125
1 0.306640625 0.45458984375 0.0126953125 0.0791015625
1 0.2392578125 0.42431640625 0.0166015625 0.0517578125
1 0.687255859375 0.43505859375 0.00830078125 0.0458984375
1 0.671142578125 0.44580078125 0.02587890625 0.1396484375
1 0.623291015625 0.4443359375 0.03271484375 0.158203125
2 0.57275390625 0.431640625 0.01171875 0.056640625
0 0.466552734375 0.43017578125 0.00537109375 0.0107421875
5 0 0 0 0
