1 0.731689453125 0.373046875 0.00830078125 0.017578125
1 0.7578125 0.39306640625 0.0048828125 0.0419921875
1 0.75390625 0.38916015625 0.009765625 0.0576171875
1 0.7724609375 0.390625 0.0078125 0.046875
1 0.765380859375 0.39208984375 0.00830078125 0.0419921875
1 0.802001953125 0.38525390625 0.00732421875 0.0498046875
1 0.80859375 0.3876953125 0.009765625 0.052734375
4 0.826416015625 0.38134765625 0.01318359375 0.0576171875
1 0.8173828125 0.38623046875 0.01171875 0.0576171875
1 0.330810546875 0.43994140625 0.04052734375 0.2490234375
1 0.2958984375 0.44873046875 0.0517578125 0.2509765625
1 0.271484375 0.45263671875 0.05078125 0.2568359375
1 0.860107421875 0.39111328125 0.00927734375 0.0615234375
1 0.849609375 0.38720703125 0.0126953125 0.0634765625
1 0.888427734375 0.40234375 0.01611328125 0.078125
1 0.8701171875 0.39892578125 0.01171875 0.0810546875
0 0.206787109375 0.3212890625 0.00732421875 0.056640625
0 0.2197265625 0.37451171875 0.00390625 0.0634765625
0 0.2421875 0.35400390625 0.00390625 0.0927734375
