1 0.48291015625 0.39404296875 0.0302734375 0.1630859375
1 0.46533203125 0.38330078125 0.01953125 0.1845703125
1 0.53759765625 0.38818359375 0.0263671875 0.1279296875
1 0.932861328125 0.4833984375 0.02783203125 0.138671875
1 0.114501953125 0.4326171875 0.02880859375 0.1484375
1 0.0087890625 0.41845703125 0.0107421875 0.1181640625
1 0.19189453125 0.47802734375 0.0244140625 0.2666015625
1 0.216796875 0.46826171875 0.0654296875 0.3212890625
2 0.8056640625 0.4609375 0.0380859375 0.197265625
0 0.958984375 0.48828125 0.0166015625 0.1171875
0 0.910888671875 0.4580078125 0.01611328125 0.064453125
0 0.333251953125 0.40869140625 0.02001953125 0.1064453125
0 0.1767578125 0.37890625 0.0146484375 0.08203125
