1 0.14208984375 0.42626953125 0.03515625 0.1708984375
1 0.1279296875 0.42529296875 0.0263671875 0.1923828125
1 0.096435546875 0.48828125 0.07861328125 0.384765625
1 0.225830078125 0.35546875 0.01904296875 0.056640625
1 0.20263671875 0.365234375 0.056640625 0.18359375
1 0.25146484375 0.48681640625 0.07421875 0.3623046875
1 0.73681640625 0.3974609375 0.0087890625 0.046875
1 0.643310546875 0.42822265625 0.02294921875 0.1220703125
0 0.697998046875 0.34521484375 0.02978515625 0.0810546875
0 0.688232421875 0.4794921875 0.01318359375 0.029296875
0 0.639892578125 0.3115234375 0.00244140625 0.01171875
0 0.64501953125 0.31494140625 0.001953125 0.0068359375
