1 0.320556640625 0.47998046875 0.02490234375 0.1220703125
1 0.380859375 0.4619140625 0.044921875 0.267578125
1 0.58447265625 0.46923828125 0.0224609375 0.1142578125
1 0.5498046875 0.47314453125 0.05078125 0.2470703125
2 0.134033203125 0.423828125 0.03173828125 0.095703125
2 0.149169921875 0.443359375 0.03857421875 0.1875
0 0.060302734375 0.373046875 0.00732421875 0.017578125
0 0.2783203125 0.50048828125 0.021484375 0.0498046875
0 0.248779296875 0.484375 0.01513671875 0.033203125
0 0.4482421875 0.431640625 0.015625 0.025390625
0 0.5 0.43505859375 0.013671875 0.0224609375
