1 0.72216796875 0.4638671875 0.04296875 0.240234375
1 0.485107421875 0.44873046875 0.00830078125 0.0439453125
1 0.474365234375 0.45263671875 0.00927734375 0.0439453125
1 0.43896484375 0.44970703125 0.0126953125 0.0634765625
1 0.393798828125 0.4453125 0.01416015625 0.083984375
1 0.21337890625 0.47802734375 0.021484375 0.1044921875
1 0.041015625 0.47509765625 0.02734375 0.1435546875
2 0.388916015625 0.4619140625 0.01806640625 0.0859375
0 0.515625 0.4404296875 0.00390625 0.0078125
0 0.562255859375 0.40771484375 0.00146484375 0.0068359375
0 0.4951171875 0.43798828125 0.0048828125 0.0185546875
