3 0.494140625 0.35302734375 0.005859375 0.0146484375
3 0.50390625 0.36181640625 0.0107421875 0.0361328125
1 0.537353515625 0.380859375 0.01513671875 0.08984375
1 0.5478515625 0.4091796875 0.0224609375 0.12109375
3 0.411376953125 0.349609375 0.00537109375 0.02734375
3 0.41845703125 0.35107421875 0.0087890625 0.0302734375
3 0.4267578125 0.3564453125 0.0078125 0.025390625
3 0.433837890625 0.353515625 0.00732421875 0.025390625
3 0.442626953125 0.35009765625 0.00634765625 0.0205078125
3 0.4482421875 0.3515625 0.0068359375 0.017578125
3 0.396728515625 0.365234375 0.00927734375 0.046875
3 0.372314453125 0.349609375 0.00927734375 0.029296875
3 0.374755859375 0.359375 0.01220703125 0.029296875
1 0.3505859375 0.40234375 0.02734375 0.14453125
1 0.3408203125 0.40234375 0.0126953125 0.1484375
1 0.386962890625 0.40625 0.02001953125 0.138671875
1 0.40771484375 0.41357421875 0.025390625 0.1279296875
1 0.515625 0.4072265625 0.0234375 0.130859375
1 0.453125 0.42626953125 0.0283203125 0.1552734375
1 0.652587890625 0.41943359375 0.03564453125 0.2158203125
1 0.6240234375 0.4345703125 0.0400390625 0.193359375
1 0.769775390625 0.46484375 0.06396484375 0.330078125
1 0.951416015625 0.46044921875 0.08447265625 0.4677734375
0 0.123291015625 0.36474609375 0.02099609375 0.0732421875
0 0.350341796875 0.28564453125 0.00439453125 0.0185546875
