1 0.80859375 0.47412109375 0.037109375 0.3134765625
1 0.14111328125 0.46533203125 0.0224609375 0.0810546875
1 0.129150390625 0.47412109375 0.02880859375 0.0830078125
1 0.345458984375 0.47216796875 0.02490234375 0.2041015625
1 0.216796875 0.49072265625 0.03515625 0.2138671875
1 0.07421875 0.49658203125 0.0439453125 0.2255859375
1 0.431640625 0.4755859375 0.03125 0.15234375
1 0.453369140625 0.48291015625 0.02978515625 0.1435546875
1 0.668212890625 0.4716796875 0.02099609375 0.123046875
1 0.681884765625 0.462890625 0.02587890625 0.15625
1 0.7529296875 0.607421875 0.03515625 0.10546875
1 0.737060546875 0.49365234375 0.07666015625 0.3720703125
1 0.80126953125 0.490234375 0.0947265625 0.462890625
1 0.57177734375 0.4638671875 0.052734375 0.3671875
1 0.5546875 0.50146484375 0.072265625 0.3505859375
0 0.61328125 0.4208984375 0.017578125 0.037109375
0 0.18212890625 0.3232421875 0.005859375 0.01953125
0 0.259033203125 0.40966796875 0.00439453125 0.0322265625
