1 0.73486328125 0.41552734375 0.0048828125 0.0380859375
1 0.718017578125 0.41162109375 0.01025390625 0.0517578125
1 0.748291015625 0.408203125 0.00927734375 0.05078125
1 0.78662109375 0.39599609375 0.0078125 0.0302734375
1 0.79248046875 0.396484375 0.009765625 0.025390625
1 0.774169921875 0.4091796875 0.01123046875 0.048828125
1 0.762939453125 0.41552734375 0.01416015625 0.0634765625
1 0.647705078125 0.46142578125 0.03076171875 0.1513671875
0 0.240966796875 0.41748046875 0.00341796875 0.0576171875
0 0.58740234375 0.4228515625 0.0078125 0.02734375
