1 0.495361328125 0.390625 0.00537109375 0.025390625
1 0.5244140625 0.39453125 0.005859375 0.02734375
1 0.518310546875 0.39892578125 0.00634765625 0.0302734375
1 0.535400390625 0.3994140625 0.00634765625 0.033203125
1 0.541015625 0.40185546875 0.0078125 0.0439453125
1 0.54736328125 0.412109375 0.0078125 0.041015625
1 0.5625 0.41064453125 0.0068359375 0.0498046875
1 0.556640625 0.4140625 0.0107421875 0.05078125
1 0.570068359375 0.412109375 0.00927734375 0.052734375
1 0.5810546875 0.40625 0.0107421875 0.052734375
1 0.5859375 0.42138671875 0.0146484375 0.0732421875
1 0.60107421875 0.4208984375 0.013671875 0.07421875
1 0.615478515625 0.4140625 0.01318359375 0.07421875
1 0.6279296875 0.41064453125 0.0146484375 0.0771484375
1 0.6826171875 0.4169921875 0.01953125 0.09765625
1 0.666748046875 0.42724609375 0.01611328125 0.0830078125
1 0.8427734375 0.43017578125 0.0224609375 0.1611328125
1 0.82861328125 0.46240234375 0.0283203125 0.1318359375
1 0.818359375 0.42529296875 0.0380859375 0.2177734375
1 0.78662109375 0.509765625 0.01953125 0.041015625
1 0.783203125 0.42724609375 0.041015625 0.2236328125
3 0.86572265625 0.46923828125 0.041015625 0.1044921875
1 0.898681640625 0.42333984375 0.03173828125 0.2119140625
1 0.308837890625 0.41162109375 0.00927734375 0.0673828125
1 0.3193359375 0.41162109375 0.0126953125 0.0693359375
1 0.369384765625 0.3974609375 0.00732421875 0.02734375
1 0.251953125 0.37255859375 0.0068359375 0.0166015625
1 0.016845703125 0.41650390625 0.02685546875 0.1865234375
2 0.72900390625 0.4423828125 0.041015625 0.185546875
0 0.401123046875 0.3837890625 0.00537109375 0.013671875
