1 0.294677734375 0.4267578125 0.01513671875 0.05859375
1 0.706787109375 0.3916015625 0.00244140625 0.015625
1 0.715576171875 0.39794921875 0.00537109375 0.0205078125
1 0.74951171875 0.4150390625 0.009765625 0.052734375
1 0.740966796875 0.41845703125 0.01025390625 0.0498046875
1 0.811279296875 0.416015625 0.00927734375 0.076171875
1 0.79833984375 0.42236328125 0.0107421875 0.0869140625
1 0.778076171875 0.431640625 0.01611328125 0.0859375
1 0.805908203125 0.431640625 0.01708984375 0.1015625
1 0.850341796875 0.43359375 0.02587890625 0.14453125
1 0.8837890625 0.4248046875 0.0078125 0.09765625
3 0.991943359375 0.42041015625 0.01123046875 0.0478515625
3 0.972900390625 0.45556640625 0.04931640625 0.1201171875
1 0.9521484375 0.4287109375 0.0400390625 0.197265625
1 0.8955078125 0.4404296875 0.037109375 0.181640625
2 0.398193359375 0.4638671875 0.04150390625 0.19921875
0 0.037353515625 0.318359375 0.01416015625 0.048828125
0 0.014404296875 0.4208984375 0.01025390625 0.01953125
0 0.349365234375 0.4091796875 0.01708984375 0.052734375
0 0.683349609375 0.38916015625 0.00341796875 0.0126953125
