1 0.515380859375 0.35595703125 0.00830078125 0.0322265625
1 0.540771484375 0.3505859375 0.00341796875 0.009765625
1 0.548095703125 0.3662109375 0.00439453125 0.044921875
1 0.5546875 0.3662109375 0.0068359375 0.04296875
1 0.544189453125 0.3740234375 0.00830078125 0.060546875
1 0.527099609375 0.39404296875 0.02294921875 0.1103515625
1 0.5185546875 0.3974609375 0.0224609375 0.109375
1 0.387451171875 0.38232421875 0.01708984375 0.0927734375
1 0.405029296875 0.39599609375 0.02099609375 0.1005859375
1 0.21533203125 0.47900390625 0.046875 0.3369140625
1 0.251953125 0.46240234375 0.0712890625 0.4111328125
1 0.578125 0.35546875 0.0068359375 0.025390625
1 0.572021484375 0.37451171875 0.00830078125 0.0556640625
1 0.5771484375 0.3720703125 0.0078125 0.03515625
1 0.603271484375 0.37109375 0.00732421875 0.064453125
1 0.60986328125 0.3740234375 0.0107421875 0.05859375
1 0.590576171875 0.3779296875 0.00927734375 0.0546875
1 0.597900390625 0.3740234375 0.00927734375 0.0625
1 0.636474609375 0.35400390625 0.00830078125 0.0341796875
1 0.709716796875 0.37255859375 0.01416015625 0.0341796875
1 0.902587890625 0.45068359375 0.06005859375 0.2919921875
2 0.533935546875 0.37255859375 0.01416015625 0.0693359375
0 0.659912109375 0.38037109375 0.00830078125 0.0634765625
0 0.645263671875 0.30419921875 0.00439453125 0.0087890625
0 0.63623046875 0.29736328125 0.0048828125 0.0244140625
0 0.380859375 0.2451171875 0.0048828125 0.01953125
0 0.390869140625 0.2509765625 0.00439453125 0.009765625
0 0.39404296875 0.32080078125 0.001953125 0.0205078125
0 0.5537109375 0.45166015625 0.044921875 0.0087890625
0 0.434326171875 0.43017578125 0.04248046875 0.0068359375
