1 0.67919921875 0.4208984375 0.0283203125 0.09375
1 0.165771484375 0.3837890625 0.02783203125 0.119140625
3 0.16748046875 0.46875 0.0234375 0.14453125
1 0.10693359375 0.4482421875 0.041015625 0.2265625
1 0.11474609375 0.443359375 0.048828125 0.23828125
1 0.740478515625 0.3623046875 0.03955078125 0.0625
1 0.7939453125 0.37109375 0.02734375 0.048828125
1 0.7861328125 0.375 0.0185546875 0.0390625
1 0.8564453125 0.38671875 0.0302734375 0.08984375
1 0.92333984375 0.46728515625 0.0478515625 0.2861328125
1 0.43017578125 0.44287109375 0.029296875 0.1416015625
0 0.900390625 0.380859375 0.01953125 0.048828125
0 0.673095703125 0.513671875 0.00830078125 0.033203125
0 0.54931640625 0.3994140625 0.0048828125 0.013671875
0 0.468017578125 0.22705078125 0.01513671875 0.0380859375
0 0.296875 0.46044921875 0.0087890625 0.0517578125
0 0.291748046875 0.3359375 0.01220703125 0.03515625
