1 0.51611328125 0.416015625 0.017578125 0.103515625
1 0.539794921875 0.40771484375 0.01708984375 0.1005859375
1 0.23876953125 0.4423828125 0.0224609375 0.251953125
1 0.256591796875 0.4482421875 0.04931640625 0.255859375
1 0.5615234375 0.40478515625 0.01171875 0.0615234375
1 0.57275390625 0.404296875 0.01171875 0.060546875
1 0.5927734375 0.3828125 0.0078125 0.02734375
1 0.581298828125 0.40966796875 0.01025390625 0.0830078125
1 0.58935546875 0.4130859375 0.009765625 0.07421875
1 0.619384765625 0.38232421875 0.01123046875 0.0458984375
1 0.642822265625 0.4033203125 0.00732421875 0.08203125
1 0.648193359375 0.4091796875 0.01220703125 0.08984375
1 0.628662109375 0.4677734375 0.04931640625 0.248046875
1 0.60693359375 0.4658203125 0.0595703125 0.291015625
1 0.751220703125 0.41552734375 0.02978515625 0.1533203125
1 0.843017578125 0.44384765625 0.03857421875 0.1865234375
2 0.463134765625 0.421875 0.04931640625 0.240234375
0 0.77490234375 0.2666015625 0.0087890625 0.0234375
0 0.757080078125 0.25830078125 0.01123046875 0.0439453125
0 0.507080078125 0.404296875 0.00537109375 0.052734375
0 0.20361328125 0.02978515625 0.0107421875 0.0302734375
0 0.28955078125 0.29150390625 0.005859375 0.0498046875
0 0.00634765625 0.40185546875 0.0107421875 0.1162109375
0 0.17578125 0.025390625 0.0166015625 0.04296875
