4 0.8583984375 0.35498046875 0.0146484375 0.0263671875
1 0.520263671875 0.4365234375 0.01220703125 0.05859375
1 0.53564453125 0.4296875 0.0126953125 0.072265625
1 0.701416015625 0.43896484375 0.02490234375 0.1279296875
1 0.7353515625 0.4365234375 0.025390625 0.125
1 0.57568359375 0.42431640625 0.0087890625 0.0439453125
1 0.586181640625 0.42138671875 0.00830078125 0.0458984375
1 0.6650390625 0.42578125 0.009765625 0.03125
1 0.673583984375 0.44775390625 0.02294921875 0.1123046875
1 0.367431640625 0.4345703125 0.01220703125 0.0625
0 0.63623046875 0.341796875 0.0048828125 0.013671875
0 0.591064453125 0.37744140625 0.00341796875 0.0087890625
