1 0.432373046875 0.40673828125 0.00927734375 0.0361328125
1 0.422607421875 0.4208984375 0.01025390625 0.056640625
1 0.66162109375 0.439453125 0.0146484375 0.0703125
3 0.77587890625 0.45751953125 0.0087890625 0.0302734375
3 0.782958984375 0.45654296875 0.00732421875 0.0283203125
3 0.773193359375 0.49755859375 0.02685546875 0.0576171875
3 0.783203125 0.5029296875 0.005859375 0.044921875
1 0.797607421875 0.51513671875 0.01220703125 0.0244140625
3 0.822265625 0.48291015625 0.0283203125 0.1025390625
5 0 0 0 0
