1 0.62255859375 0.40380859375 0.0048828125 0.0634765625
1 0.61962890625 0.408203125 0.0087890625 0.068359375
1 0.804443359375 0.439453125 0.05419921875 0.263671875
1 0.404052734375 0.3994140625 0.00927734375 0.048828125
1 0.01953125 0.33642578125 0.01171875 0.0283203125
0 0.910888671875 0.33544921875 0.01611328125 0.0517578125
0 0.79150390625 0.33740234375 0.0068359375 0.0322265625
0 0.651123046875 0.39697265625 0.00341796875 0.0244140625
0 0.64501953125 0.39208984375 0.0068359375 0.0146484375
0 0.100341796875 0.3974609375 0.01708984375 0.037109375
