1 0.07666015625 0.31689453125 0.0078125 0.0146484375
1 0.018310546875 0.31494140625 0.00732421875 0.0146484375
1 0.37109375 0.423828125 0.01171875 0.0546875
1 0.07861328125 0.412109375 0.03125 0.158203125
2 0.683837890625 0.42041015625 0.03466796875 0.1630859375
0 0.51806640625 0.3251953125 0.001953125 0.005859375
0 0.46728515625 0.32568359375 0.001953125 0.0048828125
0 0.44775390625 0.41259765625 0.0078125 0.0166015625
0 0.57958984375 0.0771484375 0.0078125 0.025390625
0 0.40185546875 0.12548828125 0.0078125 0.0244140625
