1 0.5390625 0.45166015625 0.0029296875 0.0146484375
1 0.72216796875 0.447265625 0.013671875 0.076171875
1 0.68896484375 0.4482421875 0.0166015625 0.080078125
1 0.858154296875 0.44580078125 0.01904296875 0.0927734375
1 0.992919921875 0.44287109375 0.01025390625 0.1103515625
2 0.49609375 0.44287109375 0.0146484375 0.0673828125
2 0.55712890625 0.44287109375 0.0166015625 0.0810546875
2 0.578857421875 0.44677734375 0.01513671875 0.0732421875
2 0.469482421875 0.439453125 0.01513671875 0.072265625
0 0.956787109375 0.36279296875 0.01611328125 0.0732421875
0 0.915771484375 0.326171875 0.00341796875 0.01171875
0 0.8359375 0.404296875 0.0166015625 0.04296875
