1 0.0283203125 0.44140625 0.0126953125 0.025390625
1 0.0546875 0.43994140625 0.0048828125 0.0205078125
1 0.322509765625 0.4736328125 0.01806640625 0.107421875
1 0.44384765625 0.43896484375 0.013671875 0.0537109375
4 0.645263671875 0.412109375 0.01220703125 0.015625
1 0.654052734375 0.46142578125 0.01708984375 0.0810546875
1 0.66259765625 0.458984375 0.015625 0.08984375
1 0.818603515625 0.46826171875 0.02685546875 0.1279296875
1 0.856689453125 0.462890625 0.02685546875 0.130859375
1 0.889404296875 0.4765625 0.02880859375 0.138671875
1 0.63525390625 0.50244140625 0.0771484375 0.3759765625
