1 0.438720703125 0.4765625 0.02490234375 0.130859375
1 0.720458984375 0.49267578125 0.01708984375 0.1083984375
1 0.67333984375 0.48388671875 0.05859375 0.2861328125
1 0.583740234375 0.49462890625 0.05419921875 0.2666015625
2 0.48291015625 0.45654296875 0.0693359375 0.3076171875
0 0.889892578125 0.45703125 0.01806640625 0.03515625
0 0.5751953125 0.34033203125 0.0068359375 0.0185546875
0 0.443603515625 0.2705078125 0.00537109375 0.009765625
0 0.6728515625 0.97900390625 0.0322265625 0.0400390625
0 0.57275390625 0.98876953125 0.0263671875 0.0166015625
0 0.462890625 0.98291015625 0.0185546875 0.0322265625
