1 0.589599609375 0.39892578125 0.00634765625 0.0341796875
1 0.30908203125 0.41650390625 0.00390625 0.0224609375
1 0.31787109375 0.42236328125 0.0078125 0.0400390625
1 0.40576171875 0.41162109375 0.0087890625 0.0341796875
1 0.374267578125 0.42041015625 0.00537109375 0.0458984375
1 0.380859375 0.42822265625 0.01171875 0.0693359375
1 0.277587890625 0.44775390625 0.02099609375 0.1181640625
1 0.1494140625 0.43212890625 0.015625 0.0966796875
1 0.175048828125 0.45703125 0.02880859375 0.173828125
1 0.16064453125 0.46875 0.03125 0.154296875
1 0.127685546875 0.4619140625 0.02880859375 0.224609375
1 0.038818359375 0.47216796875 0.03369140625 0.2255859375
1 0.0166015625 0.5 0.0263671875 0.201171875
1 0.05908203125 0.48193359375 0.0537109375 0.2607421875
2 0.505859375 0.40380859375 0.0068359375 0.0185546875
0 0.85498046875 0.10888671875 0.0283203125 0.0576171875
