1 0.47509765625 0.47021484375 0.033203125 0.1669921875
1 0.50146484375 0.47607421875 0.01953125 0.1669921875
1 0.51904296875 0.47705078125 0.033203125 0.1728515625
1 0.55810546875 0.48095703125 0.0224609375 0.1611328125
1 0.5849609375 0.4833984375 0.037109375 0.244140625
3 0.60693359375 0.51171875 0.0087890625 0.04296875
1 0.59375 0.47607421875 0.0556640625 0.2705078125
1 0.645263671875 0.4736328125 0.02490234375 0.12109375
1 0.6220703125 0.49072265625 0.025390625 0.1416015625
0 0.966064453125 0.5146484375 0.06787109375 0.28515625
0 0.886474609375 0.5126953125 0.04833984375 0.173828125
0 0.860107421875 0.458984375 0.01123046875 0.037109375
0 0.849365234375 0.509765625 0.02880859375 0.10546875
0 0.81640625 0.5068359375 0.025390625 0.16796875
0 0.015869140625 0.35888671875 0.02978515625 0.1044921875
0 0.3115234375 0.38037109375 0.013671875 0.1025390625
0 0.5419921875 0.44384765625 0.0078125 0.0205078125
0 0.503173828125 0.982421875 0.06787109375 0.033203125
0 0.605712890625 0.9755859375 0.10107421875 0.046875
