1 0.056640625 0.52197265625 0.0517578125 0.3662109375
1 0.02587890625 0.533203125 0.044921875 0.376953125
1 0.461181640625 0.4580078125 0.00927734375 0.05078125
1 0.68701171875 0.4794921875 0.0087890625 0.056640625
1 0.73974609375 0.505859375 0.021484375 0.11328125
1 0.953125 0.4853515625 0.0341796875 0.21484375
1 0.905029296875 0.4873046875 0.04443359375 0.23046875
1 0.85693359375 0.49609375 0.03515625 0.189453125
1 0.762451171875 0.5126953125 0.03076171875 0.19140625
1 0.81982421875 0.4951171875 0.033203125 0.1953125
2 0.662109375 0.4921875 0.015625 0.07421875
5 0 0 0 0
5 0 0 0 0
5 0 0 0 0
