3 0.337646484375 0.45068359375 0.02392578125 0.0712890625
3 0.231689453125 0.45068359375 0.02490234375 0.0869140625
3 0.303466796875 0.451171875 0.02197265625 0.078125
3 0.285888671875 0.44970703125 0.03466796875 0.0810546875
1 0.66064453125 0.439453125 0.009765625 0.060546875
1 0.648681640625 0.43310546875 0.00830078125 0.0341796875
1 0.65185546875 0.44482421875 0.009765625 0.0478515625
1 0.6416015625 0.44482421875 0.0107421875 0.0537109375
1 0.631103515625 0.4423828125 0.01123046875 0.0546875
3 0.41796875 0.44287109375 0.0078125 0.0205078125
1 0.431884765625 0.43896484375 0.01513671875 0.0849609375
1 0.458984375 0.42138671875 0.0087890625 0.0419921875
1 0.453125 0.4453125 0.015625 0.0859375
1 0.48779296875 0.4404296875 0.0146484375 0.08203125
1 0.4736328125 0.439453125 0.015625 0.09375
1 0.609375 0.4560546875 0.02734375 0.138671875
3 0.72705078125 0.42919921875 0.0068359375 0.0185546875
3 0.73388671875 0.42431640625 0.0087890625 0.0166015625
3 0.70703125 0.44287109375 0.0107421875 0.0478515625
3 0.7216796875 0.4404296875 0.013671875 0.044921875
1 0.824951171875 0.45947265625 0.02197265625 0.1064453125
0 0.902587890625 0.4326171875 0.01806640625 0.033203125
0 0.882568359375 0.4482421875 0.00732421875 0.03125
0 0.847412109375 0.43310546875 0.01025390625 0.0341796875
0 0.6904296875 0.43896484375 0.0087890625 0.0283203125
0 0.8642578125 0.42431640625 0.015625 0.0224609375
0 0.885009765625 0.4228515625 0.00830078125 0.015625
5 0 0 0 0
5 0 0 0 0
5 0 0 0 0
