1 0.4072265625 0.4248046875 0.0029296875 0.015625
1 0.4111328125 0.423828125 0.0029296875 0.017578125
1 0.392822265625 0.4228515625 0.00341796875 0.015625
1 0.378173828125 0.42236328125 0.00341796875 0.0166015625
1 0.41796875 0.4208984375 0.00390625 0.017578125
1 0.43310546875 0.4248046875 0.00390625 0.0234375
1 0.4384765625 0.42236328125 0.00390625 0.0205078125
1 0.3671875 0.43115234375 0.0048828125 0.0244140625
1 0.3525390625 0.43505859375 0.009765625 0.0498046875
1 0.342529296875 0.4306640625 0.01220703125 0.05859375
1 0.171142578125 0.4501953125 0.04345703125 0.251953125
2 0.446044921875 0.43603515625 0.00732421875 0.0361328125
2 0.459716796875 0.43994140625 0.00732421875 0.0341796875
2 0.470947265625 0.43798828125 0.01220703125 0.0615234375
2 0.499267578125 0.44482421875 0.01123046875 0.0537109375
2 0.88525390625 0.4912109375 0.0654296875 0.318359375
