3 0.3388671875 0.4033203125 0.013671875 0.037109375
1 0.363037109375 0.45458984375 0.04541015625 0.2373046875
1 0.406982421875 0.439453125 0.04052734375 0.279296875
1 0.575439453125 0.43115234375 0.01123046875 0.0693359375
1 0.6982421875 0.46240234375 0.0322265625 0.1728515625
1 0.728271484375 0.45654296875 0.03076171875 0.1845703125
0 0.794189453125 0.43310546875 0.03271484375 0.1318359375
0 0.830078125 0.44482421875 0.029296875 0.1201171875
0 0.764404296875 0.45458984375 0.00830078125 0.1748046875
0 0.630126953125 0.42919921875 0.00537109375 0.0302734375
0 0.591552734375 0.41552734375 0.00244140625 0.0146484375
5 0 0 0 0
5 0 0 0 0
5 0 0 0 0
5 0 0 0 0
5 0 0 0 0
5 0 0 0 0
