1 0.0947265625 0.4326171875 0.025390625 0.123046875
1 0.176513671875 0.43017578125 0.01220703125 0.0791015625
1 0.2216796875 0.4072265625 0.0048828125 0.025390625
1 0.211669921875 0.4345703125 0.01123046875 0.083984375
1 0.35205078125 0.41943359375 0.005859375 0.0458984375
1 0.369384765625 0.42529296875 0.00927734375 0.0439453125
1 0.39208984375 0.42333984375 0.0087890625 0.0419921875
1 0.4716796875 0.41455078125 0.005859375 0.0361328125
1 0.46533203125 0.4150390625 0.00390625 0.033203125
1 0.51708984375 0.41650390625 0.0068359375 0.0439453125
1 0.572998046875 0.412109375 0.01025390625 0.060546875
1 0.55419921875 0.42236328125 0.0126953125 0.0947265625
1 0.564208984375 0.42236328125 0.01025390625 0.0908203125
1 0.97705078125 0.421875 0.0146484375 0.111328125
1 0.958984375 0.41943359375 0.015625 0.1162109375
1 0.99169921875 0.4189453125 0.0126953125 0.1171875
1 0.82470703125 0.4150390625 0.015625 0.103515625
1 0.828857421875 0.42041015625 0.02001953125 0.0966796875
1 0.814697265625 0.41455078125 0.02099609375 0.1142578125
1 0.78662109375 0.4208984375 0.021484375 0.1015625
1 0.707275390625 0.41748046875 0.00927734375 0.0849609375
1 0.715576171875 0.4140625 0.02001953125 0.095703125
1 0.633056640625 0.38037109375 0.00634765625 0.0166015625
1 0.68212890625 0.39892578125 0.005859375 0.0439453125
1 0.686767578125 0.41650390625 0.01318359375 0.0830078125
1 0.6943359375 0.41552734375 0.015625 0.0927734375
1 0.659912109375 0.41650390625 0.01318359375 0.0888671875
1 0.668212890625 0.4169921875 0.02001953125 0.095703125
1 0.614501953125 0.41943359375 0.01416015625 0.0888671875
1 0.626220703125 0.41748046875 0.01416015625 0.0908203125
1 0.635986328125 0.40234375 0.01220703125 0.046875
1 0.598876953125 0.42041015625 0.01611328125 0.0927734375
1 0.616943359375 0.43994140625 0.00927734375 0.0302734375
0 0.95947265625 0.12841796875 0.005859375 0.0126953125
0 0.275634765625 0.43017578125 0.01318359375 0.0869140625
0 0.333740234375 0.39599609375 0.00830078125 0.0166015625
0 0.408447265625 0.4091796875 0.00244140625 0.009765625
0 0.493896484375 0.3984375 0.00244140625 0.01953125
0 0.479736328125 0.4072265625 0.00439453125 0.033203125
5 0 0 0 0
5 0 0 0 0
5 0 0 0 0
5 0 0 0 0
5 0 0 0 0
