1 0.12255859375 0.4248046875 0.0380859375 0.185546875
1 0.162841796875 0.42041015625 0.03662109375 0.1787109375
1 0.390380859375 0.41064453125 0.02978515625 0.1845703125
1 0.373779296875 0.39892578125 0.04736328125 0.2294921875
1 0.473388671875 0.37548828125 0.02392578125 0.1494140625
1 0.426025390625 0.38330078125 0.02490234375 0.1279296875
1 0.517578125 0.36767578125 0.0244140625 0.1552734375
1 0.546142578125 0.40576171875 0.04248046875 0.2080078125
1 0.676025390625 0.3984375 0.03955078125 0.193359375
1 0.69091796875 0.39208984375 0.0458984375 0.2236328125
1 0.66357421875 0.400390625 0.046875 0.2265625
1 0.783935546875 0.4609375 0.07275390625 0.396484375
0 0.01123046875 0.36865234375 0.01171875 0.0751953125
0 0.28466796875 0.3779296875 0.0048828125 0.009765625
5 0 0 0 0
