1 0.3525390625 0.44091796875 0.0078125 0.0458984375
1 0.34130859375 0.439453125 0.009765625 0.046875
3 0.172607421875 0.439453125 0.01806640625 0.05078125
3 0.191162109375 0.43017578125 0.01904296875 0.0322265625
1 0.388427734375 0.44287109375 0.00537109375 0.0439453125
1 0.37939453125 0.4462890625 0.0244140625 0.12109375
1 0.78076171875 0.42138671875 0.015625 0.0888671875
1 0.597900390625 0.4296875 0.00830078125 0.046875
1 0.491943359375 0.4365234375 0.01025390625 0.052734375
2 0.428466796875 0.443359375 0.00634765625 0.03125
2 0.653564453125 0.42333984375 0.00830078125 0.0419921875
0 0.47802734375 0.45556640625 0.005859375 0.0126953125
0 0.289306640625 0.41650390625 0.00830078125 0.0146484375
0 0.452392578125 0.45068359375 0.00439453125 0.0107421875
0 0.67431640625 0.42626953125 0.0068359375 0.0478515625
0 0.98974609375 0.416015625 0.0185546875 0.0546875
0 0.88525390625 0.39208984375 0.0068359375 0.0322265625
0 0.830810546875 0.39990234375 0.00732421875 0.0380859375
0 0.87548828125 0.40966796875 0.0107421875 0.0751953125
0 0.83837890625 0.43115234375 0.005859375 0.0322265625
5 0 0 0 0
