1 0.501708984375 0.388671875 0.00537109375 0.02734375
1 0.5078125 0.39306640625 0.00390625 0.0205078125
1 0.506591796875 0.4169921875 0.00830078125 0.041015625
1 0.240478515625 0.47705078125 0.05029296875 0.2822265625
1 0.765625 0.50830078125 0.068359375 0.3662109375
1 0.64599609375 0.4638671875 0.0302734375 0.333984375
1 0.630615234375 0.4599609375 0.07666015625 0.416015625
1 0.52587890625 0.41650390625 0.0146484375 0.0712890625
1 0.56298828125 0.43603515625 0.0283203125 0.1416015625
0 0.919189453125 0.41259765625 0.05029296875 0.3544921875
0 0.795166015625 0.36669921875 0.02783203125 0.1728515625
0 0.493408203125 0.37890625 0.00439453125 0.01171875
0 0.62841796875 0.1953125 0.015625 0.037109375
0 0.972412109375 0.39697265625 0.04345703125 0.1865234375
0 0.54541015625 0.41064453125 0.0068359375 0.0361328125
0 0.53759765625 0.41455078125 0.0068359375 0.0283203125
0 0.514404296875 0.41796875 0.00634765625 0.025390625
0 0.47119140625 0.3818359375 0.0078125 0.015625
