1 0.8759765625 0.49560546875 0.009765625 0.0478515625
1 0.884765625 0.4951171875 0.009765625 0.048828125
1 0.94189453125 0.4755859375 0.0087890625 0.013671875
1 0.95556640625 0.4931640625 0.0087890625 0.05078125
1 0.966796875 0.4912109375 0.0107421875 0.05078125
1 0.94970703125 0.4990234375 0.0087890625 0.046875
1 0.82275390625 0.46484375 0.005859375 0.009765625
2 0.972412109375 0.4990234375 0.01611328125 0.087890625
2 0.94091796875 0.5126953125 0.015625 0.072265625
2 0.84423828125 0.48828125 0.01953125 0.091796875
0 0.309326171875 0.24658203125 0.01904296875 0.0693359375
0 0.2236328125 0.3916015625 0.015625 0.033203125
