1 0.207275390625 0.412109375 0.02001953125 0.01953125
1 0.68505859375 0.4365234375 0.025390625 0.123046875
1 0.704345703125 0.45751953125 0.01611328125 0.0791015625
1 0.72021484375 0.46240234375 0.013671875 0.0712890625
1 0.73876953125 0.42724609375 0.0234375 0.1337890625
0 0.642578125 0.34765625 0.0380859375 0.076171875
0 0.5791015625 0.3564453125 0.03125 0.060546875
0 0.351806640625 0.36767578125 0.02099609375 0.0849609375
0 0.048583984375 0.40869140625 0.03759765625 0.0791015625
0 0.432861328125 0.39013671875 0.00634765625 0.0087890625
0 0.386962890625 0.39990234375 0.00732421875 0.0244140625
