3 0.026123046875 0.39892578125 0.02392578125 0.0712890625
3 0.1298828125 0.39404296875 0.013671875 0.0439453125
1 0.016845703125 0.46533203125 0.02685546875 0.2255859375
1 0.098876953125 0.47607421875 0.05029296875 0.2626953125
1 0.15087890625 0.47998046875 0.0556640625 0.2705078125
1 0.499267578125 0.408203125 0.01708984375 0.099609375
1 0.5224609375 0.41015625 0.0185546875 0.1015625
1 0.567138671875 0.4267578125 0.00927734375 0.05078125
1 0.58154296875 0.42626953125 0.009765625 0.0595703125
1 0.5712890625 0.41259765625 0.015625 0.0869140625
1 0.554443359375 0.4111328125 0.02099609375 0.10546875
3 0.6044921875 0.4208984375 0.0087890625 0.03125
1 0.596435546875 0.41845703125 0.01220703125 0.0771484375
1 0.479248046875 0.4013671875 0.01904296875 0.109375
0 0.846923828125 0.40087890625 0.01318359375 0.1064453125
0 0.8095703125 0.41943359375 0.0078125 0.0849609375
0 0.7265625 0.46435546875 0.0078125 0.0166015625
