1 0.013916015625 0.45361328125 0.02099609375 0.1162109375
1 0.046630859375 0.42822265625 0.03271484375 0.1591796875
1 0.473876953125 0.4267578125 0.00927734375 0.056640625
1 0.468017578125 0.4248046875 0.00927734375 0.0625
1 0.5224609375 0.41259765625 0.0048828125 0.0244140625
1 0.6005859375 0.42041015625 0.005859375 0.0419921875
1 0.61767578125 0.4189453125 0.00390625 0.048828125
1 0.62548828125 0.4326171875 0.0087890625 0.044921875
1 0.637939453125 0.423828125 0.00830078125 0.060546875
1 0.653076171875 0.42919921875 0.01123046875 0.0537109375
1 0.724609375 0.42724609375 0.0185546875 0.1279296875
1 0.74609375 0.43359375 0.03125 0.1796875
1 0.70654296875 0.431640625 0.0146484375 0.109375
1 0.681640625 0.4345703125 0.0107421875 0.103515625
1 0.672119140625 0.43017578125 0.02099609375 0.1279296875
1 0.693603515625 0.43017578125 0.02490234375 0.1240234375
1 0.8271484375 0.44580078125 0.02734375 0.1513671875
1 0.800537109375 0.44091796875 0.02978515625 0.1669921875
0 0.066162109375 0.41015625 0.00634765625 0.025390625
0 0.450927734375 0.41357421875 0.00537109375 0.0205078125
