1 0.196044921875 0.4990234375 0.06396484375 0.310546875
1 0.2646484375 0.48291015625 0.0615234375 0.3212890625
1 0.3544921875 0.361328125 0.0048828125 0.025390625
1 0.42578125 0.41845703125 0.013671875 0.0849609375
1 0.415771484375 0.42041015625 0.01416015625 0.0830078125
1 0.8974609375 0.33447265625 0.015625 0.0439453125
1 0.969970703125 0.4111328125 0.01025390625 0.138671875
2 0.35986328125 0.3818359375 0.0078125 0.03515625
2 0.922119140625 0.32470703125 0.01220703125 0.0556640625
0 0.21923828125 0.18212890625 0.009765625 0.0458984375
0 0.2373046875 0.1884765625 0.0078125 0.021484375
0 0.34033203125 0.384765625 0.0068359375 0.03515625
5 0 0 0 0
