1 0.48779296875 0.4931640625 0.0185546875 0.1015625
1 0.442138671875 0.4951171875 0.02392578125 0.1484375
1 0.465087890625 0.4990234375 0.02978515625 0.146484375
1 0.418701171875 0.4853515625 0.03662109375 0.208984375
1 0.532958984375 0.4951171875 0.02099609375 0.103515625
1 0.825927734375 0.51416015625 0.04931640625 0.2412109375
0 0.5869140625 0.4833984375 0.009765625 0.064453125
0 0.352783203125 0.4775390625 0.00830078125 0.091796875
0 0.611328125 0.48681640625 0.0078125 0.0224609375
0 0.546875 0.47900390625 0.0029296875 0.0517578125
