1 0.4326171875 0.4462890625 0.01171875 0.10546875
1 0.406005859375 0.44189453125 0.01318359375 0.1103515625
4 0.343017578125 0.46435546875 0.00927734375 0.0732421875
1 0.387939453125 0.4365234375 0.01318359375 0.115234375
1 0.421875 0.43994140625 0.0234375 0.1259765625
1 0.379150390625 0.45068359375 0.02001953125 0.1552734375
1 0.3974609375 0.44189453125 0.021484375 0.1123046875
1 0.3515625 0.470703125 0.0107421875 0.109375
1 0.33251953125 0.4365234375 0.029296875 0.16796875
1 0.36376953125 0.44091796875 0.0380859375 0.1982421875
1 0.321044921875 0.447265625 0.03173828125 0.16796875
1 0.459228515625 0.404296875 0.01220703125 0.05078125
1 0.454345703125 0.4482421875 0.02099609375 0.109375
1 0.50341796875 0.41064453125 0.0087890625 0.0478515625
1 0.495361328125 0.40966796875 0.01123046875 0.0517578125
2 0.468017578125 0.43603515625 0.00927734375 0.0732421875
0 0.146240234375 0.3857421875 0.02490234375 0.130859375
0 0.6357421875 0.3642578125 0.0029296875 0.0078125
0 0.347412109375 0.392578125 0.00244140625 0.009765625
0 0.74560546875 0.43994140625 0.005859375 0.0166015625
