1 0.17724609375 0.4248046875 0.03125 0.103515625
1 0.117431640625 0.4951171875 0.04150390625 0.21875
1 0.626220703125 0.42236328125 0.00634765625 0.0087890625
1 0.728759765625 0.4072265625 0.01416015625 0.021484375
3 0.8173828125 0.388671875 0.0087890625 0.009765625
3 0.8408203125 0.3818359375 0.0107421875 0.017578125
3 0.8515625 0.38232421875 0.0146484375 0.0146484375
0 0.54931640625 0.427734375 0.0146484375 0.044921875
0 0.574951171875 0.41552734375 0.00732421875 0.0244140625
0 0.489990234375 0.43115234375 0.00732421875 0.0400390625
0 0.503662109375 0.421875 0.00439453125 0.0390625
0 0.592041015625 0.41552734375 0.00537109375 0.0244140625
0 0.416748046875 0.41748046875 0.00439453125 0.0166015625
0 0.39013671875 0.40625 0.005859375 0.017578125
0 0.40185546875 0.40283203125 0.0048828125 0.0107421875
0 0.40234375 0.41796875 0.0048828125 0.0078125
0 0.517822265625 0.41650390625 0.00927734375 0.0205078125
