1 0.454345703125 0.43603515625 0.00830078125 0.0400390625
1 0.130126953125 0.46142578125 0.05419921875 0.2646484375
1 0.627685546875 0.4150390625 0.00537109375 0.015625
1 0.633544921875 0.419921875 0.00927734375 0.048828125
2 0.441162109375 0.4365234375 0.01513671875 0.07421875
2 0.57275390625 0.44287109375 0.0205078125 0.1005859375
2 0.595703125 0.45556640625 0.0234375 0.1123046875
2 0.773681640625 0.43798828125 0.06689453125 0.3271484375
2 0.922607421875 0.4775390625 0.08154296875 0.369140625
0 0.576171875 0.375 0.00390625 0.009765625
0 0.430908203125 0.38623046875 0.00341796875 0.0068359375
