1 0.7138671875 0.48046875 0.0439453125 0.26171875
1 0.767333984375 0.47021484375 0.05615234375 0.2744140625
1 0.517822265625 0.4462890625 0.01318359375 0.076171875
1 0.53125 0.4462890625 0.0146484375 0.080078125
1 0.56640625 0.44091796875 0.0078125 0.0498046875
1 0.5576171875 0.4443359375 0.0107421875 0.05078125
1 0.588623046875 0.43701171875 0.00732421875 0.0517578125
1 0.579833984375 0.4521484375 0.01416015625 0.076171875
1 0.606689453125 0.4501953125 0.01025390625 0.060546875
1 0.614501953125 0.4462890625 0.00927734375 0.05078125
0 0.5478515625 0.39404296875 0.0029296875 0.0087890625
0 0.56005859375 0.40380859375 0.0068359375 0.0224609375
0 0.24365234375 0.3779296875 0.021484375 0.037109375
0 0.59814453125 0.43505859375 0.005859375 0.0341796875
0 0.657958984375 0.43994140625 0.00244140625 0.0400390625
5 0 0 0 0
