1 0.429443359375 0.447265625 0.01806640625 0.087890625
1 0.413330078125 0.44873046875 0.01611328125 0.0810546875
1 0.419189453125 0.451171875 0.01904296875 0.091796875
1 0.380126953125 0.4482421875 0.01611328125 0.091796875
1 0.340576171875 0.44287109375 0.01416015625 0.0908203125
1 0.3251953125 0.4462890625 0.0166015625 0.1015625
1 0.34521484375 0.44873046875 0.0185546875 0.0888671875
1 0.36865234375 0.4482421875 0.0126953125 0.08984375
1 0.3603515625 0.45654296875 0.013671875 0.0791015625
1 0.980712890625 0.4638671875 0.03466796875 0.48828125
0 0.322998046875 0.3623046875 0.00830078125 0.0234375
0 0.645751953125 0.322265625 0.01123046875 0.03515625
0 0.369140625 0.3896484375 0.00390625 0.01171875
0 0.535400390625 0.42529296875 0.00537109375 0.0205078125
0 0.54248046875 0.42529296875 0.0048828125 0.0244140625
0 0.52978515625 0.42919921875 0.0048828125 0.0205078125
5 0 0 0 0
5 0 0 0 0
5 0 0 0 0
5 0 0 0 0
