1 0.364501953125 0.361328125 0.00830078125 0.052734375
3 0.494384765625 0.412109375 0.01416015625 0.046875
3 0.505615234375 0.416015625 0.02197265625 0.0546875
1 0.331298828125 0.38232421875 0.01416015625 0.0693359375
3 0.968505859375 0.43505859375 0.02099609375 0.0771484375
3 0.94775390625 0.4443359375 0.048828125 0.09375
3 0.986083984375 0.4658203125 0.02294921875 0.17578125
1 0.16259765625 0.43408203125 0.029296875 0.1728515625
1 0.249755859375 0.44189453125 0.03271484375 0.2626953125
1 0.275146484375 0.4609375 0.02880859375 0.23046875
1 0.2373046875 0.453125 0.0478515625 0.2734375
1 0.303955078125 0.46435546875 0.04931640625 0.2978515625
1 0.595703125 0.4755859375 0.0458984375 0.224609375
1 0.554443359375 0.466796875 0.04541015625 0.248046875
2 0.19384765625 0.396484375 0.0205078125 0.08203125
0 0.384033203125 0.33349609375 0.00634765625 0.0205078125
0 0.723388671875 0.435546875 0.02490234375 0.08203125
