1 0.600830078125 0.4208984375 0.00439453125 0.033203125
1 0.61767578125 0.4287109375 0.0048828125 0.02734375
1 0.605712890625 0.4189453125 0.00732421875 0.044921875
1 0.611083984375 0.4228515625 0.00732421875 0.041015625
1 0.726806640625 0.376953125 0.00732421875 0.033203125
1 0.73486328125 0.3681640625 0.01171875 0.041015625
1 0.716552734375 0.3974609375 0.01025390625 0.05859375
1 0.723876953125 0.39501953125 0.00830078125 0.0322265625
1 0.588134765625 0.42578125 0.02490234375 0.138671875
1 0.856201171875 0.34765625 0.05322265625 0.1328125
3 0.255615234375 0.4169921875 0.01123046875 0.033203125
3 0.246826171875 0.41650390625 0.00830078125 0.0263671875
3 0.259521484375 0.40869140625 0.00732421875 0.0205078125
3 0.264404296875 0.41455078125 0.01123046875 0.0439453125
3 0.27001953125 0.4052734375 0.0068359375 0.013671875
3 0.307861328125 0.41748046875 0.01318359375 0.0302734375
3 0.33203125 0.41796875 0.0166015625 0.03515625
3 0.275146484375 0.41455078125 0.01708984375 0.0439453125
3 0.27880859375 0.41845703125 0.0205078125 0.0458984375
3 0.292724609375 0.41796875 0.02294921875 0.029296875
3 0.36474609375 0.419921875 0.005859375 0.041015625
3 0.33544921875 0.4208984375 0.01171875 0.029296875
3 0.369384765625 0.42626953125 0.00830078125 0.0478515625
3 0.401123046875 0.423828125 0.01123046875 0.041015625
1 0.350341796875 0.43994140625 0.02587890625 0.1533203125
1 0.385986328125 0.43798828125 0.02685546875 0.1708984375
0 0.01220703125 0.41796875 0.0205078125 0.158203125
0 0.421630859375 0.3955078125 0.01318359375 0.037109375
0 0.464599609375 0.4345703125 0.00732421875 0.025390625
