1 0.49560546875 0.45068359375 0.005859375 0.0283203125
1 0.708740234375 0.4609375 0.02783203125 0.13671875
1 0.73876953125 0.46435546875 0.02734375 0.1318359375
1 0.772705078125 0.4755859375 0.03076171875 0.177734375
1 0.806396484375 0.4677734375 0.03369140625 0.1875
1 0.47119140625 0.44091796875 0.0068359375 0.0341796875
1 0.460693359375 0.45166015625 0.00927734375 0.0576171875
1 0.45166015625 0.45068359375 0.0107421875 0.0595703125
0 0.62109375 0.41796875 0.0078125 0.005859375
0 0.64013671875 0.42041015625 0.005859375 0.0048828125
0 0.653076171875 0.4296875 0.00830078125 0.03125
5 0 0 0 0
