1 0.517822265625 0.42724609375 0.00341796875 0.0166015625
1 0.532958984375 0.431640625 0.00341796875 0.015625
4 0.540283203125 0.43408203125 0.00439453125 0.0107421875
1 0.58984375 0.43212890625 0.0087890625 0.0732421875
1 0.5830078125 0.42431640625 0.01171875 0.0556640625
1 0.58349609375 0.447265625 0.01171875 0.06640625
1 0.5703125 0.4267578125 0.0185546875 0.09765625
1 0.603515625 0.4443359375 0.01171875 0.0625
1 0.548583984375 0.42138671875 0.02001953125 0.1083984375
4 0.506591796875 0.41796875 0.00634765625 0.021484375
2 0.525146484375 0.4326171875 0.00439453125 0.0234375
0 0.349365234375 0.41162109375 0.01025390625 0.0244140625
0 0.379150390625 0.42333984375 0.01025390625 0.0146484375
0 0.402587890625 0.41796875 0.01123046875 0.015625
0 0.424560546875 0.42578125 0.00439453125 0.0078125
0 0.435791015625 0.4228515625 0.00439453125 0.0078125
