1 0.443603515625 0.41162109375 0.01123046875 0.0224609375
1 0.146240234375 0.48193359375 0.02490234375 0.1435546875
1 0.165771484375 0.4765625 0.02783203125 0.146484375
1 0.208740234375 0.4716796875 0.02490234375 0.1328125
1 0.226806640625 0.46484375 0.02880859375 0.140625
1 0.839599609375 0.37353515625 0.01416015625 0.0439453125
1 0.779296875 0.37841796875 0.017578125 0.0380859375
1 0.7373046875 0.36865234375 0.01171875 0.0244140625
1 0.912353515625 0.4482421875 0.04541015625 0.259765625
1 0.953369140625 0.427734375 0.06103515625 0.298828125
1 0.87646484375 0.44677734375 0.0537109375 0.2724609375
2 0.23095703125 0.50146484375 0.00390625 0.0400390625
2 0.25732421875 0.455078125 0.0205078125 0.099609375
5 0 0 0 0
5 0 0 0 0
