1 0.769287109375 0.41015625 0.01611328125 0.11328125
1 0.740478515625 0.41796875 0.01220703125 0.1015625
1 0.703125 0.3798828125 0.0029296875 0.015625
1 0.708740234375 0.40185546875 0.01025390625 0.0693359375
1 0.717529296875 0.408203125 0.01123046875 0.080078125
1 0.720703125 0.41357421875 0.0068359375 0.0478515625
1 0.69384765625 0.36572265625 0.0078125 0.0126953125
1 0.68115234375 0.40380859375 0.0107421875 0.0712890625
1 0.693603515625 0.4296875 0.02685546875 0.119140625
1 0.7294921875 0.44287109375 0.0234375 0.1904296875
1 0.651123046875 0.4033203125 0.01025390625 0.05859375
1 0.640380859375 0.38916015625 0.01318359375 0.0458984375
1 0.662353515625 0.4091796875 0.01416015625 0.056640625
1 0.315673828125 0.4267578125 0.00439453125 0.0390625
1 0.146728515625 0.453125 0.02685546875 0.150390625
1 0.194091796875 0.46630859375 0.02294921875 0.1982421875
1 0.230712890625 0.46826171875 0.02001953125 0.1845703125
1 0.216064453125 0.46435546875 0.04443359375 0.2158203125
1 0.1103515625 0.474609375 0.0419921875 0.224609375
1 0.249267578125 0.46044921875 0.03076171875 0.2177734375
1 0.272705078125 0.455078125 0.02490234375 0.154296875
3 0.69189453125 0.48388671875 0.025390625 0.0537109375
2 0.623779296875 0.3857421875 0.00927734375 0.03515625
2 0.6171875 0.388671875 0.0107421875 0.02734375
0 0.332763671875 0.3642578125 0.01220703125 0.041015625
0 0.453125 0.36328125 0.0029296875 0.009765625
0 0.394287109375 0.3701171875 0.00732421875 0.015625
5 0 0 0 0
