1 0.197021484375 0.3408203125 0.00537109375 0.013671875
1 0.212158203125 0.34521484375 0.00537109375 0.0224609375
1 0.285400390625 0.34765625 0.00537109375 0.013671875
1 0.291748046875 0.3525390625 0.00341796875 0.013671875
1 0.267333984375 0.33740234375 0.00927734375 0.0224609375
1 0.263916015625 0.357421875 0.01416015625 0.07421875
1 0.250244140625 0.35693359375 0.01318359375 0.0693359375
1 0.275634765625 0.38037109375 0.02392578125 0.1181640625
1 0.087890625 0.4560546875 0.0517578125 0.25
1 0.29736328125 0.36474609375 0.00390625 0.0205078125
4 0.334716796875 0.3798828125 0.01416015625 0.03515625
1 0.38818359375 0.3564453125 0.0068359375 0.021484375
1 0.412353515625 0.34814453125 0.01220703125 0.0341796875
1 0.4306640625 0.341796875 0.0126953125 0.04296875
1 0.42919921875 0.34619140625 0.013671875 0.0361328125
1 0.44287109375 0.34326171875 0.0107421875 0.0458984375
1 0.455078125 0.35009765625 0.015625 0.0693359375
1 0.5419921875 0.36181640625 0.015625 0.0771484375
3 0.553466796875 0.37353515625 0.01806640625 0.0595703125
1 0.724609375 0.37451171875 0.0185546875 0.0908203125
1 0.73291015625 0.376953125 0.0185546875 0.08984375
1 0.943603515625 0.357421875 0.01611328125 0.05078125
1 0.75390625 0.41748046875 0.03515625 0.1728515625
1 0.79248046875 0.40625 0.037109375 0.1953125
4 0.86767578125 0.509765625 0.0908203125 0.171875
1 0.86572265625 0.4775390625 0.0888671875 0.529296875
1 0.96923828125 0.482421875 0.0751953125 0.478515625
1 0.20458984375 0.40869140625 0.0234375 0.1337890625
2 0.303466796875 0.35498046875 0.01416015625 0.0654296875
0 0.5966796875 0.1083984375 0.0302734375 0.09765625
0 0.8759765625 0.36865234375 0.025390625 0.0654296875
5 0 0 0 0
