1 0.095703125 0.47607421875 0.0224609375 0.1162109375
1 0.12841796875 0.47998046875 0.0224609375 0.1181640625
1 0.204345703125 0.4736328125 0.02392578125 0.11328125
1 0.1845703125 0.478515625 0.0224609375 0.111328125
1 0.168701171875 0.48193359375 0.01904296875 0.1064453125
1 0.150634765625 0.47509765625 0.02490234375 0.1201171875
1 0.71435546875 0.4169921875 0.0126953125 0.037109375
1 0.739990234375 0.48388671875 0.05517578125 0.2666015625
1 0.73095703125 0.4755859375 0.052734375 0.302734375
1 0.98681640625 0.45166015625 0.0224609375 0.2236328125
1 0.968017578125 0.4248046875 0.01513671875 0.091796875
2 0.807861328125 0.4306640625 0.01806640625 0.08984375
2 0.5927734375 0.44287109375 0.0458984375 0.2216796875
2 0.35107421875 0.4580078125 0.044921875 0.21875
0 0.777587890625 0.34375 0.00537109375 0.01171875
0 0.39404296875 0.44287109375 0.013671875 0.0537109375
5 0 0 0 0
5 0 0 0 0
