1 0.221435546875 0.44140625 0.01123046875 0.029296875
1 0.212158203125 0.42236328125 0.00927734375 0.0185546875
1 0.2041015625 0.4833984375 0.0146484375 0.111328125
1 0.211181640625 0.4931640625 0.01318359375 0.095703125
1 0.250732421875 0.423828125 0.00830078125 0.017578125
1 0.27783203125 0.41748046875 0.009765625 0.0224609375
1 0.28662109375 0.41455078125 0.0048828125 0.0126953125
1 0.29931640625 0.44091796875 0.0078125 0.0634765625
1 0.308349609375 0.44287109375 0.01123046875 0.0537109375
1 0.31298828125 0.4521484375 0.015625 0.048828125
1 0.373291015625 0.4912109375 0.05810546875 0.283203125
1 0.358642578125 0.51171875 0.04541015625 0.265625
1 0.4267578125 0.5029296875 0.0458984375 0.251953125
1 0.546875 0.46240234375 0.041015625 0.2646484375
1 0.4970703125 0.4775390625 0.029296875 0.2890625
1 0.513671875 0.53076171875 0.033203125 0.1708984375
1 0.593994140625 0.4638671875 0.03564453125 0.251953125
1 0.57275390625 0.47265625 0.046875 0.263671875
1 0.53076171875 0.45703125 0.05859375 0.34375
1 0.649169921875 0.478515625 0.02783203125 0.18359375
1 0.6474609375 0.46533203125 0.048828125 0.2470703125
1 0.2939453125 0.4501953125 0.025390625 0.109375
1 0.266845703125 0.490234375 0.04150390625 0.201171875
2 0.675537109375 0.40771484375 0.02001953125 0.0712890625
2 0.241943359375 0.4736328125 0.02978515625 0.15625
2 0.03466796875 0.4716796875 0.01171875 0.056640625
0 0.869873046875 0.330078125 0.01220703125 0.03125
0 0.930419921875 0.357421875 0.01123046875 0.0546875
0 0.957275390625 0.34619140625 0.01123046875 0.0576171875
0 0.1201171875 0.4033203125 0.0048828125 0.013671875
