1 0.570068359375 0.43798828125 0.00634765625 0.0302734375
1 0.57373046875 0.43505859375 0.0048828125 0.0283203125
1 0.57666015625 0.4345703125 0.005859375 0.03125
1 0.600341796875 0.4365234375 0.00537109375 0.029296875
1 0.5927734375 0.435546875 0.005859375 0.02734375
1 0.587158203125 0.4345703125 0.00634765625 0.03125
1 0.6904296875 0.4296875 0.009765625 0.03515625
1 0.82763671875 0.423828125 0.0234375 0.146484375
1 0.51806640625 0.43310546875 0.0029296875 0.0166015625
1 0.455810546875 0.439453125 0.00244140625 0.01953125
1 0.451171875 0.4365234375 0.0068359375 0.03125
1 0.428955078125 0.43896484375 0.00634765625 0.0322265625
1 0.421142578125 0.44189453125 0.00634765625 0.0322265625
1 0.408203125 0.4423828125 0.005859375 0.02734375
1 0.39892578125 0.43896484375 0.005859375 0.0322265625
1 0.392822265625 0.44140625 0.00634765625 0.033203125
1 0.94580078125 0.44482421875 0.0361328125 0.2490234375
2 0.6220703125 0.4423828125 0.015625 0.076171875
0 0.645263671875 0.40087890625 0.00732421875 0.0185546875
0 0.38720703125 0.4375 0.00390625 0.013671875
