1 0.24755859375 0.458984375 0.009765625 0.056640625
1 0.255126953125 0.45947265625 0.00927734375 0.0556640625
1 0.231201171875 0.46240234375 0.01025390625 0.0615234375
1 0.924560546875 0.44140625 0.02197265625 0.13671875
1 0.9619140625 0.43359375 0.0234375 0.123046875
1 0.986083984375 0.43212890625 0.02392578125 0.1181640625
1 0.350341796875 0.458984375 0.00634765625 0.03515625
1 0.3603515625 0.458984375 0.005859375 0.033203125
1 0.59228515625 0.42236328125 0.00390625 0.0048828125
1 0.5986328125 0.4189453125 0.0048828125 0.0078125
1 0.698486328125 0.4248046875 0.01318359375 0.05078125
1 0.63916015625 0.4296875 0.0087890625 0.029296875
1 0.64892578125 0.439453125 0.0078125 0.05078125
1 0.66943359375 0.4375 0.0126953125 0.060546875
1 0.6796875 0.4091796875 0.009765625 0.021484375
1 0.682861328125 0.43505859375 0.01611328125 0.0654296875
4 0.7080078125 0.404296875 0.0048828125 0.015625
2 0.38232421875 0.45849609375 0.005859375 0.0283203125
2 0.329833984375 0.45166015625 0.00927734375 0.0419921875
0 0.656494140625 0.43017578125 0.00732421875 0.0224609375
0 0.539306640625 0.4306640625 0.00732421875 0.01171875
0 0.657958984375 0.36328125 0.00341796875 0.009765625
0 0.65869140625 0.38330078125 0.0029296875 0.0087890625
0 0.27294921875 0.40380859375 0.0048828125 0.0166015625
0 0.2724609375 0.3798828125 0.0029296875 0.009765625
