1 0.435791015625 0.4345703125 0.01220703125 0.05859375
1 0.50634765625 0.4267578125 0.0107421875 0.08203125
1 0.50390625 0.43212890625 0.005859375 0.0732421875
1 0.54248046875 0.4326171875 0.015625 0.076171875
1 0.5830078125 0.43212890625 0.013671875 0.0712890625
1 0.595947265625 0.41943359375 0.01025390625 0.0693359375
1 0.598388671875 0.4296875 0.01513671875 0.072265625
1 0.6767578125 0.4375 0.0302734375 0.15234375
1 0.63134765625 0.4482421875 0.01953125 0.189453125
1 0.619140625 0.451171875 0.02734375 0.1953125
1 0.8095703125 0.3505859375 0.01171875 0.052734375
1 0.823486328125 0.3515625 0.01806640625 0.03125
1 0.96240234375 0.34521484375 0.0263671875 0.0732421875
0 0.483642578125 0.3818359375 0.02099609375 0.052734375
0 0.56298828125 0.4033203125 0.015625 0.013671875
0 0.124267578125 0.22412109375 0.00537109375 0.0146484375
0 0.609619140625 0.29541015625 0.00341796875 0.0126953125
0 0.683349609375 0.2958984375 0.01025390625 0.015625
