1 0.49267578125 0.4326171875 0.0048828125 0.025390625
1 0.4873046875 0.43212890625 0.0048828125 0.0283203125
1 0.4541015625 0.43017578125 0.0068359375 0.0419921875
1 0.4482421875 0.43212890625 0.0087890625 0.0380859375
4 0.434326171875 0.4375 0.00927734375 0.0234375
3 0.42578125 0.43798828125 0.009765625 0.0244140625
1 0.415283203125 0.43115234375 0.00732421875 0.0419921875
1 0.388671875 0.42578125 0.009765625 0.048828125
1 0.2626953125 0.419921875 0.015625 0.08203125
1 0.248291015625 0.42626953125 0.01416015625 0.0673828125
1 0.233642578125 0.4140625 0.01611328125 0.083984375
1 0.55908203125 0.43701171875 0.001953125 0.0283203125
1 0.555419921875 0.4375 0.00634765625 0.03515625
1 0.637451171875 0.4501953125 0.00439453125 0.025390625
1 0.79638671875 0.50244140625 0.0400390625 0.2041015625
0 0.60205078125 0.4453125 0.009765625 0.013671875
0 0.402099609375 0.42138671875 0.00634765625 0.0341796875
0 0.472412109375 0.4169921875 0.00634765625 0.01953125
