1 0.872802734375 0.47265625 0.04638671875 0.2265625
1 0.91650390625 0.47119140625 0.0380859375 0.2197265625
1 0.447021484375 0.462890625 0.00732421875 0.0390625
1 0.408203125 0.48095703125 0.0107421875 0.0615234375
1 0.133056640625 0.50146484375 0.00537109375 0.0556640625
1 0.12548828125 0.48486328125 0.01171875 0.1103515625
1 0.118408203125 0.48583984375 0.01708984375 0.1142578125
1 0.0966796875 0.48876953125 0.0234375 0.1162109375
3 0.231689453125 0.48974609375 0.02001953125 0.0517578125
1 0.235107421875 0.4814453125 0.01220703125 0.076171875
2 0.619140625 0.45458984375 0.0234375 0.1162109375
2 0.578857421875 0.47314453125 0.05419921875 0.2666015625
2 0.57275390625 0.5 0.060546875 0.318359375
0 0.955810546875 0.37646484375 0.02197265625 0.0888671875
0 0.8671875 0.28662109375 0.0048828125 0.0146484375
0 0.3330078125 0.34814453125 0.02734375 0.0849609375
0 0.3095703125 0.32373046875 0.0400390625 0.1044921875
0 0.1611328125 0.48486328125 0.0087890625 0.0361328125
