1 0.24951171875 0.4248046875 0.0146484375 0.107421875
1 0.27978515625 0.4130859375 0.015625 0.080078125
1 0.611572265625 0.4306640625 0.01513671875 0.080078125
1 0.3642578125 0.39111328125 0.0078125 0.0224609375
1 0.24072265625 0.41455078125 0.0224609375 0.1142578125
1 0.553466796875 0.4150390625 0.00732421875 0.04296875
1 0.1826171875 0.427734375 0.0205078125 0.09765625
0 0.168212890625 0.37109375 0.00732421875 0.025390625
0 0.184326171875 0.36181640625 0.01123046875 0.0126953125
0 0.05517578125 0.1552734375 0.0263671875 0.099609375
5 0 0 0 0
5 0 0 0 0
5 0 0 0 0
5 0 0 0 0
