0 0.97705078125 0.32861328125 0.0078125 0.0302734375
0 0.927734375 0.34423828125 0.013671875 0.0341796875
0 0.815185546875 0.3544921875 0.01416015625 0.03515625
0 0.71240234375 0.3662109375 0.0146484375 0.041015625
0 0.74072265625 0.36181640625 0.01171875 0.0419921875
0 0.6259765625 0.3798828125 0.0087890625 0.029296875
0 0.542724609375 0.392578125 0.01318359375 0.029296875
0 0.4794921875 0.39599609375 0.01171875 0.0322265625
0 0.453125 0.4013671875 0.009765625 0.029296875
0 0.429443359375 0.40625 0.01123046875 0.029296875
0 0.41259765625 0.3974609375 0.0048828125 0.037109375
0 0.20263671875 0.4462890625 0.0048828125 0.02734375
0 0.34130859375 0.41357421875 0.0078125 0.0322265625
0 0.35205078125 0.41943359375 0.0078125 0.0419921875
