1 0.511474609375 0.36181640625 0.00244140625 0.0166015625
1 0.50537109375 0.36328125 0.0029296875 0.017578125
1 0.508544921875 0.37060546875 0.00244140625 0.0146484375
1 0.3466796875 0.45654296875 0.03125 0.2255859375
0 0.09814453125 0.4482421875 0.015625 0.02734375
0 0.224853515625 0.43701171875 0.00634765625 0.0146484375
0 0.2958984375 0.44140625 0.0029296875 0.01171875
0 0.280517578125 0.4423828125 0.00537109375 0.013671875
0 0.298583984375 0.42529296875 0.00244140625 0.0068359375
0 0.088134765625 0.42041015625 0.00732421875 0.0498046875
0 0.076171875 0.43994140625 0.005859375 0.0185546875
0 0.747802734375 0.33935546875 0.00439453125 0.0341796875
0 0.75634765625 0.33837890625 0.0048828125 0.0380859375
0 0.6171875 0.41015625 0.0048828125 0.005859375
0 0.46630859375 0.3486328125 0.001953125 0.0078125
