1 0.609619140625 0.4345703125 0.00732421875 0.05859375
1 0.68701171875 0.541015625 0.09375 0.455078125
1 0.1767578125 0.458984375 0.015625 0.078125
1 0.1435546875 0.45263671875 0.01171875 0.0400390625
3 0.15234375 0.4755859375 0.0224609375 0.056640625
3 0.145263671875 0.47412109375 0.02587890625 0.0654296875
1 0.120849609375 0.47314453125 0.01025390625 0.0595703125
1 0.1083984375 0.466796875 0.013671875 0.07421875
1 0.428955078125 0.41650390625 0.01123046875 0.0498046875
1 0.42236328125 0.40771484375 0.0146484375 0.0380859375
1 0.4111328125 0.39794921875 0.017578125 0.0439453125
1 0.4033203125 0.4384765625 0.0166015625 0.091796875
3 0.40478515625 0.46630859375 0.037109375 0.1103515625
3 0.4072265625 0.4765625 0.0185546875 0.09375
1 0.39013671875 0.453125 0.0146484375 0.12109375
1 0.378662109375 0.51171875 0.07275390625 0.35546875
3 0.557373046875 0.62841796875 0.07958984375 0.1416015625
2 0.216796875 0.4482421875 0.0107421875 0.037109375
2 0.22998046875 0.4599609375 0.0126953125 0.0625
2 0.517333984375 0.44140625 0.01220703125 0.056640625
2 0.567138671875 0.4404296875 0.01416015625 0.0703125
2 0.2685546875 0.45361328125 0.0087890625 0.0517578125
2 0.258056640625 0.4580078125 0.01318359375 0.064453125
0 0.582763671875 0.3662109375 0.00439453125 0.005859375
0 0.652587890625 0.43359375 0.00634765625 0.060546875
0 0.525390625 0.43505859375 0.00390625 0.0185546875
0 0.32568359375 0.4443359375 0.0048828125 0.033203125
0 0.0087890625 0.4677734375 0.0087890625 0.03125
