1 0.3759765625 0.4296875 0.0078125 0.048828125
1 0.4072265625 0.42626953125 0.005859375 0.0498046875
1 0.402099609375 0.423828125 0.00732421875 0.060546875
0 0.558349609375 0.40478515625 0.00439453125 0.0068359375
0 0.572998046875 0.40576171875 0.00439453125 0.0068359375
0 0.625244140625 0.41650390625 0.00537109375 0.0126953125
0 0.54150390625 0.404296875 0.0087890625 0.0078125
0 0.521240234375 0.40478515625 0.01025390625 0.0126953125
0 0.183837890625 0.4375 0.00244140625 0.0078125
0 0.196044921875 0.4404296875 0.00732421875 0.005859375
