1 0.942626953125 0.42041015625 0.00927734375 0.1083984375
1 0.934326171875 0.41015625 0.01806640625 0.107421875
1 0.955078125 0.4287109375 0.0185546875 0.115234375
1 0.970458984375 0.42919921875 0.02978515625 0.1748046875
4 0.886474609375 0.37646484375 0.02587890625 0.0283203125
1 0.66064453125 0.4072265625 0.005859375 0.048828125
1 0.65625 0.40673828125 0.0087890625 0.0517578125
1 0.6669921875 0.40966796875 0.0068359375 0.0478515625
1 0.677001953125 0.41015625 0.00537109375 0.05078125
1 0.671875 0.40673828125 0.009765625 0.0537109375
1 0.705810546875 0.38623046875 0.00439453125 0.0185546875
1 0.701171875 0.39599609375 0.005859375 0.0283203125
1 0.68896484375 0.4052734375 0.00390625 0.04296875
1 0.69287109375 0.40283203125 0.0078125 0.0498046875
1 0.634033203125 0.3876953125 0.00927734375 0.01171875
4 0.9169921875 0.72900390625 0.0185546875 0.0966796875
4 0.990966796875 0.48779296875 0.01318359375 0.0947265625
2 0.857666015625 0.50048828125 0.08447265625 0.3798828125
0 0.699462890625 0.3701171875 0.00244140625 0.009765625
0 0.682373046875 0.37451171875 0.00341796875 0.0107421875
0 0.6923828125 0.37255859375 0.00390625 0.0087890625
0 0.487060546875 0.42529296875 0.01806640625 0.0478515625
