1 0.71240234375 0.4052734375 0.0048828125 0.033203125
1 0.790283203125 0.38232421875 0.00830078125 0.0166015625
1 0.104248046875 0.44970703125 0.01708984375 0.0830078125
1 0.532470703125 0.42578125 0.01513671875 0.083984375
1 0.555908203125 0.4267578125 0.01708984375 0.08203125
2 0.265869140625 0.44287109375 0.01416015625 0.0693359375
0 0.863525390625 0.291015625 0.00439453125 0.01171875
0 0.75732421875 0.35986328125 0.01953125 0.0400390625
0 0.612060546875 0.4169921875 0.00830078125 0.03125
0 0.013427734375 0.462890625 0.01611328125 0.05859375
5 0 0 0 0
