1 0.577880859375 0.4658203125 0.02294921875 0.11328125
1 0.565185546875 0.4677734375 0.02001953125 0.11328125
1 0.533935546875 0.46875 0.01513671875 0.115234375
4 0.68603515625 0.45458984375 0.0263671875 0.1298828125
1 0.846923828125 0.46630859375 0.01806640625 0.0927734375
1 0.82470703125 0.46533203125 0.021484375 0.1044921875
1 0.715576171875 0.45751953125 0.02783203125 0.1337890625
4 0.466552734375 0.455078125 0.01220703125 0.1015625
1 0.734619140625 0.44580078125 0.01123046875 0.1025390625
1 0.769287109375 0.451171875 0.00830078125 0.099609375
4 0.760986328125 0.4482421875 0.01611328125 0.109375
4 0.78759765625 0.46435546875 0.0107421875 0.0771484375
1 0.795654296875 0.44775390625 0.01806640625 0.0986328125
1 0.810791015625 0.45947265625 0.02685546875 0.1318359375
1 0.777099609375 0.45166015625 0.01904296875 0.0986328125
1 0.74755859375 0.4462890625 0.0068359375 0.09375
1 0.75048828125 0.46142578125 0.0146484375 0.1044921875
1 0.509765625 0.46142578125 0.0205078125 0.1123046875
1 0.51611328125 0.4697265625 0.0234375 0.11328125
1 0.369873046875 0.45068359375 0.01025390625 0.0810546875
1 0.38134765625 0.447265625 0.015625 0.08984375
1 0.385986328125 0.45361328125 0.01611328125 0.0869140625
1 0.362060546875 0.453125 0.01611328125 0.07421875
1 0.338134765625 0.44384765625 0.02099609375 0.0849609375
4 0.4208984375 0.45263671875 0.017578125 0.1103515625
1 0.43408203125 0.4609375 0.0205078125 0.119140625
0 0.298095703125 0.22021484375 0.02978515625 0.1416015625
0 0.203857421875 0.22119140625 0.03369140625 0.1552734375
0 0.09912109375 0.39892578125 0.015625 0.0537109375
0 0.010986328125 0.41552734375 0.01025390625 0.0224609375
0 0.041259765625 0.41845703125 0.00634765625 0.0146484375
0 0.451904296875 0.4228515625 0.00927734375 0.03125
5 0 0 0 0
