1 0.345703125 0.46728515625 0.013671875 0.0654296875
1 0.331298828125 0.462890625 0.01513671875 0.07421875
1 0.269775390625 0.4482421875 0.00732421875 0.029296875
1 0.298828125 0.4638671875 0.015625 0.087890625
1 0.3076171875 0.4677734375 0.0146484375 0.078125
1 0.231689453125 0.44873046875 0.02685546875 0.1669921875
1 0.089111328125 0.50439453125 0.04248046875 0.2353515625
1 0.134765625 0.49462890625 0.046875 0.2568359375
1 0.282958984375 0.4541015625 0.02392578125 0.134765625
1 0.251708984375 0.46142578125 0.03369140625 0.1806640625
1 0.444091796875 0.42724609375 0.00732421875 0.0107421875
1 0.520263671875 0.4482421875 0.00927734375 0.05859375
1 0.4990234375 0.44873046875 0.01953125 0.1142578125
1 0.5419921875 0.42431640625 0.0068359375 0.0166015625
1 0.530029296875 0.451171875 0.01220703125 0.05859375
1 0.751220703125 0.40869140625 0.01123046875 0.0322265625
1 0.737060546875 0.44482421875 0.02294921875 0.1123046875
1 0.98681640625 0.47607421875 0.0224609375 0.3115234375
0 0.459716796875 0.3759765625 0.00439453125 0.013671875
0 0.3671875 0.44091796875 0.0166015625 0.0146484375
0 0.383056640625 0.43701171875 0.00146484375 0.0087890625
0 0.393310546875 0.42431640625 0.00732421875 0.0146484375
0 0.0419921875 0.4404296875 0.0087890625 0.01171875
0 0.85107421875 0.4248046875 0.0107421875 0.029296875
