1 0.232421875 0.34521484375 0.005859375 0.0205078125
1 0.23828125 0.34814453125 0.00390625 0.0224609375
1 0.24365234375 0.34619140625 0.00390625 0.0244140625
4 0.344970703125 0.365234375 0.00830078125 0.013671875
1 0.364990234375 0.3583984375 0.00732421875 0.02734375
1 0.373779296875 0.357421875 0.00634765625 0.029296875
1 0.37841796875 0.35595703125 0.005859375 0.0302734375
1 0.383544921875 0.35595703125 0.00732421875 0.0302734375
1 0.392822265625 0.36328125 0.00537109375 0.015625
1 0.427978515625 0.3525390625 0.00830078125 0.03125
1 0.440673828125 0.35107421875 0.00634765625 0.0244140625
1 0.458984375 0.35986328125 0.0048828125 0.0126953125
1 0.481201171875 0.35791015625 0.00537109375 0.0126953125
1 0.4853515625 0.353515625 0.0048828125 0.0234375
1 0.52880859375 0.3515625 0.0048828125 0.0234375
1 0.552978515625 0.3505859375 0.00537109375 0.015625
1 0.532958984375 0.470703125 0.00634765625 0.03125
1 0.537109375 0.47021484375 0.0068359375 0.0341796875
1 0.541748046875 0.46923828125 0.00732421875 0.0361328125
1 0.5498046875 0.46923828125 0.0068359375 0.0361328125
1 0.555908203125 0.46826171875 0.00634765625 0.0341796875
1 0.58642578125 0.4453125 0.005859375 0.068359375
1 0.59326171875 0.4443359375 0.0126953125 0.0703125
1 0.58056640625 0.439453125 0.0146484375 0.078125
1 0.57080078125 0.4423828125 0.015625 0.076171875
1 0.658203125 0.46533203125 0.037109375 0.1806640625
1 0.78076171875 0.45068359375 0.0517578125 0.2529296875
1 0.791748046875 0.45068359375 0.04443359375 0.2841796875
1 0.494384765625 0.4619140625 0.02197265625 0.169921875
1 0.517822265625 0.45654296875 0.03271484375 0.1806640625
1 0.4375 0.46630859375 0.0107421875 0.0478515625
1 0.33154296875 0.4658203125 0.029296875 0.177734375
1 0.35546875 0.47509765625 0.03515625 0.1708984375
1 0.220703125 0.390625 0.0078125 0.033203125
1 0.211669921875 0.49267578125 0.03173828125 0.2333984375
1 0.231201171875 0.49072265625 0.04638671875 0.2529296875
1 0.1748046875 0.49951171875 0.0419921875 0.2275390625
1 0.107177734375 0.50830078125 0.07275390625 0.3544921875
1 0.03271484375 0.51025390625 0.05859375 0.3896484375
1 0.10498046875 0.54931640625 0.072265625 0.3525390625
1 0.03173828125 0.54931640625 0.056640625 0.3701171875
1 0.41162109375 0.4814453125 0.046875 0.2890625
5 0 0 0 0
5 0 0 0 0
