1 0.57666015625 0.41162109375 0.0166015625 0.0498046875
1 0.607421875 0.42724609375 0.0166015625 0.0791015625
2 0.79150390625 0.40576171875 0.046875 0.2294921875
2 0.722412109375 0.41796875 0.04833984375 0.234375
0 0.6875 0.4130859375 0.009765625 0.0625
0 0.96337890625 0.376953125 0.025390625 0.134765625
0 0.2822265625 0.40771484375 0.009765625 0.0224609375
0 0.2265625 0.41650390625 0.0068359375 0.0166015625
0 0.217041015625 0.416015625 0.00634765625 0.015625
0 0.169677734375 0.419921875 0.01220703125 0.021484375
0 0.004638671875 0.4375 0.00927734375 0.025390625
