1 0.374267578125 0.47119140625 0.00146484375 0.0107421875
4 0.383544921875 0.47314453125 0.00537109375 0.0322265625
1 0.604248046875 0.47021484375 0.00830078125 0.0419921875
1 0.610107421875 0.47021484375 0.00732421875 0.0439453125
1 0.680908203125 0.458984375 0.01123046875 0.0625
1 0.69580078125 0.4521484375 0.0126953125 0.072265625
1 0.713134765625 0.43505859375 0.01904296875 0.1064453125
1 0.75537109375 0.43896484375 0.0146484375 0.0888671875
1 0.76123046875 0.43359375 0.01953125 0.095703125
1 0.290771484375 0.482421875 0.00634765625 0.0390625
1 0.283447265625 0.48095703125 0.00830078125 0.0400390625
1 0.2568359375 0.4833984375 0.0068359375 0.0390625
1 0.24365234375 0.46875 0.01171875 0.064453125
1 0.230712890625 0.46923828125 0.01318359375 0.0673828125
1 0.128173828125 0.4580078125 0.01708984375 0.09765625
1 0.11376953125 0.4619140625 0.0205078125 0.099609375
1 0.0927734375 0.45654296875 0.0234375 0.1162109375
1 0.13330078125 0.4541015625 0.0234375 0.115234375
1 0.56591796875 0.47265625 0.009765625 0.048828125
2 0.572998046875 0.46875 0.00732421875 0.03515625
2 0.609130859375 0.46826171875 0.00732421875 0.0361328125
2 0.266845703125 0.447265625 0.01513671875 0.0625
2 0.1943359375 0.44189453125 0.0234375 0.1142578125
2 0.155517578125 0.4521484375 0.02294921875 0.111328125
0 0.47412109375 0.46728515625 0.00390625 0.0146484375
0 0.480712890625 0.46728515625 0.00244140625 0.0166015625
