1 0.223388671875 0.44482421875 0.00927734375 0.0537109375
1 0.3408203125 0.44287109375 0.0078125 0.0380859375
1 0.333251953125 0.44140625 0.00732421875 0.04296875
1 0.374755859375 0.44189453125 0.00732421875 0.0380859375
1 0.37255859375 0.44287109375 0.0078125 0.0380859375
1 0.5654296875 0.4345703125 0.00390625 0.03515625
1 0.756591796875 0.42724609375 0.00830078125 0.0400390625
1 0.74365234375 0.4345703125 0.0068359375 0.03515625
1 0.6953125 0.42529296875 0.001953125 0.0263671875
1 0.65869140625 0.4140625 0.0048828125 0.0078125
2 0.32470703125 0.43408203125 0.0087890625 0.0400390625
2 0.31494140625 0.4365234375 0.009765625 0.046875
0 0.707275390625 0.43115234375 0.00634765625 0.0205078125
0 0.39892578125 0.40625 0.001953125 0.005859375
0 0.3857421875 0.427734375 0.01171875 0.021484375
