3 0.688720703125 0.427734375 0.00830078125 0.029296875
3 0.696044921875 0.43017578125 0.00927734375 0.0380859375
3 0.7119140625 0.423828125 0.0078125 0.029296875
3 0.71240234375 0.4384765625 0.0263671875 0.056640625
1 0.76123046875 0.40771484375 0.03125 0.0908203125
0 0.4111328125 0.3583984375 0.00390625 0.009765625
0 0.594482421875 0.34423828125 0.00341796875 0.0107421875
0 0.8115234375 0.2333984375 0.01171875 0.033203125
0 0.1748046875 0.32080078125 0.0087890625 0.0185546875
0 0.7373046875 0.38720703125 0.033203125 0.0615234375
