1 0.117431640625 0.45556640625 0.02978515625 0.1435546875
1 0.02880859375 0.45703125 0.02734375 0.173828125
1 0.70703125 0.44140625 0.01953125 0.099609375
1 0.6259765625 0.43505859375 0.013671875 0.0791015625
1 0.429931640625 0.42431640625 0.00634765625 0.0361328125
0 0.9638671875 0.38916015625 0.0166015625 0.0322265625
0 0.53369140625 0.40771484375 0.0107421875 0.0224609375
0 0.5166015625 0.41455078125 0.0107421875 0.0185546875
0 0.13720703125 0.41064453125 0.0087890625 0.0322265625
0 0.185791015625 0.41162109375 0.00634765625 0.0263671875
