3 0.61865234375 0.4326171875 0.0146484375 0.05078125
1 0.470947265625 0.42333984375 0.00439453125 0.0283203125
1 0.46630859375 0.4208984375 0.0068359375 0.033203125
1 0.47802734375 0.43359375 0.0087890625 0.044921875
1 0.458740234375 0.4306640625 0.01318359375 0.064453125
1 0.68896484375 0.43505859375 0.017578125 0.1044921875
1 0.70361328125 0.43505859375 0.0146484375 0.0927734375
1 0.718017578125 0.4287109375 0.02294921875 0.111328125
3 0.806640625 0.4228515625 0.015625 0.0859375
2 0.236328125 0.43310546875 0.01953125 0.0791015625
0 0.607666015625 0.4248046875 0.00341796875 0.015625
0 0.524169921875 0.4306640625 0.00634765625 0.015625
0 0.3623046875 0.41259765625 0.0029296875 0.0068359375
0 0.341552734375 0.41357421875 0.00341796875 0.0068359375
0 0.21630859375 0.404296875 0.0078125 0.03125
