1 0.2373046875 0.41259765625 0.0048828125 0.0263671875
1 0.1005859375 0.435546875 0.0322265625 0.15625
1 0.394775390625 0.43017578125 0.02294921875 0.1103515625
1 0.396240234375 0.43603515625 0.01513671875 0.0966796875
1 0.40283203125 0.43408203125 0.021484375 0.1025390625
1 0.417236328125 0.43310546875 0.02197265625 0.1123046875
4 0.338623046875 0.43017578125 0.01611328125 0.1181640625
1 0.5126953125 0.375 0.0078125 0.009765625
1 0.299560546875 0.4375 0.02197265625 0.10546875
1 0.34326171875 0.43994140625 0.021484375 0.1044921875
1 0.382080078125 0.419921875 0.01318359375 0.08203125
2 0.299072265625 0.40478515625 0.02001953125 0.0615234375
2 0.3623046875 0.41650390625 0.013671875 0.0654296875
0 0.914794921875 0.3779296875 0.02099609375 0.048828125
0 0.889892578125 0.38330078125 0.00634765625 0.0224609375
0 0.8291015625 0.3759765625 0.015625 0.021484375
0 0.690185546875 0.39404296875 0.01318359375 0.1943359375
