1 0.417724609375 0.43896484375 0.01708984375 0.0771484375
1 0.38818359375 0.44482421875 0.0244140625 0.1240234375
1 0.362548828125 0.443359375 0.01416015625 0.130859375
1 0.34814453125 0.44091796875 0.0263671875 0.1787109375
1 0.325439453125 0.44677734375 0.03271484375 0.1591796875
1 0.294921875 0.44775390625 0.029296875 0.1611328125
1 0.179931640625 0.4599609375 0.03857421875 0.23828125
1 0.21484375 0.4619140625 0.041015625 0.234375
4 0.01904296875 0.4521484375 0.0322265625 0.296875
1 0.458984375 0.46728515625 0.0478515625 0.2333984375
0 0.706787109375 0.3359375 0.02294921875 0.021484375
0 0.6279296875 0.1171875 0.0107421875 0.025390625
0 0.62841796875 0.17333984375 0.013671875 0.0732421875
0 0.60888671875 0.39208984375 0.005859375 0.0283203125
0 0.258056640625 0.42138671875 0.01416015625 0.1240234375
0 0.067626953125 0.37158203125 0.01904296875 0.1474609375
