1 0.57568359375 0.353515625 0.0087890625 0.044921875
1 0.58154296875 0.35546875 0.0068359375 0.041015625
1 0.570068359375 0.40673828125 0.00830078125 0.0400390625
1 0.579833984375 0.4287109375 0.01416015625 0.076171875
1 0.614501953125 0.3896484375 0.00537109375 0.0234375
1 0.608642578125 0.43408203125 0.01416015625 0.1123046875
1 0.62060546875 0.431640625 0.015625 0.12890625
1 0.861328125 0.46142578125 0.041015625 0.2626953125
1 0.351318359375 0.42333984375 0.00537109375 0.0400390625
3 0.224853515625 0.43994140625 0.01416015625 0.0439453125
1 0.178466796875 0.453125 0.00927734375 0.107421875
1 0.138916015625 0.45263671875 0.01513671875 0.1064453125
1 0.171142578125 0.45947265625 0.01708984375 0.0947265625
1 0.15283203125 0.45361328125 0.0205078125 0.1162109375
1 0.093994140625 0.40234375 0.00830078125 0.013671875
1 0.10986328125 0.39599609375 0.0126953125 0.0341796875
1 0.102294921875 0.40234375 0.00927734375 0.025390625
1 0.118408203125 0.42626953125 0.00927734375 0.0517578125
1 0.1123046875 0.42138671875 0.0146484375 0.0576171875
0 0.722900390625 0.2880859375 0.04833984375 0.08984375
0 0.78955078125 0.39111328125 0.01171875 0.0634765625
0 0.21435546875 0.39892578125 0.013671875 0.0244140625
0 0.30224609375 0.35888671875 0.01171875 0.0205078125
0 0.013916015625 0.38525390625 0.01318359375 0.0146484375
0 0.373291015625 0.41748046875 0.00830078125 0.0126953125
0 0.672607421875 0.31396484375 0.00341796875 0.0107421875
