1 0.321044921875 0.4453125 0.00830078125 0.095703125
1 0.33251953125 0.4404296875 0.017578125 0.1015625
1 0.349853515625 0.44287109375 0.01611328125 0.0947265625
1 0.439453125 0.439453125 0.005859375 0.05859375
1 0.445068359375 0.423828125 0.01318359375 0.044921875
3 0.44775390625 0.44384765625 0.015625 0.0458984375
2 0.544189453125 0.48291015625 0.06982421875 0.3544921875
2 0.594970703125 0.44970703125 0.05615234375 0.3115234375
0 0.741943359375 0.40576171875 0.01220703125 0.0341796875
0 0.353515625 0.3798828125 0.01171875 0.025390625
0 0.13818359375 0.15869140625 0.0390625 0.1103515625
0 0.069580078125 0.162109375 0.01806640625 0.0546875
0 0.020751953125 0.138671875 0.01904296875 0.064453125
