1 0.80908203125 0.4736328125 0.0498046875 0.37109375
1 0.78125 0.50537109375 0.072265625 0.3525390625
1 0.095458984375 0.51513671875 0.05517578125 0.2666015625
1 0.344482421875 0.50537109375 0.07470703125 0.3642578125
1 0.40380859375 0.4951171875 0.05078125 0.275390625
1 0.421875 0.546875 0.0546875 0.265625
2 0.38037109375 0.44580078125 0.044921875 0.2666015625
0 0.0224609375 0.42822265625 0.0078125 0.0166015625
0 0.257568359375 0.431640625 0.01611328125 0.02734375
1 0.806396484375 0.50537109375 0.08935546875 0.4345703125
