1 0.3349609375 0.3955078125 0.0126953125 0.02734375
1 0.3232421875 0.41162109375 0.017578125 0.0517578125
1 0.37158203125 0.35498046875 0.0068359375 0.0322265625
1 0.3779296875 0.361328125 0.0068359375 0.033203125
1 0.384521484375 0.35888671875 0.00634765625 0.0322265625
1 0.40234375 0.34814453125 0.0068359375 0.0263671875
1 0.4140625 0.35546875 0.0068359375 0.037109375
1 0.40771484375 0.35546875 0.0068359375 0.037109375
1 0.398681640625 0.36279296875 0.01318359375 0.0400390625
1 0.433349609375 0.34814453125 0.00927734375 0.0517578125
1 0.44091796875 0.35009765625 0.0087890625 0.0458984375
1 0.447265625 0.345703125 0.009765625 0.046875
1 0.458984375 0.33447265625 0.00390625 0.0166015625
1 0.46337890625 0.3388671875 0.0087890625 0.033203125
1 0.474853515625 0.35009765625 0.01025390625 0.0498046875
1 0.498291015625 0.35546875 0.00927734375 0.046875
1 0.531494140625 0.35693359375 0.00927734375 0.0439453125
1 0.54150390625 0.35595703125 0.0107421875 0.0419921875
1 0.572998046875 0.337890625 0.00537109375 0.0234375
1 0.567138671875 0.35791015625 0.00830078125 0.0478515625
1 0.590576171875 0.34765625 0.00927734375 0.044921875
1 0.5732421875 0.3671875 0.01171875 0.041015625
1 0.58349609375 0.3662109375 0.0126953125 0.0390625
1 0.5966796875 0.36767578125 0.015625 0.0439453125
1 0.617431640625 0.3701171875 0.01025390625 0.044921875
1 0.625732421875 0.36083984375 0.01416015625 0.0458984375
1 0.622802734375 0.4091796875 0.01611328125 0.0859375
1 0.63720703125 0.41015625 0.0185546875 0.08984375
1 0.541259765625 0.40869140625 0.01904296875 0.0849609375
1 0.541748046875 0.4296875 0.01611328125 0.078125
4 0.663330078125 0.40771484375 0.01416015625 0.1044921875
1 0.685791015625 0.39306640625 0.01025390625 0.0693359375
1 0.67626953125 0.41259765625 0.0205078125 0.1044921875
1 0.671142578125 0.43212890625 0.01318359375 0.0654296875
1 0.653076171875 0.41845703125 0.02294921875 0.1103515625
1 0.703125 0.36865234375 0.0146484375 0.0322265625
1 0.724609375 0.408203125 0.01171875 0.109375
1 0.697998046875 0.42578125 0.02392578125 0.1328125
1 0.71337890625 0.4228515625 0.0224609375 0.1484375
1 0.750244140625 0.3671875 0.01025390625 0.02734375
1 0.75927734375 0.37841796875 0.013671875 0.0634765625
1 0.77978515625 0.48828125 0.044921875 0.283203125
1 0.743896484375 0.50048828125 0.04150390625 0.2666015625
1 0.78173828125 0.50390625 0.0478515625 0.296875
1 0.876953125 0.46435546875 0.021484375 0.1748046875
1 0.892822265625 0.46826171875 0.03955078125 0.2158203125
4 0.8515625 0.3798828125 0.0390625 0.130859375
1 0.845703125 0.4677734375 0.04296875 0.22265625
0 0.56201171875 0.19384765625 0.0205078125 0.0654296875
0 0.6943359375 0.3271484375 0.0068359375 0.044921875
0 0.401611328125 0.4248046875 0.01318359375 0.037109375
0 0.4638671875 0.41650390625 0.01171875 0.0224609375
0 0.4931640625 0.41064453125 0.009765625 0.0224609375
0 0.2880859375 0.47021484375 0.0224609375 0.0458984375
0 0.072998046875 0.43115234375 0.00927734375 0.0107421875
5 0 0 0 0
5 0 0 0 0
5 0 0 0 0
