1 0.75634765625 0.47216796875 0.013671875 0.0791015625
1 0.74658203125 0.47021484375 0.017578125 0.0830078125
1 0.345703125 0.447265625 0.00390625 0.0234375
1 0.305419921875 0.4609375 0.00732421875 0.044921875
1 0.297607421875 0.458984375 0.00830078125 0.044921875
1 0.27099609375 0.4580078125 0.01171875 0.05859375
1 0.259765625 0.45947265625 0.0107421875 0.0537109375
2 0.210693359375 0.462890625 0.01416015625 0.06640625
2 0.3720703125 0.4638671875 0.01953125 0.095703125
2 0.68505859375 0.486328125 0.0419921875 0.205078125
0 0.854736328125 0.44189453125 0.01806640625 0.0634765625
0 0.64892578125 0.44873046875 0.0078125 0.0771484375
0 0.634765625 0.4521484375 0.0087890625 0.07421875
0 0.62109375 0.44873046875 0.009765625 0.0654296875
0 0.60888671875 0.45751953125 0.0068359375 0.0771484375
0 0.429443359375 0.43115234375 0.00830078125 0.0166015625
0 0.413818359375 0.43603515625 0.00341796875 0.0224609375
0 0.441162109375 0.4306640625 0.00439453125 0.013671875
0 0.014404296875 0.4794921875 0.00927734375 0.0234375
0 0.320068359375 0.453125 0.00537109375 0.044921875
0 0.330810546875 0.43212890625 0.00634765625 0.0166015625
0 0.081298828125 0.37353515625 0.00341796875 0.0126953125
5 0 0 0 0
