1 0.394287109375 0.4140625 0.00537109375 0.009765625
4 0.404296875 0.41064453125 0.0078125 0.0146484375
3 0.36865234375 0.4404296875 0.0166015625 0.060546875
1 0.68359375 0.42822265625 0.01171875 0.0654296875
1 0.696044921875 0.4296875 0.01220703125 0.060546875
1 0.72607421875 0.43408203125 0.0244140625 0.1337890625
1 0.761962890625 0.427734375 0.02880859375 0.1484375
1 0.793212890625 0.42236328125 0.02490234375 0.1513671875
2 0.56591796875 0.4287109375 0.013671875 0.06640625
0 0.897216796875 0.27490234375 0.00732421875 0.0185546875
0 0.42041015625 0.265625 0.0107421875 0.0703125
0 0.34130859375 0.42578125 0.0107421875 0.017578125
0 0.381103515625 0.42626953125 0.00732421875 0.0185546875
0 0.414306640625 0.41357421875 0.00439453125 0.0068359375
0 0.431884765625 0.419921875 0.00244140625 0.005859375
0 0.449462890625 0.416015625 0.00341796875 0.0078125
0 0.523193359375 0.39208984375 0.00732421875 0.0146484375
0 0.07763671875 0.4287109375 0.017578125 0.041015625
