1 0.580322265625 0.4326171875 0.00537109375 0.037109375
1 0.57470703125 0.4326171875 0.0078125 0.037109375
1 0.58642578125 0.43310546875 0.005859375 0.0341796875
1 0.626708984375 0.4326171875 0.00634765625 0.046875
1 0.611083984375 0.466796875 0.04345703125 0.23828125
1 0.442138671875 0.4345703125 0.00634765625 0.03125
1 0.427978515625 0.43896484375 0.00634765625 0.0322265625
1 0.3984375 0.44384765625 0.005859375 0.0283203125
1 0.404296875 0.43701171875 0.0078125 0.0400390625
1 0.465087890625 0.43798828125 0.00830078125 0.0419921875
1 0.389404296875 0.4384765625 0.00732421875 0.037109375
1 0.378173828125 0.43896484375 0.00634765625 0.0400390625
1 0.31396484375 0.42822265625 0.0107421875 0.0146484375
1 0.301513671875 0.43505859375 0.01025390625 0.0263671875
1 0.220947265625 0.4501953125 0.01025390625 0.078125
2 0.72314453125 0.4736328125 0.0546875 0.265625
2 0.545654296875 0.4296875 0.00341796875 0.017578125
2 0.5546875 0.4306640625 0.0048828125 0.0234375
0 0.114013671875 0.29833984375 0.01025390625 0.0283203125
0 0.128173828125 0.44482421875 0.00634765625 0.0380859375
0 0.38037109375 0.38134765625 0.0029296875 0.0087890625
0 0.43212890625 0.39599609375 0.0029296875 0.0087890625
0 0.893310546875 0.3564453125 0.00634765625 0.0234375
0 0.87451171875 0.3525390625 0.0048828125 0.021484375
0 0.502685546875 0.43115234375 0.00244140625 0.0068359375
