1 0.1064453125 0.4287109375 0.0126953125 0.0859375
1 0.128662109375 0.4287109375 0.01513671875 0.09765625
1 0.114990234375 0.431640625 0.01806640625 0.087890625
1 0.1455078125 0.41650390625 0.0166015625 0.0615234375
1 0.163818359375 0.3974609375 0.01806640625 0.041015625
1 0.013427734375 0.44775390625 0.02001953125 0.1416015625
1 0.04443359375 0.4404296875 0.013671875 0.16796875
1 0.093994140625 0.3818359375 0.01416015625 0.068359375
1 0.08203125 0.42822265625 0.0244140625 0.1923828125
1 0.06103515625 0.42333984375 0.0302734375 0.2060546875
1 0.255615234375 0.41455078125 0.00732421875 0.0654296875
1 0.425048828125 0.44775390625 0.02099609375 0.1064453125
1 0.43310546875 0.45068359375 0.021484375 0.1064453125
1 0.953857421875 0.48291015625 0.01416015625 0.0712890625
1 0.975341796875 0.47265625 0.01318359375 0.0546875
1 0.93408203125 0.4892578125 0.0146484375 0.08984375
1 0.9072265625 0.47509765625 0.0244140625 0.1181640625
1 0.322998046875 0.4482421875 0.01904296875 0.09375
1 0.337890625 0.44140625 0.017578125 0.10546875
1 0.3544921875 0.44775390625 0.0244140625 0.1162109375
2 0.50927734375 0.43798828125 0.0166015625 0.0693359375
2 0.51416015625 0.4404296875 0.0224609375 0.109375
0 0.8408203125 0.4541015625 0.0087890625 0.017578125
