1 0.169189453125 0.466796875 0.00439453125 0.017578125
1 0.17578125 0.462890625 0.0048828125 0.021484375
1 0.608154296875 0.4365234375 0.01513671875 0.08203125
1 0.59423828125 0.416015625 0.0185546875 0.0546875
1 0.289794921875 0.4755859375 0.02490234375 0.1328125
1 0.4404296875 0.46728515625 0.02734375 0.1337890625
1 0.524658203125 0.458984375 0.02783203125 0.14453125
2 0.7119140625 0.40966796875 0.0205078125 0.0615234375
2 0.896484375 0.416015625 0.017578125 0.087890625
2 0.0810546875 0.482421875 0.0087890625 0.037109375
0 0.96142578125 0.376953125 0.009765625 0.017578125
0 0.619873046875 0.40576171875 0.00537109375 0.0458984375
0 0.151611328125 0.46875 0.00537109375 0.0234375
0 0.777099609375 0.41357421875 0.00830078125 0.0146484375
