1 0.580078125 0.423828125 0.005859375 0.041015625
1 0.5888671875 0.4267578125 0.005859375 0.03515625
1 0.599365234375 0.423828125 0.00830078125 0.037109375
1 0.615478515625 0.4228515625 0.01220703125 0.064453125
1 0.627685546875 0.423828125 0.00439453125 0.05859375
3 0.7255859375 0.4306640625 0.017578125 0.0390625
3 0.74853515625 0.4248046875 0.0107421875 0.02734375
3 0.75244140625 0.42919921875 0.01171875 0.0244140625
3 0.7373046875 0.4296875 0.0185546875 0.025390625
1 0.833251953125 0.45361328125 0.02978515625 0.2255859375
1 0.347900390625 0.42578125 0.00732421875 0.025390625
1 0.127197265625 0.4306640625 0.01318359375 0.048828125
1 0.11083984375 0.42431640625 0.0146484375 0.0302734375
1 0.081298828125 0.42724609375 0.01123046875 0.0263671875
1 0.338623046875 0.44287109375 0.00830078125 0.0576171875
1 0.30419921875 0.427734375 0.01171875 0.029296875
2 0.563232421875 0.4365234375 0.01318359375 0.064453125
0 0.901611328125 0.416015625 0.00634765625 0.052734375
0 0.70361328125 0.4091796875 0.00390625 0.009765625
0 0.44140625 0.41650390625 0.00390625 0.0068359375
0 0.435546875 0.41650390625 0.005859375 0.0146484375
0 0.42236328125 0.4248046875 0.0185546875 0.009765625
0 0.513427734375 0.396484375 0.00537109375 0.01171875
0 0.44384765625 0.3232421875 0.0078125 0.041015625
0 0.01904296875 0.43115234375 0.0068359375 0.0166015625
0 0.003173828125 0.4345703125 0.00439453125 0.01953125
0 0.025634765625 0.41259765625 0.00830078125 0.0302734375
0 0.463623046875 0.421875 0.00341796875 0.009765625
