1 0.3623046875 0.47998046875 0.0048828125 0.0166015625
1 0.36865234375 0.48095703125 0.005859375 0.0185546875
1 0.37353515625 0.48388671875 0.00390625 0.0087890625
1 0.37890625 0.478515625 0.0068359375 0.021484375
1 0.387939453125 0.48095703125 0.00537109375 0.0185546875
1 0.39404296875 0.4814453125 0.005859375 0.01953125
1 0.400146484375 0.482421875 0.00537109375 0.01953125
1 0.411865234375 0.4853515625 0.00439453125 0.017578125
1 0.432861328125 0.484375 0.00341796875 0.017578125
1 0.45166015625 0.484375 0.005859375 0.015625
1 0.465087890625 0.48388671875 0.00537109375 0.0185546875
1 0.3525390625 0.47705078125 0.00390625 0.0224609375
1 0.333984375 0.47607421875 0.00390625 0.0244140625
1 0.38623046875 0.55810546875 0.0068359375 0.0205078125
1 0.3466796875 0.529296875 0.009765625 0.072265625
1 0.357421875 0.53466796875 0.0126953125 0.0693359375
4 0.322265625 0.48876953125 0.005859375 0.0341796875
1 0.30029296875 0.5087890625 0.0087890625 0.068359375
1 0.29345703125 0.5166015625 0.0107421875 0.091796875
1 0.284423828125 0.51953125 0.01416015625 0.087890625
1 0.27197265625 0.51416015625 0.0185546875 0.0927734375
1 0.3271484375 0.5263671875 0.0126953125 0.076171875
1 0.338623046875 0.52587890625 0.01611328125 0.0791015625
1 0.31689453125 0.51416015625 0.0146484375 0.0947265625
1 0.308349609375 0.51416015625 0.01708984375 0.0986328125
1 0.129638671875 0.4619140625 0.02880859375 0.21875
1 0.12744140625 0.48876953125 0.015625 0.1982421875
1 0.10888671875 0.4794921875 0.0556640625 0.27734375
1 0.058837890625 0.4482421875 0.04931640625 0.251953125
1 0.020751953125 0.4755859375 0.03466796875 0.28125
1 0.470703125 0.54443359375 0.0078125 0.0498046875
1 0.476318359375 0.54052734375 0.00634765625 0.0556640625
1 0.463134765625 0.5400390625 0.01220703125 0.060546875
1 0.443603515625 0.52197265625 0.02001953125 0.0966796875
1 0.484130859375 0.53466796875 0.01123046875 0.0634765625
1 0.49365234375 0.5322265625 0.01171875 0.064453125
1 0.482421875 0.53173828125 0.009765625 0.0751953125
1 0.5107421875 0.52490234375 0.017578125 0.0849609375
1 0.513916015625 0.52392578125 0.01123046875 0.0888671875
1 0.5498046875 0.51806640625 0.0078125 0.1005859375
1 0.5400390625 0.4990234375 0.0166015625 0.14453125
1 0.528076171875 0.50244140625 0.02587890625 0.1435546875
1 0.587890625 0.494140625 0.0263671875 0.15625
1 0.85498046875 0.50048828125 0.0361328125 0.2236328125
3 0.885498046875 0.53759765625 0.05419921875 0.1650390625
1 0.7177734375 0.498046875 0.0693359375 0.35546875
0 0.190673828125 0.44970703125 0.03076171875 0.0205078125
