1 0.93408203125 0.40673828125 0.0263671875 0.0791015625
4 0.01025390625 0.546875 0.0146484375 0.359375
1 0.07421875 0.50146484375 0.080078125 0.3896484375
1 0.05615234375 0.54833984375 0.087890625 0.5048828125
1 0.18994140625 0.51513671875 0.052734375 0.2841796875
1 0.626220703125 0.41455078125 0.00341796875 0.0107421875
1 0.619140625 0.423828125 0.0107421875 0.041015625
1 0.605224609375 0.4345703125 0.01123046875 0.0703125
1 0.593017578125 0.447265625 0.01904296875 0.1015625
1 0.51171875 0.4560546875 0.0244140625 0.119140625
1 0.56103515625 0.44775390625 0.01953125 0.0966796875
4 0.774658203125 0.427734375 0.00634765625 0.03125
0 0.795166015625 0.4072265625 0.00439453125 0.01171875
0 0.7822265625 0.41259765625 0.0078125 0.0224609375
0 0.76171875 0.42431640625 0.0068359375 0.0166015625
0 0.735595703125 0.423828125 0.00634765625 0.0234375
0 0.39111328125 0.38427734375 0.017578125 0.0556640625
0 0.4296875 0.38720703125 0.0205078125 0.0263671875
0 0.407958984375 0.41162109375 0.00830078125 0.0205078125
0 0.33984375 0.41455078125 0.0087890625 0.0283203125
0 0.312744140625 0.412109375 0.01318359375 0.02734375
0 0.291748046875 0.40869140625 0.01220703125 0.0283203125
0 0.2685546875 0.41162109375 0.0185546875 0.0302734375
0 0.237060546875 0.404296875 0.01513671875 0.03125
0 0.314697265625 0.39111328125 0.01025390625 0.0205078125
0 0.639404296875 0.404296875 0.00537109375 0.009765625
