1 0.53125 0.43798828125 0.015625 0.0751953125
1 0.563720703125 0.44677734375 0.01220703125 0.0712890625
1 0.5517578125 0.4453125 0.015625 0.07421875
1 0.575927734375 0.44140625 0.01611328125 0.076171875
1 0.49609375 0.4404296875 0.01171875 0.056640625
1 0.50439453125 0.435546875 0.013671875 0.068359375
1 0.444580078125 0.44921875 0.02197265625 0.11328125
1 0.423828125 0.4423828125 0.0263671875 0.12890625
1 0.39599609375 0.44677734375 0.025390625 0.1220703125
1 0.331298828125 0.4697265625 0.04345703125 0.25390625
1 0.248046875 0.4609375 0.056640625 0.27734375
1 0.88232421875 0.41845703125 0.021484375 0.0791015625
1 0.59912109375 0.42041015625 0.0107421875 0.0166015625
1 0.602294921875 0.44873046875 0.00537109375 0.0439453125
1 0.59619140625 0.45068359375 0.0107421875 0.0537109375
1 0.610107421875 0.43603515625 0.01318359375 0.0615234375
0 0.96044921875 0.29443359375 0.037109375 0.0673828125
